9	0.45703125	0.050520833	0.628472222	0.101041667
9	0.200737847	0.249131944	0.364149306	0.498263889
9	0.953125	0.521875	0.076388889	0.229861111
9	0.654296875	0.042361111	0.193142361	0.084722222
9	0.914930556	0.424305556	0.013020833	0.015277778
9	0.232855903	0.057986111	0.166232639	0.103472222
9	0.016927083	0.544444444	0.025173611	0.082638889
9	0.05078125	0.782465278	0.0390625	0.123263889
9	0.712239583	0.2578125	0.3984375	0.514930556
11	0.271267361	0.116666667	0.135416667	0.022916667
11	0.601128472	0.099479167	0.174479167	0.028125
7	0.601128472	0.099479167	0.174479167	0.028125
7	0.478298611	0.340277778	0.809027778	0.348611111
