7	0.3772954924874791	0.9720506987325317	0.15225375626043405	0.9720506987325317
7	1.5769616026711186	1.203769905752356	0.10717863105175292	1.203769905752356
0	1.1191986644407346	0.6132596685082873	0.1001669449081803	0.6132596685082873
11	0.6504173622704508	0.257393565160871	0.10283806343906511	0.257393565160871
11	1.4093489148580969	0.3097172570685733	0.07445742904841403	0.3097172570685733
7	0.3772954924874791	0.9720506987325317	0.15225375626043405	0.9720506987325317
7	1.5769616026711186	1.203769905752356	0.10717863105175292	1.203769905752356
0	1.1191986644407346	0.6132596685082873	0.1001669449081803	0.6132596685082873
11	0.6504173622704508	0.257393565160871	0.10283806343906511	0.257393565160871
11	1.4093489148580969	0.3097172570685733	0.07445742904841403	0.3097172570685733
7	0.18864774624373956	0.48602534936626585	0.15225375626043405	0.3233669158271043
7	0.7884808013355593	0.601884952876178	0.10717863105175292	0.10334741631459214
0	0.5595993322203673	0.30662983425414364	0.1001669449081803	0.11342216444588886
11	0.3252086811352254	0.1286967825804355	0.10283806343906511	0.03964900877478063
11	0.7046744574290484	0.15485862853428664	0.07445742904841403	0.052973675658108545
3	0.5651085141903172	0.6002599935001625	0.4003338898163606	0.12804679883002926
7	0.18864774624373956	0.48602534936626585	0.15225375626043405	0.3233669158271043
0	0.5595993322203673	0.30662983425414364	0.1001669449081803	0.11342216444588886
11	0.3252086811352254	0.1286967825804355	0.10283806343906511	0.03964900877478063
10	0.8191986644407345	0.6394215144621385	0.06978297161936561	0.14397140071498213
