11	1.4947916666666667	1.151736111111111	0.08506944444444445	1.151736111111111
11	1.6575520833333333	1.2440972222222222	0.022135416666666668	1.2440972222222222
0	1.1102430555555556	0.5822916666666667	0.10677083333333333	0.5822916666666667
11	1.4947916666666667	1.151736111111111	0.08506944444444445	1.151736111111111
11	1.6575520833333333	1.2440972222222222	0.022135416666666668	1.2440972222222222
0	1.1102430555555556	0.5822916666666667	0.10677083333333333	0.5822916666666667
11	0.7473958333333334	0.5758680555555555	0.08506944444444445	0.04756944444444444
11	0.8287760416666666	0.6220486111111111	0.022135416666666668	0.05381944444444445
0	0.5551215277777778	0.2911458333333333	0.10677083333333333	0.08993055555555556
11	0.7473958333333334	0.5758680555555555	0.08506944444444445	0.04756944444444444
0	0.5551215277777778	0.2911458333333333	0.10677083333333333	0.08993055555555556
10	0.8287760416666666	0.6220486111111111	0.022135416666666668	0.05381944444444445
9	0.7224392361111112	0.5685763888888888	0.1332465277777778	0.03993055555555555
13	0.2680121527777778	0.4736111111111111	0.04904513888888889	0.015277777777777777
