13	0.4947916666666667	1.4104817708333333	0.041666666666666664	1.4104817708333333
0	1.248046875	0.7177734375	0.11263020833333333	0.7177734375
12	1.4895833333333333	0.9124348958333334	0.318359375	0.9124348958333334
12	1.7294921875	1.2347005208333333	0.15006510416666666	1.2347005208333333
12	0.7822265625	0.49609375	0.2353515625	0.49609375
13	0.4947916666666667	1.4104817708333333	0.041666666666666664	1.4104817708333333
0	1.248046875	0.7177734375	0.11263020833333333	0.7177734375
12	1.4895833333333333	0.9124348958333334	0.318359375	0.9124348958333334
12	1.7294921875	1.2347005208333333	0.15006510416666666	1.2347005208333333
12	0.7822265625	0.49609375	0.2353515625	0.49609375
13	0.24739583333333334	0.7052408854166666	0.041666666666666664	0.1279296875
0	0.6240234375	0.35888671875	0.11263020833333333	0.1650390625
12	0.7447916666666666	0.4562174479166667	0.318359375	0.6637369791666666
12	0.86474609375	0.6173502604166666	0.15006510416666666	0.4059244791666667
12	0.39111328125	0.248046875	0.2353515625	0.2526041666666667
13	0.24739583333333334	0.7052408854166666	0.041666666666666664	0.1279296875
0	0.6240234375	0.35888671875	0.11263020833333333	0.1650390625
12	0.7447916666666666	0.4562174479166667	0.318359375	0.6637369791666666
11	0.24739583333333334	0.7052408854166666	0.041666666666666664	0.1279296875
7	0.7249348958333334	0.5750325520833334	0.138671875	0.3180338541666667
