6	0.6049246600514516	1.201695941853422	0.23741271591326718	1.201695941853422
6	1.4009555310547592	1.255602665051484	0.1396545387725101	1.255602665051484
9	0.19367879456082324	1.077831617201696	0.08122013965453877	1.077831617201696
6	0.6049246600514516	1.201695941853422	0.23741271591326718	1.201695941853422
6	1.4009555310547592	1.255602665051484	0.1396545387725101	1.255602665051484
9	0.19367879456082324	1.077831617201696	0.08122013965453877	1.077831617201696
6	0.3024623300257258	0.600847970926711	0.23741271591326718	0.24591156874621442
6	0.7004777655273796	0.627801332525742	0.1396545387725101	0.2059357964869776
9	0.09683939728041162	0.538915808600848	0.08122013965453877	0.05844942459115687
0	0.5689084895259096	0.3455481526347668	0.11686879823594266	0.10478497880072683
6	0.3024623300257258	0.600847970926711	0.23741271591326718	0.24591156874621442
9	0.09683939728041162	0.538915808600848	0.08122013965453877	0.05844942459115687
11	0.10235207644248438	0.7986069049061175	0.05328923190003675	0.09993943064809206
10	0.10235207644248438	0.7986069049061175	0.05328923190003675	0.09993943064809206
