7	0.5099826388888888	1.1899305555555555	0.2322048611111111	1.1899305555555555
3	1.1271701388888888	1.3121527777777777	0.4214409722222222	1.3121527777777777
0	1.1119791666666667	0.7555555555555555	0.125	0.7555555555555555
7	0.5099826388888888	1.1899305555555555	0.2322048611111111	1.1899305555555555
3	1.1271701388888888	1.3121527777777777	0.4214409722222222	1.3121527777777777
0	1.1119791666666667	0.7555555555555555	0.125	0.7555555555555555
3	0.5635850694444444	0.6560763888888889	0.4214409722222222	0.09756944444444444
0	0.5559895833333334	0.37777777777777777	0.125	0.10347222222222222
7	0.2549913194444444	0.5949652777777777	0.2322048611111111	0.17118055555555556
7	0.2549913194444444	0.5949652777777777	0.2322048611111111	0.17118055555555556
3	0.5635850694444444	0.6560763888888889	0.4214409722222222	0.09756944444444444
0	0.5559895833333334	0.37777777777777777	0.125	0.10347222222222222
9	0.2560763888888889	0.5907986111111111	0.2309027777777778	0.16631944444444444
