10	1.294578313253012	1.3434998093785742	0.26626506024096386	1.3434998093785742
10	0.5322289156626506	1.3011818528402592	0.1713855421686747	1.3011818528402592
7	0.6707831325301205	1.20548989706443	0.18463855421686748	1.20548989706443
7	1.3804216867469878	1.188333968738086	0.10271084337349398	1.188333968738086
10	1.294578313253012	1.3434998093785742	0.26626506024096386	1.3434998093785742
10	0.5322289156626506	1.3011818528402592	0.1713855421686747	1.3011818528402592
7	0.6707831325301205	1.20548989706443	0.18463855421686748	1.20548989706443
7	1.3804216867469878	1.188333968738086	0.10271084337349398	1.188333968738086
10	0.647289156626506	0.6717499046892871	0.26626506024096386	0.24780785360274496
10	0.2661144578313253	0.6505909264201296	0.1713855421686747	0.22073961113229126
7	0.3353915662650602	0.602744948532215	0.18463855421686748	0.14487228364468166
7	0.6902108433734939	0.594166984369043	0.10271084337349398	0.11246664125047655
10	0.647289156626506	0.6717499046892871	0.26626506024096386	0.24780785360274496
13	0.31716867469879517	0.550324056423942	0.14036144578313253	0.024018299656881435
7	0.3353915662650602	0.602744948532215	0.18463855421686748	0.14487228364468166
