3	0.9848090277777778	1.0833333333333333	0.3719618055555556	1.0833333333333333
11	0.5750868055555556	0.33958333333333335	0.09505208333333333	0.33958333333333335
11	1.2256944444444444	0.3295138888888889	0.09288194444444445	0.3295138888888889
0	1.0303819444444444	0.6770833333333334	0.1501736111111111	0.6770833333333334
3	0.9848090277777778	1.0833333333333333	0.3719618055555556	1.0833333333333333
11	0.5750868055555556	0.33958333333333335	0.09505208333333333	0.33958333333333335
11	1.2256944444444444	0.3295138888888889	0.09288194444444445	0.3295138888888889
0	1.0303819444444444	0.6770833333333334	0.1501736111111111	0.6770833333333334
3	0.4924045138888889	0.5416666666666666	0.3719618055555556	0.12222222222222222
11	0.2875434027777778	0.16979166666666667	0.09505208333333333	0.05625
11	0.6128472222222222	0.16475694444444444	0.09288194444444445	0.030208333333333334
0	0.5151909722222222	0.3385416666666667	0.1501736111111111	0.13402777777777777
3	0.4924045138888889	0.5416666666666666	0.3719618055555556	0.12222222222222222
11	0.2875434027777778	0.16979166666666667	0.09505208333333333	0.05625
0	0.5151909722222222	0.3385416666666667	0.1501736111111111	0.13402777777777777
