13	1.390625	0.5384114583333334	0.095703125	0.5384114583333334
13	0.4947916666666667	0.900390625	0.048828125	0.900390625
13	0.4847005208333333	0.9166666666666666	0.060221354166666664	0.9166666666666666
13	1.390625	0.5384114583333334	0.095703125	0.5384114583333334
13	0.4947916666666667	0.900390625	0.048828125	0.900390625
13	0.4847005208333333	0.9166666666666666	0.060221354166666664	0.9166666666666666
13	0.6953125	0.2692057291666667	0.095703125	0.046875
13	0.24739583333333334	0.4501953125	0.048828125	0.076171875
13	0.24235026041666666	0.4583333333333333	0.060221354166666664	0.014973958333333334
13	0.6953125	0.2692057291666667	0.095703125	0.046875
