9	0.3498441288534811	1.7578524470416361	0.05403533079321095	1.7578524470416361
9	0.5500519570488396	0.6855368882395909	0.10737790093522688	0.6855368882395909
12	0.5555940422583997	0.7322863403944485	0.3214409421544856	0.7322863403944485
9	0.3498441288534811	1.7578524470416361	0.05403533079321095	1.7578524470416361
9	0.5500519570488396	0.6855368882395909	0.10737790093522688	0.6855368882395909
12	0.5555940422583997	0.7322863403944485	0.3214409421544856	0.7322863403944485
12	0.27779702112919985	0.36614317019722425	0.3214409421544856	0.49634769905040177
9	0.17492206442674055	0.8789262235208181	0.05403533079321095	0.17348429510591673
9	0.2750259785244198	0.34276844411979546	0.10737790093522688	0.11358655953250547
11	0.5654658815379286	0.13531775018261505	0.07170072739868376	0.026661796932067203
9	0.17492206442674055	0.8789262235208181	0.05403533079321095	0.17348429510591673
13	0.2684447523380672	0.34569028487947406	0.10045029442327676	0.10774287801314829
12	0.27779702112919985	0.36614317019722425	0.3214409421544856	0.49634769905040177
4	0.2661932802216834	0.34349890430971514	0.10772428126082438	0.09240321402483564
7	0.2750259785244198	0.34276844411979546	0.10737790093522688	0.11358655953250547
