9	0.5108695652173914	0.9847470238095238	0.453804347826087	0.9847470238095238
9	0.19701086956521738	1.0319940476190477	0.19701086956521738	1.0319940476190477
9	1.5679347826086956	0.9787946428571429	0.4048913043478261	0.9787946428571429
9	1.8455615942028984	1.0539434523809523	0.15353260869565216	1.0539434523809523
3	1.1888586956521738	1.1997767857142858	0.42436594202898553	1.1997767857142858
4	0.5172101449275363	1.0267857142857142	0.17391304347826086	1.0267857142857142
4	1.528532608695652	0.8184523809523809	0.2151268115942029	0.8184523809523809
4	0.45063405797101447	0.8311011904761905	0.11730072463768115	0.8311011904761905
7	1.440217391304348	0.9799107142857143	0.35054347826086957	0.9799107142857143
7	0.45063405797101447	0.8311011904761905	0.11730072463768115	0.8311011904761905
7	0.5855978260869565	0.9787946428571429	0.27853260869565216	0.9787946428571429
7	0.4913949275362319	1.1808035714285714	0.16893115942028986	1.1808035714285714
9	0.5108695652173914	0.9847470238095238	0.453804347826087	0.9847470238095238
9	0.19701086956521738	1.0319940476190477	0.19701086956521738	1.0319940476190477
9	1.5679347826086956	0.9787946428571429	0.4048913043478261	0.9787946428571429
9	1.8455615942028984	1.0539434523809523	0.15353260869565216	1.0539434523809523
3	1.1888586956521738	1.1997767857142858	0.42436594202898553	1.1997767857142858
4	0.5172101449275363	1.0267857142857142	0.17391304347826086	1.0267857142857142
4	1.528532608695652	0.8184523809523809	0.2151268115942029	0.8184523809523809
4	0.45063405797101447	0.8311011904761905	0.11730072463768115	0.8311011904761905
7	1.440217391304348	0.9799107142857143	0.35054347826086957	0.9799107142857143
7	0.45063405797101447	0.8311011904761905	0.11730072463768115	0.8311011904761905
7	0.5855978260869565	0.9787946428571429	0.27853260869565216	0.9787946428571429
7	0.4913949275362319	1.1808035714285714	0.16893115942028986	1.1808035714285714
9	0.2554347826086957	0.4923735119047619	0.453804347826087	0.6201636904761905
9	0.09850543478260869	0.5159970238095238	0.19701086956521738	0.5141369047619048
9	0.7839673913043478	0.48939732142857145	0.4048913043478261	0.5963541666666666
9	0.9227807971014492	0.5269717261904762	0.15353260869565216	0.5405505952380952
3	0.5944293478260869	0.5998883928571429	0.42436594202898553	0.11272321428571429
4	0.2586050724637681	0.5133928571428571	0.17391304347826086	0.2976190476190476
4	0.764266304347826	0.40922619047619047	0.2151268115942029	0.328125
4	0.22531702898550723	0.41555059523809523	0.11730072463768115	0.12723214285714285
7	0.720108695652174	0.48995535714285715	0.35054347826086957	0.5223214285714286
7	0.22531702898550723	0.41555059523809523	0.11730072463768115	0.12723214285714285
7	0.29279891304347827	0.48939732142857145	0.27853260869565216	0.4884672619047619
7	0.24569746376811594	0.5904017857142857	0.16893115942028986	0.14434523809523808
9	0.2554347826086957	0.4923735119047619	0.453804347826087	0.6201636904761905
3	0.5944293478260869	0.5998883928571429	0.42436594202898553	0.11272321428571429
4	0.2586050724637681	0.5133928571428571	0.17391304347826086	0.2976190476190476
7	0.720108695652174	0.48995535714285715	0.35054347826086957	0.5223214285714286
12	0.15942028985507245	0.6478794642857143	0.035326086956521736	0.11644345238095238
