13	1.20703125	0.23715277777777777	0.10980902777777778	0.23715277777777777
13	0.5464409722222222	0.3059027777777778	0.17317708333333334	0.3059027777777778
11	0.5477430555555556	0.17743055555555556	0.10590277777777778	0.17743055555555556
11	1.2964409722222223	0.19409722222222223	0.11414930555555555	0.19409722222222223
13	1.20703125	0.23715277777777777	0.10980902777777778	0.23715277777777777
13	0.5464409722222222	0.3059027777777778	0.17317708333333334	0.3059027777777778
11	0.5477430555555556	0.17743055555555556	0.10590277777777778	0.17743055555555556
11	1.2964409722222223	0.19409722222222223	0.11414930555555555	0.19409722222222223
13	0.603515625	0.11857638888888888	0.10980902777777778	0.0954861111111111
13	0.2732204861111111	0.1529513888888889	0.17317708333333334	0.13368055555555555
11	0.2738715277777778	0.08871527777777778	0.10590277777777778	0.01840277777777778
11	0.6482204861111112	0.09704861111111111	0.11414930555555555	0.05590277777777778
13	0.603515625	0.11857638888888888	0.10980902777777778	0.0954861111111111
11	0.2738715277777778	0.08871527777777778	0.10590277777777778	0.01840277777777778
