11	0.21354166666666666	1.565625	0.030381944444444444	1.565625
11	1.5108506944444444	0.4111111111111111	0.10112847222222222	0.4111111111111111
0	1.2699652777777777	0.7677083333333333	0.15364583333333334	0.7677083333333333
13	0.3901909722222222	1.3659722222222221	0.12109375	1.3659722222222221
13	1.5512152777777777	1.4649305555555556	0.022569444444444444	1.4649305555555556
11	0.21354166666666666	1.565625	0.030381944444444444	1.565625
11	1.5108506944444444	0.4111111111111111	0.10112847222222222	0.4111111111111111
0	1.2699652777777777	0.7677083333333333	0.15364583333333334	0.7677083333333333
13	0.3901909722222222	1.3659722222222221	0.12109375	1.3659722222222221
13	1.5512152777777777	1.4649305555555556	0.022569444444444444	1.4649305555555556
11	0.10677083333333333	0.7828125	0.030381944444444444	0.050347222222222224
11	0.7554253472222222	0.20555555555555555	0.10112847222222222	0.018055555555555554
0	0.6349826388888888	0.38385416666666666	0.15364583333333334	0.16770833333333332
13	0.1950954861111111	0.6829861111111111	0.12109375	0.05416666666666667
13	0.7756076388888888	0.7324652777777778	0.022569444444444444	0.050347222222222224
11	0.10677083333333333	0.7828125	0.030381944444444444	0.050347222222222224
0	0.6349826388888888	0.38385416666666666	0.15364583333333334	0.16770833333333332
6	0.1875	0.6892361111111112	0.0798611111111111	0.05694444444444444
13	0.1950954861111111	0.6829861111111111	0.12109375	0.05416666666666667
2	0.7762586805555556	0.7289930555555556	0.01953125	0.05590277777777778
