6	1.34814453125	1.158	0.23095703125	1.158
6	1.50048828125	1.2192	0.07470703125	1.2192
13	1.50048828125	1.2192	0.07470703125	1.2192
13	0.33349609375	0.5896	0.05322265625	0.5896
6	1.34814453125	1.158	0.23095703125	1.158
6	1.50048828125	1.2192	0.07470703125	1.2192
13	1.50048828125	1.2192	0.07470703125	1.2192
13	0.33349609375	0.5896	0.05322265625	0.5896
6	0.674072265625	0.579	0.23095703125	0.1548
6	0.750244140625	0.6096	0.07470703125	0.1192
13	0.750244140625	0.6096	0.07470703125	0.1192
13	0.166748046875	0.2948	0.05322265625	0.0328
6	0.674072265625	0.579	0.23095703125	0.1548
13	0.750244140625	0.6096	0.07470703125	0.1192
7	0.674072265625	0.579	0.23095703125	0.1548
9	0.750244140625	0.6096	0.07470703125	0.1192
11	0.77783203125	0.6918	0.0517578125	0.0636
5	0.656982421875	0.535	0.22314453125	0.218
10	0.77783203125	0.6918	0.0517578125	0.0636
