10	1.6733958183129056	1.442655274400263	0.1802451333813987	1.442655274400263
10	0.1651045421773612	1.5701610253039764	0.03604902667627974	1.5701610253039764
11	1.338139870223504	0.2500821557673349	0.13987022350396539	0.2500821557673349
11	1.6791636625811104	1.4091357213276372	0.1773612112472963	1.4091357213276372
11	0.1651045421773612	1.5701610253039764	0.03604902667627974	1.5701610253039764
10	1.6733958183129056	1.442655274400263	0.1802451333813987	1.442655274400263
10	0.1651045421773612	1.5701610253039764	0.03604902667627974	1.5701610253039764
11	1.338139870223504	0.2500821557673349	0.13987022350396539	0.2500821557673349
11	1.6791636625811104	1.4091357213276372	0.1773612112472963	1.4091357213276372
11	0.1651045421773612	1.5701610253039764	0.03604902667627974	1.5701610253039764
10	0.8366979091564528	0.7213276372001315	0.1802451333813987	0.2727571475517581
10	0.0825522710886806	0.7850805126519882	0.03604902667627974	0.0690108445612882
11	0.669069935111752	0.12504107788366745	0.13987022350396539	0.02924745317121262
11	0.8395818312905552	0.7045678606638186	0.1773612112472963	0.2576404863621426
11	0.0825522710886806	0.7850805126519882	0.03604902667627974	0.0690108445612882
10	0.8366979091564528	0.7213276372001315	0.1802451333813987	0.2727571475517581
11	0.669069935111752	0.12504107788366745	0.13987022350396539	0.02924745317121262
5	0.30713770728190337	0.6250410778836675	0.18673395818312905	0.20046007229707524
6	0.30713770728190337	0.6250410778836675	0.18673395818312905	0.20046007229707524
7	0.839041095890411	0.6929017417022675	0.11211247296322999	0.14952349654945776
