0	1.1728155339805826	0.67184740374426	0.12737864077669903	0.67184740374426
11	1.3184466019417476	0.30483927940657013	0.16271844660194174	0.30483927940657013
11	0.7429126213592233	0.29706817379018013	0.12	0.29706817379018013
0	1.1728155339805826	0.67184740374426	0.12737864077669903	0.67184740374426
11	1.3184466019417476	0.30483927940657013	0.16271844660194174	0.30483927940657013
11	0.7429126213592233	0.29706817379018013	0.12	0.29706817379018013
0	0.5864077669902913	0.33592370187213	0.12737864077669903	0.12221829742140586
11	0.6592233009708738	0.15241963970328506	0.16271844660194174	0.03002472624514306
11	0.37145631067961166	0.14853408689509007	0.12	0.035676439420699396
0	0.5864077669902913	0.33592370187213	0.12737864077669903	0.12221829742140586
11	0.6592233009708738	0.15241963970328506	0.16271844660194174	0.03002472624514306
9	0.8097087378640777	0.2928293889085129	0.019417475728155338	0.0381490639350053
