11	0.7412935323383084	0.27911416571210385	0.13738997321086874	0.27911416571210385
11	1.2365097588978187	0.33753340969835816	0.1289705319556066	0.33753340969835816
0	1.1848450057405282	0.7147766323024055	0.1079219288174512	0.7147766323024055
13	1.2544967470340604	0.4471172203130966	0.06582472254114045	0.4471172203130966
13	0.7650210486031381	0.4173348606338297	0.060849598163030996	0.4173348606338297
11	0.7412935323383084	0.27911416571210385	0.13738997321086874	0.27911416571210385
11	1.2365097588978187	0.33753340969835816	0.1289705319556066	0.33753340969835816
0	1.1848450057405282	0.7147766323024055	0.1079219288174512	0.7147766323024055
13	1.2544967470340604	0.4471172203130966	0.06582472254114045	0.4471172203130966
13	0.7650210486031381	0.4173348606338297	0.060849598163030996	0.4173348606338297
11	0.3706467661691542	0.13955708285605192	0.13738997321086874	0.049255441008018326
11	0.6182548794489093	0.16876670484917908	0.1289705319556066	0.060328369606720125
0	0.5924225028702641	0.35738831615120276	0.1079219288174512	0.16036655211912945
13	0.6272483735170302	0.2235586101565483	0.06582472254114045	0.10118365788468882
13	0.38251052430156907	0.20866743031691484	0.060849598163030996	0.09736540664375716
11	0.3706467661691542	0.13955708285605192	0.13738997321086874	0.049255441008018326
0	0.5924225028702641	0.35738831615120276	0.1079219288174512	0.16036655211912945
13	0.6272483735170302	0.2235586101565483	0.06582472254114045	0.10118365788468882
1	0.6209337925755836	0.2092401680030546	0.12437810945273632	0.14585719740358916
7	0.6209337925755836	0.2092401680030546	0.12437810945273632	0.14585719740358916
