0	0.566535433	0.216145833	0.07480315	0.048828125
6	0.284055118	0.328938802	0.191732283	0.434570313
6	0.725590551	0.369954427	0.25984252	0.293945313
11	0.643307087	0.096842448	0.096850394	0.032226563
11	0.182480315	0.594726563	0.057874016	0.031901042
11	0.386023622	0.095703125	0.117716535	0.024088542
5	0.284055118	0.328938802	0.191732283	0.434570313
5	0.766929134	0.365071615	0.196850394	0.340820313
13	0.318110236	0.398925781	0.231496063	0.286783854
13	0.766929134	0.365071615	0.196850394	0.340820313
10	0.185629921	0.590983073	0.046850394	0.047200521
3	0.594488189	0.492675781	0.400787402	0.125325521
9	0.766929134	0.365071615	0.196850394	0.340820313
9	0.318110236	0.398925781	0.231496063	0.286783854
