0	1.0698784722222223	0.6451388888888889	0.12803819444444445	0.6451388888888889
4	0.6493055555555556	0.5225694444444444	0.22916666666666666	0.5225694444444444
1	0.6493055555555556	0.5225694444444444	0.22916666666666666	0.5225694444444444
0	1.0698784722222223	0.6451388888888889	0.12803819444444445	0.6451388888888889
4	0.6493055555555556	0.5225694444444444	0.22916666666666666	0.5225694444444444
1	0.6493055555555556	0.5225694444444444	0.22916666666666666	0.5225694444444444
0	0.5349392361111112	0.32256944444444446	0.12803819444444445	0.1326388888888889
4	0.3246527777777778	0.2612847222222222	0.22916666666666666	0.2482638888888889
1	0.3246527777777778	0.2612847222222222	0.22916666666666666	0.2482638888888889
0	0.5349392361111112	0.32256944444444446	0.12803819444444445	0.1326388888888889
4	0.3246527777777778	0.2612847222222222	0.22916666666666666	0.2482638888888889
1	0.3246527777777778	0.2612847222222222	0.22916666666666666	0.2482638888888889
7	0.3174913194444444	0.2520833333333333	0.20616319444444445	0.20833333333333334
