7	0.7762681159420289	0.71875	0.24728260869565216	0.71875
7	1.6290760869565217	1.248139880952381	0.18432971014492755	1.248139880952381
7	0.8292572463768116	1.1127232142857142	0.17527173913043478	1.1127232142857142
7	0.654891304347826	0.9925595238095238	0.26811594202898553	0.9925595238095238
6	0.7762681159420289	0.71875	0.24728260869565216	0.71875
6	1.6290760869565217	1.248139880952381	0.18432971014492755	1.248139880952381
5	0.5865036231884058	1.0970982142857142	0.416213768115942	1.0970982142857142
5	1.5978260869565217	1.2477678571428572	0.22010869565217392	1.2477678571428572
4	0.6494565217391305	1.0349702380952381	0.2807971014492754	1.0349702380952381
7	0.7762681159420289	0.71875	0.24728260869565216	0.71875
7	1.6290760869565217	1.248139880952381	0.18432971014492755	1.248139880952381
7	0.8292572463768116	1.1127232142857142	0.17527173913043478	1.1127232142857142
7	0.654891304347826	0.9925595238095238	0.26811594202898553	0.9925595238095238
6	0.7762681159420289	0.71875	0.24728260869565216	0.71875
6	1.6290760869565217	1.248139880952381	0.18432971014492755	1.248139880952381
5	0.5865036231884058	1.0970982142857142	0.416213768115942	1.0970982142857142
5	1.5978260869565217	1.2477678571428572	0.22010869565217392	1.2477678571428572
4	0.6494565217391305	1.0349702380952381	0.2807971014492754	1.0349702380952381
7	0.38813405797101447	0.359375	0.24728260869565216	0.18898809523809523
7	0.8145380434782609	0.6240699404761905	0.18432971014492755	0.5837053571428571
7	0.4146286231884058	0.5563616071428571	0.17527173913043478	0.19159226190476192
7	0.327445652173913	0.4962797619047619	0.26811594202898553	0.2544642857142857
6	0.38813405797101447	0.359375	0.24728260869565216	0.18898809523809523
6	0.8145380434782609	0.6240699404761905	0.18432971014492755	0.5837053571428571
5	0.2932518115942029	0.5485491071428571	0.416213768115942	0.5643601190476191
5	0.7989130434782609	0.6238839285714286	0.22010869565217392	0.6160714285714286
4	0.32472826086956524	0.5174851190476191	0.2807971014492754	0.23139880952380953
5	0.2932518115942029	0.5485491071428571	0.416213768115942	0.5643601190476191
4	0.32472826086956524	0.5174851190476191	0.2807971014492754	0.23139880952380953
11	0.384963768115942	0.30282738095238093	0.2536231884057971	0.10788690476190477
8	0.4146286231884058	0.5563616071428571	0.17527173913043478	0.19159226190476192
7	0.38813405797101447	0.359375	0.24728260869565216	0.18898809523809523
6	0.38813405797101447	0.359375	0.24728260869565216	0.18898809523809523
