3	1.2213148223764803	1.434897554527429	0.43487137607186604	1.434897554527429
9	0.4524295630869743	1.514540647719762	0.3274806043282973	1.514540647719762
11	1.3940383830134748	0.4507600793126239	0.15026541445487954	0.4507600793126239
11	0.8260514495712535	0.3965631196298744	0.11310739077174357	0.3965631196298744
3	1.2213148223764803	1.434897554527429	0.43487137607186604	1.434897554527429
9	0.4524295630869743	1.514540647719762	0.3274806043282973	1.514540647719762
11	1.3940383830134748	0.4507600793126239	0.15026541445487954	0.4507600793126239
11	0.8260514495712535	0.3965631196298744	0.11310739077174357	0.3965631196298744
3	0.6106574111882401	0.7174487772637145	0.43487137607186604	0.2075346992729676
9	0.22621478154348715	0.757270323859881	0.3274806043282973	0.23099801718440185
11	0.6970191915067374	0.22538003965631195	0.15026541445487954	0.0356906807666887
11	0.41302572478562677	0.1982815598149372	0.11310739077174357	0.021150033046926635
3	0.6106574111882401	0.7174487772637145	0.43487137607186604	0.2075346992729676
9	0.22621478154348715	0.757270323859881	0.3274806043282973	0.23099801718440185
11	0.6970191915067374	0.22538003965631195	0.15026541445487954	0.0356906807666887
0	0.6049407921600654	0.35261070720423	0.11147407104940792	0.09847984137475214
