10	0.5045572916666666	1.2692057291666667	0.12434895833333333	1.2692057291666667
10	0.5755208333333334	1.0944010416666667	0.19205729166666666	1.0944010416666667
11	0.4886067708333333	1.2197265625	0.13899739583333334	1.2197265625
11	0.7314453125	0.400390625	0.2373046875	0.400390625
7	0.6468098958333334	1.1448567708333333	0.19173177083333334	1.1448567708333333
1	0.7014973958333334	0.4674479166666667	0.20540364583333334	0.4674479166666667
10	0.5045572916666666	1.2692057291666667	0.12434895833333333	1.2692057291666667
10	0.5755208333333334	1.0944010416666667	0.19205729166666666	1.0944010416666667
11	0.4886067708333333	1.2197265625	0.13899739583333334	1.2197265625
11	0.7314453125	0.400390625	0.2373046875	0.400390625
7	0.6468098958333334	1.1448567708333333	0.19173177083333334	1.1448567708333333
1	0.7014973958333334	0.4674479166666667	0.20540364583333334	0.4674479166666667
10	0.2522786458333333	0.6346028645833334	0.12434895833333333	0.19368489583333334
10	0.2877604166666667	0.5472005208333334	0.19205729166666666	0.1796875
11	0.24430338541666666	0.60986328125	0.13899739583333334	0.09733072916666667
11	0.36572265625	0.2001953125	0.2373046875	0.13020833333333334
7	0.3234049479166667	0.5724283854166666	0.19173177083333334	0.13834635416666666
1	0.3507486979166667	0.23372395833333334	0.20540364583333334	0.20052083333333334
11	0.24430338541666666	0.60986328125	0.13899739583333334	0.09733072916666667
13	0.3240559895833333	0.4088541666666667	0.0966796875	0.3502604166666667
7	0.3234049479166667	0.5724283854166666	0.19173177083333334	0.13834635416666666
1	0.3507486979166667	0.23372395833333334	0.20540364583333334	0.20052083333333334
10	0.2522786458333333	0.6346028645833334	0.12434895833333333	0.19368489583333334
9	0.4619140625	0.2197265625	0.08984375	0.193359375
