12	0.44708347886831995	0.9506526583890481	0.17254628012574222	0.9506526583890481
5	1.511701012923507	1.2047118751989812	0.21865176388403773	1.2047118751989812
10	0.3276283618581907	1.475644699140401	0.04261264407963675	1.475644699140401
10	0.5235766678309466	1.5466411970709966	0.25602514844568636	1.5466411970709966
7	0.6510653161019909	1.0397962432346386	0.16206776108976598	1.0397962432346386
7	0.7443241355221796	0.5440942375039797	0.023402025847013622	0.5440942375039797
11	1.3307719175689836	0.41165234001910217	0.11945511701012923	0.41165234001910217
11	0.3276283618581907	1.475644699140401	0.04261264407963675	1.475644699140401
12	0.44708347886831995	0.9506526583890481	0.17254628012574222	0.9506526583890481
5	1.511701012923507	1.2047118751989812	0.21865176388403773	1.2047118751989812
10	0.3276283618581907	1.475644699140401	0.04261264407963675	1.475644699140401
10	0.5235766678309466	1.5466411970709966	0.25602514844568636	1.5466411970709966
7	0.6510653161019909	1.0397962432346386	0.16206776108976598	1.0397962432346386
7	0.7443241355221796	0.5440942375039797	0.023402025847013622	0.5440942375039797
11	1.3307719175689836	0.41165234001910217	0.11945511701012923	0.41165234001910217
11	0.3276283618581907	1.475644699140401	0.04261264407963675	1.475644699140401
10	0.16381418092909536	0.7378223495702005	0.04261264407963675	0.057624960203756764
10	0.2617883339154733	0.7733205985354983	0.25602514844568636	0.08150270614453996
7	0.32553265805099546	0.5198981216173193	0.16206776108976598	0.43107290671760584
7	0.3721620677610898	0.27204711875198984	0.023402025847013622	0.03852276345113021
11	0.6653859587844918	0.20582617000955108	0.11945511701012923	0.027698185291308502
11	0.16381418092909536	0.7378223495702005	0.04261264407963675	0.057624960203756764
12	0.22354173943415998	0.47532632919452406	0.17254628012574222	0.5183062718879338
5	0.7558505064617534	0.6023559375994906	0.21865176388403773	0.3272843043616683
13	0.32553265805099546	0.6287806431072906	0.14739783443939924	0.20312002546959568
12	0.22354173943415998	0.47532632919452406	0.17254628012574222	0.5183062718879338
5	0.7558505064617534	0.6023559375994906	0.21865176388403773	0.3272843043616683
9	0.7558505064617534	0.6023559375994906	0.21865176388403773	0.3272843043616683
10	0.16381418092909536	0.7378223495702005	0.04261264407963675	0.057624960203756764
7	0.32553265805099546	0.5198981216173193	0.16206776108976598	0.43107290671760584
11	0.6653859587844918	0.20582617000955108	0.11945511701012923	0.027698185291308502
4	0.32553265805099546	0.5198981216173193	0.16206776108976598	0.43107290671760584
