11	1.24658203125	0.4264705882352941	0.16943359375	0.4264705882352941
11	0.6494140625	0.46139705882352944	0.1318359375	0.46139705882352944
3	1.21240234375	1.4025735294117647	0.45556640625	1.4025735294117647
0	1.0732421875	0.8446691176470589	0.126953125	0.8446691176470589
11	1.24658203125	0.4264705882352941	0.16943359375	0.4264705882352941
11	0.6494140625	0.46139705882352944	0.1318359375	0.46139705882352944
3	1.21240234375	1.4025735294117647	0.45556640625	1.4025735294117647
0	1.0732421875	0.8446691176470589	0.126953125	0.8446691176470589
11	0.623291015625	0.21323529411764705	0.16943359375	0.030330882352941176
11	0.32470703125	0.23069852941176472	0.1318359375	0.030330882352941176
3	0.606201171875	0.7012867647058824	0.45556640625	0.15808823529411764
0	0.53662109375	0.42233455882352944	0.126953125	0.11029411764705882
11	0.623291015625	0.21323529411764705	0.16943359375	0.030330882352941176
3	0.606201171875	0.7012867647058824	0.45556640625	0.15808823529411764
0	0.53662109375	0.42233455882352944	0.126953125	0.11029411764705882
