11	0.6842342342342342	0.22304582210242588	0.19954954954954954	0.22304582210242588
11	1.5567567567567568	0.308288409703504	0.1009009009009009	0.308288409703504
11	1.3472972972972972	0.22169811320754718	0.11846846846846847	0.22169811320754718
11	0.6842342342342342	0.22304582210242588	0.19954954954954954	0.22304582210242588
11	1.5567567567567568	0.308288409703504	0.1009009009009009	0.308288409703504
11	1.3472972972972972	0.22169811320754718	0.11846846846846847	0.22169811320754718
11	0.3421171171171171	0.11152291105121294	0.19954954954954954	0.05929919137466307
11	0.7783783783783784	0.154144204851752	0.1009009009009009	0.07783018867924528
11	0.6736486486486486	0.11084905660377359	0.11846846846846847	0.029649595687331536
11	0.3421171171171171	0.11152291105121294	0.19954954954954954	0.05929919137466307
