13	1.3240887480190173	0.40650095602294456	0.09429477020602219	0.40650095602294456
13	0.6291600633914421	0.3376673040152964	0.01901743264659271	0.3376673040152964
13	1.4714738510301109	0.3915869980879541	0.020602218700475437	0.3915869980879541
13	1.5043581616481776	0.4791586998087954	0.04318541996830428	0.4791586998087954
13	1.5475435816164818	0.6420650095602295	0.03724247226624406	0.6420650095602295
13	0.6335182250396196	0.40076481835564054	0.04001584786053883	0.40076481835564054
11	1.1838351822503963	0.2734225621414914	0.11806656101426308	0.2734225621414914
11	1.3514263074484945	0.32619502868068834	0.20641838351822503	0.32619502868068834
0	1.099445324881141	0.6168260038240918	0.1089540412044374	0.6168260038240918
8	1.4714738510301109	0.3915869980879541	0.020602218700475437	0.3915869980879541
8	1.5475435816164818	0.6420650095602295	0.03724247226624406	0.6420650095602295
8	1.5043581616481776	0.4791586998087954	0.04318541996830428	0.4791586998087954
2	1.509904912836767	0.49904397705544934	0.031299524564183834	0.49904397705544934
2	1.5237717908082409	0.5258126195028681	0.07210776545166403	0.5258126195028681
2	1.5396196513470681	0.6355640535372848	0.044374009508716325	0.6355640535372848
13	1.3240887480190173	0.40650095602294456	0.09429477020602219	0.40650095602294456
13	0.6291600633914421	0.3376673040152964	0.01901743264659271	0.3376673040152964
13	1.4714738510301109	0.3915869980879541	0.020602218700475437	0.3915869980879541
13	1.5043581616481776	0.4791586998087954	0.04318541996830428	0.4791586998087954
13	1.5475435816164818	0.6420650095602295	0.03724247226624406	0.6420650095602295
13	0.6335182250396196	0.40076481835564054	0.04001584786053883	0.40076481835564054
11	1.1838351822503963	0.2734225621414914	0.11806656101426308	0.2734225621414914
11	1.3514263074484945	0.32619502868068834	0.20641838351822503	0.32619502868068834
0	1.099445324881141	0.6168260038240918	0.1089540412044374	0.6168260038240918
8	1.4714738510301109	0.3915869980879541	0.020602218700475437	0.3915869980879541
8	1.5475435816164818	0.6420650095602295	0.03724247226624406	0.6420650095602295
8	1.5043581616481776	0.4791586998087954	0.04318541996830428	0.4791586998087954
2	1.509904912836767	0.49904397705544934	0.031299524564183834	0.49904397705544934
2	1.5237717908082409	0.5258126195028681	0.07210776545166403	0.5258126195028681
2	1.5396196513470681	0.6355640535372848	0.044374009508716325	0.6355640535372848
13	0.6620443740095087	0.20325047801147228	0.09429477020602219	0.11281070745697896
13	0.3145800316957211	0.1688336520076482	0.01901743264659271	0.0745697896749522
13	0.7357369255150554	0.19579349904397705	0.020602218700475437	0.020650095602294454
13	0.7521790808240888	0.2395793499043977	0.04318541996830428	0.030975143403441683
13	0.7737717908082409	0.32103250478011475	0.03724247226624406	0.036328871892925434
13	0.3167591125198098	0.20038240917782027	0.04001584786053883	0.1361376673040153
11	0.5919175911251982	0.1367112810707457	0.11806656101426308	0.030975143403441683
11	0.6757131537242472	0.16309751434034417	0.20641838351822503	0.10363288718929255
0	0.5497226624405706	0.3084130019120459	0.1089540412044374	0.12810707456978968
8	0.7357369255150554	0.19579349904397705	0.020602218700475437	0.020650095602294454
8	0.7737717908082409	0.32103250478011475	0.03724247226624406	0.036328871892925434
8	0.7521790808240888	0.2395793499043977	0.04318541996830428	0.030975143403441683
2	0.7549524564183835	0.24952198852772467	0.031299524564183834	0.04397705544933078
2	0.7618858954041204	0.26290630975143403	0.07210776545166403	0.1594646271510516
2	0.7698098256735341	0.3177820267686424	0.044374009508716325	0.03977055449330784
13	0.6620443740095087	0.20325047801147228	0.09429477020602219	0.11281070745697896
11	0.5919175911251982	0.1367112810707457	0.11806656101426308	0.030975143403441683
0	0.5497226624405706	0.3084130019120459	0.1089540412044374	0.12810707456978968
8	0.7357369255150554	0.19579349904397705	0.020602218700475437	0.020650095602294454
2	0.7549524564183835	0.24952198852772467	0.031299524564183834	0.04397705544933078
