9	0.3168402777777778	1.1565972222222223	0.059027777777777776	1.1565972222222223
9	1.4995659722222223	0.9017361111111111	0.2677951388888889	0.9017361111111111
10	1.7682291666666667	1.5920138888888888	0.026909722222222224	1.5920138888888888
10	0.1853298611111111	1.428125	0.04383680555555555	1.428125
11	1.7682291666666667	1.5920138888888888	0.026909722222222224	1.5920138888888888
11	0.1853298611111111	1.428125	0.04383680555555555	1.428125
11	1.4739583333333333	0.8836805555555556	0.265625	0.8836805555555556
0	0.98828125	0.6888888888888889	0.2634548611111111	0.6888888888888889
0	1.1432291666666667	0.6295138888888889	0.09809027777777778	0.6295138888888889
9	0.3168402777777778	1.1565972222222223	0.059027777777777776	1.1565972222222223
9	1.4995659722222223	0.9017361111111111	0.2677951388888889	0.9017361111111111
10	1.7682291666666667	1.5920138888888888	0.026909722222222224	1.5920138888888888
10	0.1853298611111111	1.428125	0.04383680555555555	1.428125
11	1.7682291666666667	1.5920138888888888	0.026909722222222224	1.5920138888888888
11	0.1853298611111111	1.428125	0.04383680555555555	1.428125
11	1.4739583333333333	0.8836805555555556	0.265625	0.8836805555555556
0	0.98828125	0.6888888888888889	0.2634548611111111	0.6888888888888889
0	1.1432291666666667	0.6295138888888889	0.09809027777777778	0.6295138888888889
0	0.494140625	0.34444444444444444	0.2634548611111111	0.17430555555555555
0	0.5716145833333334	0.31475694444444446	0.09809027777777778	0.11909722222222222
9	0.1584201388888889	0.5782986111111111	0.059027777777777776	0.05243055555555556
9	0.7497829861111112	0.45086805555555554	0.2677951388888889	0.5149305555555556
10	0.8841145833333334	0.7960069444444444	0.026909722222222224	0.036458333333333336
10	0.09266493055555555	0.7140625	0.04383680555555555	0.036458333333333336
11	0.8841145833333334	0.7960069444444444	0.026909722222222224	0.036458333333333336
11	0.09266493055555555	0.7140625	0.04383680555555555	0.036458333333333336
11	0.7369791666666666	0.4418402777777778	0.265625	0.5204861111111111
9	0.1584201388888889	0.5782986111111111	0.059027777777777776	0.05243055555555556
10	0.8841145833333334	0.7960069444444444	0.026909722222222224	0.036458333333333336
11	0.8841145833333334	0.7960069444444444	0.026909722222222224	0.036458333333333336
0	0.494140625	0.34444444444444444	0.2634548611111111	0.17430555555555555
6	0.1584201388888889	0.5782986111111111	0.059027777777777776	0.05243055555555556
13	0.7330729166666666	0.2612847222222222	0.20225694444444445	0.146875
