7	1.6735751295336787	1.287821482602118	0.017024426350851222	1.287821482602118
7	1.4585492227979275	1.3956127080181544	0.04774241302738712	1.3956127080181544
3	1.1991117690599555	1.367624810892587	0.4515173945225759	1.367624810892587
0	1.1739452257586973	0.6580937972768532	0.10436713545521836	0.6580937972768532
8	1.610658771280533	1.155446293494705	0.0688378978534419	1.155446293494705
8	1.585862324204293	1.44553706505295	0.035899333826794964	1.44553706505295
8	1.6761658031088082	1.2844175491679273	0.023316062176165803	1.2844175491679273
8	1.4722427831236122	1.4016641452344931	0.04071058475203553	1.4016641452344931
8	1.6461880088823093	1.2999243570347958	0.05181347150259067	1.2999243570347958
7	1.6735751295336787	1.287821482602118	0.017024426350851222	1.287821482602118
7	1.4585492227979275	1.3956127080181544	0.04774241302738712	1.3956127080181544
3	1.1991117690599555	1.367624810892587	0.4515173945225759	1.367624810892587
0	1.1739452257586973	0.6580937972768532	0.10436713545521836	0.6580937972768532
8	1.610658771280533	1.155446293494705	0.0688378978534419	1.155446293494705
8	1.585862324204293	1.44553706505295	0.035899333826794964	1.44553706505295
8	1.6761658031088082	1.2844175491679273	0.023316062176165803	1.2844175491679273
8	1.4722427831236122	1.4016641452344931	0.04071058475203553	1.4016641452344931
8	1.6461880088823093	1.2999243570347958	0.05181347150259067	1.2999243570347958
7	0.8367875647668394	0.643910741301059	0.017024426350851222	0.019288956127080183
7	0.7292746113989638	0.6978063540090772	0.04774241302738712	0.06354009077155824
3	0.5995558845299778	0.6838124054462935	0.4515173945225759	0.16944024205748864
0	0.5869726128793487	0.3290468986384266	0.10436713545521836	0.14145234493192133
8	0.8053293856402665	0.5777231467473525	0.0688378978534419	0.06996974281391831
8	0.7929311621021465	0.722768532526475	0.035899333826794964	0.028744326777609682
8	0.8380829015544041	0.6422087745839636	0.023316062176165803	0.02723146747352496
8	0.7361213915618061	0.7008320726172466	0.04071058475203553	0.046898638426626324
8	0.8230940044411547	0.6499621785173979	0.05181347150259067	0.04878971255673222
7	0.8367875647668394	0.643910741301059	0.017024426350851222	0.019288956127080183
3	0.5995558845299778	0.6838124054462935	0.4515173945225759	0.16944024205748864
0	0.5869726128793487	0.3290468986384266	0.10436713545521836	0.14145234493192133
8	0.8053293856402665	0.5777231467473525	0.0688378978534419	0.06996974281391831
