3	1.252849002849003	1.3584838823946157	0.37962962962962965	1.3584838823946157
5	1.4636752136752136	0.8087141339001063	0.20156695156695156	0.8087141339001063
5	0.5306267806267806	0.9911441728657456	0.25284900284900286	0.9911441728657456
13	1.4636752136752136	0.8087141339001063	0.20156695156695156	0.8087141339001063
0	1.126068376068376	0.7389302160821821	0.12108262108262108	0.7389302160821821
3	1.252849002849003	1.3584838823946157	0.37962962962962965	1.3584838823946157
5	1.4636752136752136	0.8087141339001063	0.20156695156695156	0.8087141339001063
5	0.5306267806267806	0.9911441728657456	0.25284900284900286	0.9911441728657456
13	1.4636752136752136	0.8087141339001063	0.20156695156695156	0.8087141339001063
0	1.126068376068376	0.7389302160821821	0.12108262108262108	0.7389302160821821
3	0.6264245014245015	0.6792419411973079	0.37962962962962965	0.15409139213602552
5	0.7318376068376068	0.40435706695005313	0.20156695156695156	0.3134962805526036
5	0.2653133903133903	0.4955720864328728	0.25284900284900286	0.3521076868579525
13	0.7318376068376068	0.40435706695005313	0.20156695156695156	0.3134962805526036
0	0.563034188034188	0.36946510804109106	0.12108262108262108	0.13460857244066596
11	0.7580128205128205	0.34041799504073683	0.13853276353276353	0.25292242295430395
5	0.7318376068376068	0.40435706695005313	0.20156695156695156	0.3134962805526036
13	0.7318376068376068	0.40435706695005313	0.20156695156695156	0.3134962805526036
0	0.563034188034188	0.36946510804109106	0.12108262108262108	0.13460857244066596
3	0.6264245014245015	0.6792419411973079	0.37962962962962965	0.15409139213602552
7	0.7580128205128205	0.34041799504073683	0.13853276353276353	0.25292242295430395
