10	0.6370481927710844	0.9587212911235258	0.3286144578313253	0.9587212911235258
10	0.43795180722891563	1.4652389819987586	0.1716867469879518	1.4652389819987586
7	0.6650602409638554	0.9081315952824333	0.2819277108433735	0.9081315952824333
10	0.6370481927710844	0.9587212911235258	0.3286144578313253	0.9587212911235258
10	0.43795180722891563	1.4652389819987586	0.1716867469879518	1.4652389819987586
7	0.6650602409638554	0.9081315952824333	0.2819277108433735	0.9081315952824333
10	0.3185240963855422	0.4793606455617629	0.3286144578313253	0.6483550589695841
10	0.21897590361445782	0.7326194909993793	0.1716867469879518	0.15611421477343265
7	0.3325301204819277	0.45406579764121663	0.2819277108433735	0.5176908752327747
10	0.3185240963855422	0.4793606455617629	0.3286144578313253	0.6483550589695841
4	0.29713855421686747	0.5358472998137802	0.35632530120481926	0.7253258845437617
7	0.3325301204819277	0.45406579764121663	0.2819277108433735	0.5176908752327747
11	0.2808734939759036	0.41201117318435754	0.24909638554216867	0.4851024208566108
