11	0.7417695473251029	0.26677215189873416	0.12585733882030178	0.26677215189873416
11	1.331275720164609	0.3281645569620253	0.15432098765432098	0.3281645569620253
13	0.7270233196159122	0.26582278481012656	0.15432098765432098	0.26582278481012656
13	1.331275720164609	0.3281645569620253	0.15432098765432098	0.3281645569620253
11	0.7417695473251029	0.26677215189873416	0.12585733882030178	0.26677215189873416
11	1.331275720164609	0.3281645569620253	0.15432098765432098	0.3281645569620253
13	0.7270233196159122	0.26582278481012656	0.15432098765432098	0.26582278481012656
13	1.331275720164609	0.3281645569620253	0.15432098765432098	0.3281645569620253
11	0.37088477366255146	0.13338607594936708	0.12585733882030178	0.06107594936708861
11	0.6656378600823045	0.16408227848101264	0.15432098765432098	0.08575949367088608
13	0.3635116598079561	0.13291139240506328	0.15432098765432098	0.049367088607594936
13	0.6656378600823045	0.16408227848101264	0.15432098765432098	0.08575949367088608
11	0.37088477366255146	0.13338607594936708	0.12585733882030178	0.06107594936708861
13	0.3635116598079561	0.13291139240506328	0.15432098765432098	0.049367088607594936
