8	0.6102430555555556	0.69375	0.04513888888888889	0.69375
8	1.8528645833333333	1.1739583333333334	0.0681423611111111	1.1739583333333334
3	1.2152777777777777	1.0788194444444446	0.5173611111111112	1.0788194444444446
8	0.6102430555555556	0.69375	0.04513888888888889	0.69375
8	1.8528645833333333	1.1739583333333334	0.0681423611111111	1.1739583333333334
3	1.2152777777777777	1.0788194444444446	0.5173611111111112	1.0788194444444446
8	0.3051215277777778	0.346875	0.04513888888888889	0.04097222222222222
8	0.9264322916666666	0.5869791666666667	0.0681423611111111	0.08854166666666667
3	0.6076388888888888	0.5394097222222223	0.5173611111111112	0.15034722222222222
8	0.3051215277777778	0.346875	0.04513888888888889	0.04097222222222222
7	0.9270833333333334	0.5904513888888889	0.06684027777777778	0.11631944444444445
0	0.5855034722222222	0.3038194444444444	0.11197916666666667	0.1
3	0.6076388888888888	0.5394097222222223	0.5173611111111112	0.15034722222222222
11	0.93359375	0.5828125	0.07465277777777778	0.115625
10	0.9288194444444444	0.5817708333333333	0.10590277777777778	0.128125
