10	0.5753012048192772	1.039041095890411	0.3228915662650602	1.039041095890411
0	1.191566265060241	0.6842465753424658	0.10301204819277109	0.6842465753424658
10	0.5753012048192772	1.039041095890411	0.3228915662650602	1.039041095890411
0	1.191566265060241	0.6842465753424658	0.10301204819277109	0.6842465753424658
10	0.2876506024096386	0.5195205479452055	0.3228915662650602	0.7061643835616438
0	0.5957831325301205	0.3421232876712329	0.10301204819277109	0.1226027397260274
9	0.2876506024096386	0.5195205479452055	0.3228915662650602	0.7061643835616438
10	0.2876506024096386	0.5195205479452055	0.3228915662650602	0.7061643835616438
3	0.6445783132530121	0.7323630136986301	0.38313253012048193	0.18116438356164383
0	0.5957831325301205	0.3421232876712329	0.10301204819277109	0.1226027397260274
1	0.2876506024096386	0.5195205479452055	0.3228915662650602	0.7061643835616438
