8	0.5748829953198128	0.8966458658346333	0.0421216848673947	0.8966458658346333
8	0.5920436817472698	1.0721528861154446	0.028861154446177848	1.0721528861154446
8	0.6127145085803433	0.7262090483619345	0.02535101404056162	0.7262090483619345
8	1.65600624024961	1.0273010920436818	0.041341653666146644	1.0273010920436818
8	0.6739469578783152	1.2390795631825273	0.0249609984399376	1.2390795631825273
8	1.5659126365054603	1.1205148205928237	0.038611544461778474	1.1205148205928237
8	0.43525741029641185	1.062792511700468	0.029641185647425898	1.062792511700468
8	0.43018720748829953	1.4087363494539782	0.02535101404056162	1.4087363494539782
8	1.780421216848674	1.4851794071762872	0.019890795631825272	1.4851794071762872
8	0.6041341653666147	0.4165366614664587	0.02769110764430577	0.4165366614664587
8	1.6470358814352575	1.2113884555382215	0.02847113884555382	1.2113884555382215
3	1.1953978159126366	1.3408736349453978	0.46060842433697347	1.3408736349453978
0	1.28393135725429	0.5573322932917316	0.12090483619344773	0.5573322932917316
8	0.5748829953198128	0.8966458658346333	0.0421216848673947	0.8966458658346333
8	0.5920436817472698	1.0721528861154446	0.028861154446177848	1.0721528861154446
8	0.6127145085803433	0.7262090483619345	0.02535101404056162	0.7262090483619345
8	1.65600624024961	1.0273010920436818	0.041341653666146644	1.0273010920436818
8	0.6739469578783152	1.2390795631825273	0.0249609984399376	1.2390795631825273
8	1.5659126365054603	1.1205148205928237	0.038611544461778474	1.1205148205928237
8	0.43525741029641185	1.062792511700468	0.029641185647425898	1.062792511700468
8	0.43018720748829953	1.4087363494539782	0.02535101404056162	1.4087363494539782
8	1.780421216848674	1.4851794071762872	0.019890795631825272	1.4851794071762872
8	0.6041341653666147	0.4165366614664587	0.02769110764430577	0.4165366614664587
8	1.6470358814352575	1.2113884555382215	0.02847113884555382	1.2113884555382215
3	1.1953978159126366	1.3408736349453978	0.46060842433697347	1.3408736349453978
0	1.28393135725429	0.5573322932917316	0.12090483619344773	0.5573322932917316
8	0.2874414976599064	0.4483229329173167	0.0421216848673947	0.038611544461778474
8	0.2960218408736349	0.5360764430577223	0.028861154446177848	0.015210608424336974
8	0.30635725429017163	0.3631045241809672	0.02535101404056162	0.02262090483619345
8	0.828003120124805	0.5136505460218409	0.041341653666146644	0.041341653666146644
8	0.3369734789391576	0.6195397815912637	0.0249609984399376	0.03003120124804992
8	0.7829563182527302	0.5602574102964119	0.038611544461778474	0.04095163806552262
8	0.21762870514820593	0.531396255850234	0.029641185647425898	0.033931357254290175
8	0.21509360374414976	0.7043681747269891	0.02535101404056162	0.0234009360374415
8	0.890210608424337	0.7425897035881436	0.019890795631825272	0.02418096723868955
8	0.30206708268330734	0.20826833073322934	0.02769110764430577	0.028861154446177848
8	0.8235179407176287	0.6056942277691107	0.02847113884555382	0.02262090483619345
3	0.5976989079563183	0.6704368174726989	0.46060842433697347	0.1684867394695788
0	0.641965678627145	0.2786661466458658	0.12090483619344773	0.11661466458658347
8	0.2874414976599064	0.4483229329173167	0.0421216848673947	0.038611544461778474
3	0.5976989079563183	0.6704368174726989	0.46060842433697347	0.1684867394695788
0	0.641965678627145	0.2786661466458658	0.12090483619344773	0.11661466458658347
11	0.4034711388455538	0.11446957878315132	0.11895475819032761	0.040171606864274574
