1	0.5546875	0.5788194444444444	0.2916666666666667	0.5788194444444444
5	1.4440104166666667	0.8461805555555556	0.2738715277777778	0.8461805555555556
5	0.5594618055555556	0.8677083333333333	0.2816840277777778	0.8677083333333333
13	0.5625	0.6243055555555556	0.3133680555555556	0.6243055555555556
13	1.5677083333333333	0.7958333333333333	0.19010416666666666	0.7958333333333333
13	1.25390625	0.4774305555555556	0.07421875	0.4774305555555556
13	0.6332465277777778	0.6659722222222222	0.1540798611111111	0.6659722222222222
1	0.5546875	0.5788194444444444	0.2916666666666667	0.5788194444444444
5	1.4440104166666667	0.8461805555555556	0.2738715277777778	0.8461805555555556
5	0.5594618055555556	0.8677083333333333	0.2816840277777778	0.8677083333333333
13	0.5625	0.6243055555555556	0.3133680555555556	0.6243055555555556
13	1.5677083333333333	0.7958333333333333	0.19010416666666666	0.7958333333333333
13	1.25390625	0.4774305555555556	0.07421875	0.4774305555555556
13	0.6332465277777778	0.6659722222222222	0.1540798611111111	0.6659722222222222
1	0.27734375	0.2894097222222222	0.2916666666666667	0.18159722222222222
5	0.7220052083333334	0.4230902777777778	0.2738715277777778	0.4079861111111111
5	0.2797309027777778	0.43385416666666665	0.2816840277777778	0.3628472222222222
13	0.28125	0.3121527777777778	0.3133680555555556	0.21041666666666667
13	0.7838541666666666	0.39791666666666664	0.19010416666666666	0.275
13	0.626953125	0.2387152777777778	0.07421875	0.084375
13	0.3166232638888889	0.3329861111111111	0.1540798611111111	0.0875
13	0.28125	0.3121527777777778	0.3133680555555556	0.21041666666666667
8	0.7838541666666666	0.39791666666666664	0.19010416666666666	0.275
1	0.27734375	0.2894097222222222	0.2916666666666667	0.18159722222222222
5	0.7220052083333334	0.4230902777777778	0.2738715277777778	0.4079861111111111
6	0.3166232638888889	0.3329861111111111	0.1540798611111111	0.0875
11	0.28125	0.3121527777777778	0.3133680555555556	0.21041666666666667
