9	0.68359375	0.5256	0.080078125	0.5256
13	0.68359375	0.5256	0.080078125	0.5256
13	0.36181640625	1.0532	0.13818359375	1.0532
9	0.68359375	0.5256	0.080078125	0.5256
13	0.68359375	0.5256	0.080078125	0.5256
13	0.36181640625	1.0532	0.13818359375	1.0532
9	0.341796875	0.2628	0.080078125	0.2128
13	0.341796875	0.2628	0.080078125	0.2128
13	0.180908203125	0.5266	0.13818359375	0.03
9	0.341796875	0.2628	0.080078125	0.2128
13	0.341796875	0.2628	0.080078125	0.2128
11	0.253662109375	0.1428	0.10107421875	0.0424
