7	0.8470052083333334	0.2906901041666667	0.05078125	0.2906901041666667
7	1.337890625	0.263671875	0.03125	0.263671875
7	0.8470052083333334	0.2906901041666667	0.05078125	0.2906901041666667
7	1.337890625	0.263671875	0.03125	0.263671875
7	0.4235026041666667	0.14534505208333334	0.05078125	0.027018229166666668
7	0.6689453125	0.1318359375	0.03125	0.03515625
5	0.3680013020833333	0.5953776041666666	0.1826171875	0.24674479166666666
0	0.62744140625	0.3108723958333333	0.08235677083333333	0.0859375
13	0.4290364583333333	0.14453125	0.03515625	0.024739583333333332
7	0.4235026041666667	0.14534505208333334	0.05078125	0.027018229166666668
6	0.3859049479166667	0.61328125	0.17415364583333334	0.20182291666666666
