7	0.48924180327868855	0.7851307189542484	0.053790983606557374	0.7851307189542484
7	1.641905737704918	1.2389705882352942	0.03227459016393443	1.2389705882352942
7	1.692110655737705	1.3709150326797386	0.05584016393442623	1.3709150326797386
11	1.7699795081967213	1.6376633986928104	0.07428278688524591	1.6376633986928104
11	1.7684426229508197	1.6372549019607843	0.035860655737704916	1.6372549019607843
11	1.6956967213114753	1.2622549019607843	0.07889344262295082	1.2622549019607843
11	0.36885245901639346	1.5955882352941178	0.1762295081967213	1.5955882352941178
11	1.7704918032786885	1.3149509803921569	0.0778688524590164	1.3149509803921569
7	0.48924180327868855	0.7851307189542484	0.053790983606557374	0.7851307189542484
7	1.641905737704918	1.2389705882352942	0.03227459016393443	1.2389705882352942
7	1.692110655737705	1.3709150326797386	0.05584016393442623	1.3709150326797386
11	1.7699795081967213	1.6376633986928104	0.07428278688524591	1.6376633986928104
11	1.7684426229508197	1.6372549019607843	0.035860655737704916	1.6372549019607843
11	1.6956967213114753	1.2622549019607843	0.07889344262295082	1.2622549019607843
11	0.36885245901639346	1.5955882352941178	0.1762295081967213	1.5955882352941178
11	1.7704918032786885	1.3149509803921569	0.0778688524590164	1.3149509803921569
7	0.24462090163934427	0.3925653594771242	0.053790983606557374	0.03758169934640523
7	0.820952868852459	0.6194852941176471	0.03227459016393443	0.06413398692810457
7	0.8460553278688525	0.6854575163398693	0.05584016393442623	0.058823529411764705
11	0.8849897540983607	0.8188316993464052	0.07428278688524591	0.0821078431372549
11	0.8842213114754098	0.8186274509803921	0.035860655737704916	0.032679738562091505
11	0.8478483606557377	0.6311274509803921	0.07889344262295082	0.16993464052287582
11	0.18442622950819673	0.7977941176470589	0.1762295081967213	0.06781045751633986
11	0.8852459016393442	0.6574754901960784	0.0778688524590164	0.2332516339869281
7	0.24462090163934427	0.3925653594771242	0.053790983606557374	0.03758169934640523
11	0.8849897540983607	0.8188316993464052	0.07428278688524591	0.0821078431372549
0	0.5737704918032787	0.38643790849673204	0.1096311475409836	0.09558823529411764
8	0.24462090163934427	0.3925653594771242	0.053790983606557374	0.03758169934640523
10	0.8849897540983607	0.8188316993464052	0.07428278688524591	0.0821078431372549
9	0.8181352459016393	0.6180555555555556	0.02663934426229508	0.0718954248366013
2	0.1995389344262295	0.7951388888888888	0.2074795081967213	0.07720588235294118
