13	0.7027994791666666	0.3740234375	0.14420572916666666	0.3740234375
13	0.5677083333333334	0.7132161458333334	0.11458333333333333	0.7132161458333334
13	1.4065755208333333	0.5904947916666666	0.10319010416666667	0.5904947916666666
13	0.7027994791666666	0.3740234375	0.14420572916666666	0.3740234375
13	0.5677083333333334	0.7132161458333334	0.11458333333333333	0.7132161458333334
13	1.4065755208333333	0.5904947916666666	0.10319010416666667	0.5904947916666666
13	0.3513997395833333	0.18701171875	0.14420572916666666	0.16569010416666666
13	0.2838541666666667	0.3566080729166667	0.11458333333333333	0.1005859375
13	0.7032877604166666	0.2952473958333333	0.10319010416666667	0.07486979166666667
13	0.3513997395833333	0.18701171875	0.14420572916666666	0.16569010416666666
11	0.3527018229166667	0.07796223958333333	0.1083984375	0.028971354166666668
