0	1.0208333333333333	0.5340277777777778	0.1189236111111111	0.5340277777777778
10	1.6927083333333333	0.9753472222222223	0.05381944444444445	0.9753472222222223
11	1.7235243055555556	0.9927083333333333	0.04296875	0.9927083333333333
0	1.0208333333333333	0.5340277777777778	0.1189236111111111	0.5340277777777778
10	1.6927083333333333	0.9753472222222223	0.05381944444444445	0.9753472222222223
11	1.7235243055555556	0.9927083333333333	0.04296875	0.9927083333333333
0	0.5104166666666666	0.2670138888888889	0.1189236111111111	0.09791666666666667
10	0.8463541666666666	0.4876736111111111	0.05381944444444445	0.03159722222222222
11	0.8617621527777778	0.49635416666666665	0.04296875	0.059375
0	0.5104166666666666	0.2670138888888889	0.1189236111111111	0.09791666666666667
10	0.8463541666666666	0.4876736111111111	0.05381944444444445	0.03159722222222222
11	0.8617621527777778	0.49635416666666665	0.04296875	0.059375
