8	0.231558935	0.403585103	0.121673004	0.067873303
8	0.234030418	0.418029934	0.026235741	0.02158023
8	0.408365019	0.456839541	0.046387833	0.063696485
8	0.186501901	0.431256526	0.011026616	0.00974591
8	0.82243346	0.324573616	0.03878327	0.028889662
8	0.224714829	0.388792203	0.022813688	0.020187957
8	0.225285171	0.30438566	0.090114068	0.090149669
8	0.178897338	0.408458058	0.005703422	0.011486251
8	0.285171103	0.390706578	0.025855513	0.022624434
13	0.225285171	0.30438566	0.090114068	0.090149669
13	0.231558935	0.403585103	0.121673004	0.067873303
13	0.760076046	0.238426732	0.260076046	0.225548207
13	0.322053232	0.221197355	0.292015209	0.311521058
13	0.832509506	0.325269753	0.084790875	0.064392621
11	0.727946768	0.123042116	0.117490494	0.052558301
11	0.687642586	0.105464671	0.242965779	0.084928646
