6	0.6063368055555556	0.7729166666666667	0.24869791666666666	0.7729166666666667
6	1.4192708333333333	0.7878472222222223	0.3177083333333333	0.7878472222222223
10	0.4157986111111111	1.1392361111111111	0.078125	1.1392361111111111
10	0.4079861111111111	1.2979166666666666	0.03211805555555555	1.2979166666666666
0	1.0907118055555556	0.55625	0.1271701388888889	0.55625
13	1.4965277777777777	0.8038194444444444	0.2170138888888889	0.8038194444444444
13	0.5763888888888888	0.6506944444444445	0.125	0.6506944444444445
13	0.63671875	0.5274305555555555	0.1506076388888889	0.5274305555555555
4	1.4965277777777777	0.8038194444444444	0.2170138888888889	0.8038194444444444
4	0.5802951388888888	0.8482638888888889	0.21744791666666666	0.8482638888888889
6	0.6063368055555556	0.7729166666666667	0.24869791666666666	0.7729166666666667
6	1.4192708333333333	0.7878472222222223	0.3177083333333333	0.7878472222222223
10	0.4157986111111111	1.1392361111111111	0.078125	1.1392361111111111
10	0.4079861111111111	1.2979166666666666	0.03211805555555555	1.2979166666666666
0	1.0907118055555556	0.55625	0.1271701388888889	0.55625
13	1.4965277777777777	0.8038194444444444	0.2170138888888889	0.8038194444444444
13	0.5763888888888888	0.6506944444444445	0.125	0.6506944444444445
13	0.63671875	0.5274305555555555	0.1506076388888889	0.5274305555555555
4	1.4965277777777777	0.8038194444444444	0.2170138888888889	0.8038194444444444
4	0.5802951388888888	0.8482638888888889	0.21744791666666666	0.8482638888888889
6	0.3031684027777778	0.38645833333333335	0.24869791666666666	0.46111111111111114
6	0.7096354166666666	0.3939236111111111	0.3177083333333333	0.5114583333333333
10	0.20789930555555555	0.5696180555555556	0.078125	0.09965277777777778
10	0.20399305555555555	0.6489583333333333	0.03211805555555555	0.03333333333333333
0	0.5453559027777778	0.278125	0.1271701388888889	0.10625
13	0.7482638888888888	0.4019097222222222	0.2170138888888889	0.47118055555555555
13	0.2881944444444444	0.32534722222222223	0.125	0.04027777777777778
13	0.318359375	0.26371527777777776	0.1506076388888889	0.21493055555555557
4	0.7482638888888888	0.4019097222222222	0.2170138888888889	0.47118055555555555
4	0.2901475694444444	0.42413194444444446	0.21744791666666666	0.28020833333333334
6	0.3031684027777778	0.38645833333333335	0.24869791666666666	0.46111111111111114
10	0.20789930555555555	0.5696180555555556	0.078125	0.09965277777777778
0	0.5453559027777778	0.278125	0.1271701388888889	0.10625
13	0.7482638888888888	0.4019097222222222	0.2170138888888889	0.47118055555555555
7	0.2901475694444444	0.42413194444444446	0.21744791666666666	0.28020833333333334
4	0.7482638888888888	0.4019097222222222	0.2170138888888889	0.47118055555555555
11	0.20399305555555555	0.6489583333333333	0.03211805555555555	0.03333333333333333
