13	0.7320963541666666	0.5654296875	0.019856770833333332	0.5654296875
13	0.7288411458333334	0.7958984375	0.1103515625	0.7958984375
0	1.1393229166666667	0.6018880208333334	0.076171875	0.6018880208333334
9	1.0081380208333333	0.70703125	0.12076822916666667	0.70703125
9	0.7347005208333334	0.5738932291666666	0.019205729166666668	0.5738932291666666
11	1.3694661458333333	0.302734375	0.0712890625	0.302734375
11	0.869140625	0.2864583333333333	0.08919270833333333	0.2864583333333333
3	1.216796875	1.1067708333333333	0.3541666666666667	1.1067708333333333
13	0.7320963541666666	0.5654296875	0.019856770833333332	0.5654296875
13	0.7288411458333334	0.7958984375	0.1103515625	0.7958984375
0	1.1393229166666667	0.6018880208333334	0.076171875	0.6018880208333334
9	1.0081380208333333	0.70703125	0.12076822916666667	0.70703125
9	0.7347005208333334	0.5738932291666666	0.019205729166666668	0.5738932291666666
11	1.3694661458333333	0.302734375	0.0712890625	0.302734375
11	0.869140625	0.2864583333333333	0.08919270833333333	0.2864583333333333
3	1.216796875	1.1067708333333333	0.3541666666666667	1.1067708333333333
13	0.3660481770833333	0.28271484375	0.019856770833333332	0.019205729166666668
13	0.3644205729166667	0.39794921875	0.1103515625	0.0205078125
0	0.5696614583333334	0.3009440104166667	0.076171875	0.08235677083333333
9	0.5040690104166666	0.353515625	0.12076822916666667	0.466796875
9	0.3673502604166667	0.2869466145833333	0.019205729166666668	0.019856770833333332
11	0.6847330729166666	0.1513671875	0.0712890625	0.050130208333333336
11	0.4345703125	0.14322916666666666	0.08919270833333333	0.018229166666666668
3	0.6083984375	0.5533854166666666	0.3541666666666667	0.13932291666666666
3	0.6083984375	0.5533854166666666	0.3541666666666667	0.13932291666666666
13	0.3660481770833333	0.28271484375	0.019856770833333332	0.019205729166666668
0	0.5696614583333334	0.3009440104166667	0.076171875	0.08235677083333333
9	0.5040690104166666	0.353515625	0.12076822916666667	0.466796875
11	0.6847330729166666	0.1513671875	0.0712890625	0.050130208333333336
2	0.5861002604166666	0.3035481770833333	0.025716145833333332	0.06673177083333333
8	0.3660481770833333	0.2838541666666667	0.0185546875	0.015625
