3	1.0946180555555556	1.3284722222222223	0.4270833333333333	1.3284722222222223
13	0.6453993055555556	1.167361111111111	0.07421875	1.167361111111111
13	0.2699652777777778	1.0239583333333333	0.033854166666666664	1.0239583333333333
11	0.7417534722222222	0.4170138888888889	0.06901041666666667	0.4170138888888889
11	1.16015625	0.46805555555555556	0.06553819444444445	0.46805555555555556
0	1.0620659722222223	0.7711805555555555	0.1037326388888889	0.7711805555555555
3	1.0946180555555556	1.3284722222222223	0.4270833333333333	1.3284722222222223
13	0.6453993055555556	1.167361111111111	0.07421875	1.167361111111111
13	0.2699652777777778	1.0239583333333333	0.033854166666666664	1.0239583333333333
11	0.7417534722222222	0.4170138888888889	0.06901041666666667	0.4170138888888889
11	1.16015625	0.46805555555555556	0.06553819444444445	0.46805555555555556
0	1.0620659722222223	0.7711805555555555	0.1037326388888889	0.7711805555555555
0	0.5310329861111112	0.38559027777777777	0.1037326388888889	0.11006944444444444
3	0.5473090277777778	0.6642361111111111	0.4270833333333333	0.12638888888888888
13	0.3226996527777778	0.5836805555555555	0.07421875	0.10833333333333334
13	0.1349826388888889	0.5119791666666667	0.033854166666666664	0.012152777777777778
11	0.3708767361111111	0.20850694444444445	0.06901041666666667	0.010763888888888889
11	0.580078125	0.23402777777777778	0.06553819444444445	0.020833333333333332
3	0.5473090277777778	0.6642361111111111	0.4270833333333333	0.12638888888888888
13	0.3226996527777778	0.5836805555555555	0.07421875	0.10833333333333334
11	0.3708767361111111	0.20850694444444445	0.06901041666666667	0.010763888888888889
2	0.5362413194444444	0.34791666666666665	0.06293402777777778	0.0375
0	0.5310329861111112	0.38559027777777777	0.1037326388888889	0.11006944444444444
