5	1.5388389206868356	0.9791285243500549	0.3499591169255928	0.9791285243500549
5	0.642681929681112	1.0651775906261443	0.013082583810302535	1.0651775906261443
5	0.5723630417007359	0.9718051995606005	0.401471790678659	0.9718051995606005
13	0.642681929681112	1.0651775906261443	0.013082583810302535	1.0651775906261443
13	1.6385936222403925	0.9556938850238008	0.2109566639411284	0.9556938850238008
5	1.5388389206868356	0.9791285243500549	0.3499591169255928	0.9791285243500549
5	0.642681929681112	1.0651775906261443	0.013082583810302535	1.0651775906261443
5	0.5723630417007359	0.9718051995606005	0.401471790678659	0.9718051995606005
13	0.642681929681112	1.0651775906261443	0.013082583810302535	1.0651775906261443
13	1.6385936222403925	0.9556938850238008	0.2109566639411284	0.9556938850238008
5	0.7694194603434178	0.48956426217502746	0.3499591169255928	0.6422555840351519
5	0.321340964840556	0.5325887953130721	0.013082583810302535	0.0032954961552544857
5	0.28618152085036797	0.48590259978030026	0.401471790678659	0.5865983156352984
13	0.321340964840556	0.5325887953130721	0.013082583810302535	0.0032954961552544857
13	0.8192968111201963	0.4778469425119004	0.2109566639411284	0.5126327352618089
5	0.7694194603434178	0.48956426217502746	0.3499591169255928	0.6422555840351519
13	0.321340964840556	0.5325887953130721	0.013082583810302535	0.0032954961552544857
4	0.7645134914145544	0.6188209447088978	0.26573998364677026	0.2526547052361772
3	0.6009811937857726	0.6197363603075796	0.49304987735077677	0.23324789454412304
