13	0.6947916666666667	0.504601226993865	0.11493055555555555	0.504601226993865
13	1.504513888888889	0.549079754601227	0.0642361111111111	0.549079754601227
11	0.7256944444444444	0.3039877300613497	0.04375	0.3039877300613497
11	1.2871527777777778	0.3052147239263804	0.11284722222222222	0.3052147239263804
13	0.6947916666666667	0.504601226993865	0.11493055555555555	0.504601226993865
13	1.504513888888889	0.549079754601227	0.0642361111111111	0.549079754601227
11	0.7256944444444444	0.3039877300613497	0.04375	0.3039877300613497
11	1.2871527777777778	0.3052147239263804	0.11284722222222222	0.3052147239263804
13	0.34739583333333335	0.2523006134969325	0.11493055555555555	0.11012269938650307
13	0.7522569444444445	0.2745398773006135	0.0642361111111111	0.13006134969325153
11	0.3628472222222222	0.15199386503067486	0.04375	0.019938650306748466
11	0.6435763888888889	0.1526073619631902	0.11284722222222222	0.031595092024539875
13	0.34739583333333335	0.2523006134969325	0.11493055555555555	0.11012269938650307
11	0.3628472222222222	0.15199386503067486	0.04375	0.019938650306748466
8	0.7680555555555556	0.325920245398773	0.016666666666666666	0.015030674846625767
0	0.5880208333333333	0.327760736196319	0.11215277777777778	0.10889570552147239
