0	1.09326171875	0.6748	0.12451171875	0.6748
11	0.685546875	0.3248	0.134765625	0.3248
11	1.203125	0.34	0.09765625	0.34
0	1.09326171875	0.6748	0.12451171875	0.6748
11	0.685546875	0.3248	0.134765625	0.3248
11	1.203125	0.34	0.09765625	0.34
0	0.546630859375	0.3374	0.12451171875	0.1164
11	0.3427734375	0.1624	0.134765625	0.0472
11	0.6015625	0.17	0.09765625	0.0264
7	0.695556640625	0.2826	0.05126953125	0.0348
0	0.546630859375	0.3374	0.12451171875	0.1164
11	0.3427734375	0.1624	0.134765625	0.0472
2	0.5751953125	0.309	0.033203125	0.0356
