0	1.0347222222222223	0.5697916666666667	0.1293402777777778	0.5697916666666667
5	1.4674479166666667	0.8125	0.18446180555555555	0.8125
5	0.4544270833333333	0.9010416666666666	0.2400173611111111	0.9010416666666666
3	1.1271701388888888	1.1944444444444444	0.4327256944444444	1.1944444444444444
0	1.0347222222222223	0.5697916666666667	0.1293402777777778	0.5697916666666667
5	1.4674479166666667	0.8125	0.18446180555555555	0.8125
5	0.4544270833333333	0.9010416666666666	0.2400173611111111	0.9010416666666666
3	1.1271701388888888	1.1944444444444444	0.4327256944444444	1.1944444444444444
0	0.5173611111111112	0.28489583333333335	0.1293402777777778	0.13090277777777778
5	0.7337239583333334	0.40625	0.18446180555555555	0.3020833333333333
5	0.22721354166666666	0.4505208333333333	0.2400173611111111	0.5399305555555556
3	0.5635850694444444	0.5972222222222222	0.4327256944444444	0.15486111111111112
0	0.5173611111111112	0.28489583333333335	0.1293402777777778	0.13090277777777778
5	0.7337239583333334	0.40625	0.18446180555555555	0.3020833333333333
3	0.5635850694444444	0.5972222222222222	0.4327256944444444	0.15486111111111112
