7	0.6536458333333334	0.8343098958333334	0.12890625	0.8343098958333334
6	0.6774088541666666	0.8274739583333334	0.1259765625	0.8274739583333334
3	1.0419921875	1.0865885416666667	0.3336588541666667	1.0865885416666667
7	0.6536458333333334	0.8343098958333334	0.12890625	0.8343098958333334
6	0.6774088541666666	0.8274739583333334	0.1259765625	0.8274739583333334
3	1.0419921875	1.0865885416666667	0.3336588541666667	1.0865885416666667
7	0.3268229166666667	0.4171549479166667	0.12890625	0.0966796875
6	0.3387044270833333	0.4137369791666667	0.1259765625	0.11848958333333333
3	0.52099609375	0.5432942708333334	0.3336588541666667	0.10416666666666667
7	0.3268229166666667	0.4171549479166667	0.12890625	0.0966796875
13	0.34130859375	0.4239908854166667	0.12467447916666667	0.10384114583333333
6	0.3387044270833333	0.4137369791666667	0.1259765625	0.11848958333333333
3	0.52099609375	0.5432942708333334	0.3336588541666667	0.10416666666666667
