0	1.1488250652741514	0.7377344877344877	0.0917568071615069	0.7377344877344877
3	1.2700484893696382	1.480880230880231	0.39649384558000744	1.480880230880231
9	1.0842969041402462	1.47005772005772	0.19731443491234613	1.47005772005772
0	1.1488250652741514	0.7377344877344877	0.0917568071615069	0.7377344877344877
3	1.2700484893696382	1.480880230880231	0.39649384558000744	1.480880230880231
9	1.0842969041402462	1.47005772005772	0.19731443491234613	1.47005772005772
0	0.5744125326370757	0.36886724386724384	0.0917568071615069	0.08261183261183261
3	0.6350242446848191	0.7404401154401155	0.39649384558000744	0.09415584415584416
9	0.5421484520701231	0.73502886002886	0.19731443491234613	0.5205627705627706
11	0.3535994032077583	0.18001443001443002	0.17083177918687056	0.051226551226551224
0	0.5744125326370757	0.36886724386724384	0.0917568071615069	0.08261183261183261
3	0.6350242446848191	0.7404401154401155	0.39649384558000744	0.09415584415584416
9	0.5421484520701231	0.73502886002886	0.19731443491234613	0.5205627705627706
