4	0.5519832985386222	1.3143434343434344	0.24968684759916493	1.3143434343434344
4	0.5436325678496868	0.8408080808080808	0.17536534446764093	0.8408080808080808
2	1.2183716075156577	0.6513131313131313	0.11356993736951983	0.6513131313131313
10	1.6096033402922756	1.5927272727272728	0.31941544885177453	1.5927272727272728
10	0.3682672233820459	1.532929292929293	0.3139874739039666	1.532929292929293
4	0.5519832985386222	1.3143434343434344	0.24968684759916493	1.3143434343434344
4	0.5436325678496868	0.8408080808080808	0.17536534446764093	0.8408080808080808
2	1.2183716075156577	0.6513131313131313	0.11356993736951983	0.6513131313131313
10	1.6096033402922756	1.5927272727272728	0.31941544885177453	1.5927272727272728
10	0.3682672233820459	1.532929292929293	0.3139874739039666	1.532929292929293
4	0.2759916492693111	0.6571717171717172	0.24968684759916493	0.21454545454545454
4	0.2718162839248434	0.4204040404040404	0.17536534446764093	0.12080808080808081
2	0.6091858037578288	0.32565656565656564	0.11356993736951983	0.16161616161616163
10	0.8048016701461378	0.7963636363636364	0.31941544885177453	0.2634343434343434
10	0.18413361169102296	0.7664646464646465	0.3139874739039666	0.1503030303030303
11	0.8837160751565762	0.8036363636363636	0.1649269311064718	0.19151515151515153
4	0.2759916492693111	0.6571717171717172	0.24968684759916493	0.21454545454545454
5	0.30835073068893526	0.417979797979798	0.16075156576200417	0.12404040404040403
2	0.6091858037578288	0.32565656565656564	0.11356993736951983	0.16161616161616163
10	0.8048016701461378	0.7963636363636364	0.31941544885177453	0.2634343434343434
1	0.25260960334029225	0.6672727272727272	0.24217118997912318	0.1781818181818182
