0	1.160453216374269	0.5956019381289601	0.10416666666666667	0.5956019381289601
3	1.2306286549707601	1.276183376816996	0.45796783625730997	1.276183376816996
9	0.9733187134502924	0.8084234066343645	0.1823830409356725	0.8084234066343645
0	1.160453216374269	0.5956019381289601	0.10416666666666667	0.5956019381289601
3	1.2306286549707601	1.276183376816996	0.45796783625730997	1.276183376816996
9	0.9733187134502924	0.8084234066343645	0.1823830409356725	0.8084234066343645
0	0.5802266081871345	0.29780096906448006	0.10416666666666667	0.10361535594483787
3	0.6153143274853801	0.638091688408498	0.45796783625730997	0.14014163250093178
9	0.4866593567251462	0.40421170331718226	0.1823830409356725	0.55721207603429
9	0.4866593567251462	0.40421170331718226	0.1823830409356725	0.55721207603429
0	0.5802266081871345	0.29780096906448006	0.10416666666666667	0.10361535594483787
3	0.6153143274853801	0.638091688408498	0.45796783625730997	0.14014163250093178
