0	1.1964566929133857	0.6422526041666666	0.1405511811023622	0.6422526041666666
3	1.1807086614173228	1.2799479166666667	0.41614173228346457	1.2799479166666667
0	1.1964566929133857	0.6422526041666666	0.1405511811023622	0.6422526041666666
3	1.1807086614173228	1.2799479166666667	0.41614173228346457	1.2799479166666667
3	0.5903543307086614	0.6399739583333334	0.41614173228346457	0.11458333333333333
0	0.5982283464566929	0.3211263020833333	0.1405511811023622	0.1162109375
0	0.5982283464566929	0.3211263020833333	0.1405511811023622	0.1162109375
7	0.43996062992125984	0.2669270833333333	0.0578740157480315	0.18098958333333334
3	0.5903543307086614	0.6399739583333334	0.41614173228346457	0.11458333333333333
9	0.43996062992125984	0.2669270833333333	0.0578740157480315	0.18098958333333334
