13	0.33952702702702703	0.5769675925925926	0.0625	0.5769675925925926
13	0.35754504504504503	0.6377314814814815	0.07826576576576577	0.6377314814814815
13	1.632882882882883	0.6903935185185185	0.06644144144144144	0.6903935185185185
13	0.4025900900900901	1.0179398148148149	0.13682432432432431	1.0179398148148149
3	1.1587837837837838	1.0503472222222223	0.49099099099099097	1.0503472222222223
11	0.7804054054054054	0.11689814814814815	0.08220720720720721	0.11689814814814815
11	1.1987612612612613	0.15046296296296297	0.08502252252252253	0.15046296296296297
0	1.142454954954955	0.5017361111111112	0.15146396396396397	0.5017361111111112
13	0.33952702702702703	0.5769675925925926	0.0625	0.5769675925925926
13	0.35754504504504503	0.6377314814814815	0.07826576576576577	0.6377314814814815
13	1.632882882882883	0.6903935185185185	0.06644144144144144	0.6903935185185185
13	0.4025900900900901	1.0179398148148149	0.13682432432432431	1.0179398148148149
3	1.1587837837837838	1.0503472222222223	0.49099099099099097	1.0503472222222223
11	0.7804054054054054	0.11689814814814815	0.08220720720720721	0.11689814814814815
11	1.1987612612612613	0.15046296296296297	0.08502252252252253	0.15046296296296297
0	1.142454954954955	0.5017361111111112	0.15146396396396397	0.5017361111111112
0	0.5712274774774775	0.2508680555555556	0.15146396396396397	0.14756944444444445
13	0.16976351351351351	0.2884837962962963	0.0625	0.03530092592592592
13	0.17877252252252251	0.31886574074074076	0.07826576576576577	0.10648148148148148
13	0.8164414414414415	0.34519675925925924	0.06644144144144144	0.036458333333333336
13	0.20129504504504506	0.5089699074074074	0.13682432432432431	0.03761574074074074
3	0.5793918918918919	0.5251736111111112	0.49099099099099097	0.1417824074074074
11	0.3902027027027027	0.05844907407407408	0.08220720720720721	0.03819444444444445
11	0.5993806306306306	0.07523148148148148	0.08502252252252253	0.03356481481481482
13	0.16976351351351351	0.2884837962962963	0.0625	0.03530092592592592
3	0.5793918918918919	0.5251736111111112	0.49099099099099097	0.1417824074074074
11	0.3902027027027027	0.05844907407407408	0.08220720720720721	0.03819444444444445
7	0.17229729729729729	0.5118634259259259	0.14752252252252251	0.05613425925925926
0	0.5712274774774775	0.2508680555555556	0.15146396396396397	0.14756944444444445
