11	1.4654947916666667	1.3072916666666667	0.029296875	1.3072916666666667
11	1.1572265625	0.18684895833333334	0.08561197916666667	0.18684895833333334
11	0.6936848958333334	0.138671875	0.0615234375	0.138671875
11	0.4010416666666667	1.3811848958333333	0.029296875	1.3811848958333333
13	0.5524088541666666	0.4641927083333333	0.0595703125	0.4641927083333333
13	0.4947916666666667	0.5641276041666666	0.07096354166666667	0.5641276041666666
0	0.9928385416666666	0.4557291666666667	0.06315104166666667	0.4557291666666667
11	1.4654947916666667	1.3072916666666667	0.029296875	1.3072916666666667
11	1.1572265625	0.18684895833333334	0.08561197916666667	0.18684895833333334
11	0.6936848958333334	0.138671875	0.0615234375	0.138671875
11	0.4010416666666667	1.3811848958333333	0.029296875	1.3811848958333333
13	0.5524088541666666	0.4641927083333333	0.0595703125	0.4641927083333333
13	0.4947916666666667	0.5641276041666666	0.07096354166666667	0.5641276041666666
0	0.9928385416666666	0.4557291666666667	0.06315104166666667	0.4557291666666667
13	0.2762044270833333	0.23209635416666666	0.0595703125	0.09700520833333333
13	0.24739583333333334	0.2820638020833333	0.07096354166666667	0.08235677083333333
0	0.4964192708333333	0.22786458333333334	0.06315104166666667	0.06770833333333333
11	0.7327473958333334	0.6536458333333334	0.029296875	0.034505208333333336
11	0.57861328125	0.09342447916666667	0.08561197916666667	0.037760416666666664
11	0.3468424479166667	0.0693359375	0.0615234375	0.016927083333333332
11	0.20052083333333334	0.6905924479166666	0.029296875	0.037434895833333336
11	0.7327473958333334	0.6536458333333334	0.029296875	0.034505208333333336
10	0.7237955729166666	0.6529947916666666	0.030924479166666668	0.047526041666666664
9	0.3465169270833333	0.4220377604166667	0.08235677083333333	0.1494140625
7	0.24739583333333334	0.2820638020833333	0.07096354166666667	0.08235677083333333
13	0.2762044270833333	0.23209635416666666	0.0595703125	0.09700520833333333
0	0.4964192708333333	0.22786458333333334	0.06315104166666667	0.06770833333333333
3	0.51171875	0.5716145833333334	0.3125	0.09830729166666667
