13	0.5865885416666666	0.4485677083333333	0.059244791666666664	0.4485677083333333
13	0.6930338541666666	0.3388671875	0.053059895833333336	0.3388671875
13	0.7607421875	0.2662760416666667	0.07389322916666667	0.2662760416666667
0	1.2360026041666667	0.46484375	0.1513671875	0.46484375
3	1.2190755208333333	0.888671875	0.3694661458333333	0.888671875
8	0.521484375	0.783203125	0.014322916666666666	0.783203125
8	0.7076822916666666	0.337890625	0.016276041666666668	0.337890625
13	0.5865885416666666	0.4485677083333333	0.059244791666666664	0.4485677083333333
13	0.6930338541666666	0.3388671875	0.053059895833333336	0.3388671875
13	0.7607421875	0.2662760416666667	0.07389322916666667	0.2662760416666667
0	1.2360026041666667	0.46484375	0.1513671875	0.46484375
3	1.2190755208333333	0.888671875	0.3694661458333333	0.888671875
8	0.521484375	0.783203125	0.014322916666666666	0.783203125
8	0.7076822916666666	0.337890625	0.016276041666666668	0.337890625
13	0.2932942708333333	0.22428385416666666	0.059244791666666664	0.036458333333333336
13	0.3465169270833333	0.16943359375	0.053059895833333336	0.060221354166666664
13	0.38037109375	0.13313802083333334	0.07389322916666667	0.142578125
0	0.6180013020833334	0.232421875	0.1513671875	0.17578125
3	0.6095377604166666	0.4443359375	0.3694661458333333	0.111328125
8	0.2607421875	0.3916015625	0.014322916666666666	0.012369791666666666
8	0.3538411458333333	0.1689453125	0.016276041666666668	0.013671875
13	0.2932942708333333	0.22428385416666666	0.059244791666666664	0.036458333333333336
0	0.6180013020833334	0.232421875	0.1513671875	0.17578125
9	0.7262369791666666	0.3595377604166667	0.1015625	0.0712890625
5	0.3474934895833333	0.3264973958333333	0.1884765625	0.2545572916666667
3	0.6095377604166666	0.4443359375	0.3694661458333333	0.111328125
8	0.2607421875	0.3916015625	0.014322916666666666	0.012369791666666666
2	0.2607421875	0.3916015625	0.014322916666666666	0.012369791666666666
7	0.7532552083333334	0.4054361979166667	0.15169270833333334	0.17936197916666666
