13	0.5397435897435897	0.48604992657856094	0.32863247863247863	0.48604992657856094
13	1.6085470085470086	0.4287812041116006	0.15897435897435896	0.4287812041116006
6	1.476923076923077	0.4397944199706314	0.28376068376068375	0.4397944199706314
6	0.5397435897435897	0.48604992657856094	0.32863247863247863	0.48604992657856094
13	0.5397435897435897	0.48604992657856094	0.32863247863247863	0.48604992657856094
13	1.6085470085470086	0.4287812041116006	0.15897435897435896	0.4287812041116006
6	1.476923076923077	0.4397944199706314	0.28376068376068375	0.4397944199706314
6	0.5397435897435897	0.48604992657856094	0.32863247863247863	0.48604992657856094
13	0.26987179487179486	0.24302496328928047	0.32863247863247863	0.32599118942731276
13	0.8042735042735043	0.2143906020558003	0.15897435897435896	0.23861967694566813
6	0.7384615384615385	0.2198972099853157	0.28376068376068375	0.25183553597650515
6	0.26987179487179486	0.24302496328928047	0.32863247863247863	0.32599118942731276
13	0.26987179487179486	0.24302496328928047	0.32863247863247863	0.32599118942731276
6	0.7384615384615385	0.2198972099853157	0.28376068376068375	0.25183553597650515
9	0.7876068376068376	0.2393538913362702	0.10683760683760683	0.07562408223201175
