13	0.4388020833333333	1.2986111111111112	0.07769097222222222	1.2986111111111112
3	1.0095486111111112	1.2149305555555556	0.4288194444444444	1.2149305555555556
0	1.1050347222222223	0.8444444444444444	0.0920138888888889	0.8444444444444444
13	0.4388020833333333	1.2986111111111112	0.07769097222222222	1.2986111111111112
3	1.0095486111111112	1.2149305555555556	0.4288194444444444	1.2149305555555556
0	1.1050347222222223	0.8444444444444444	0.0920138888888889	0.8444444444444444
13	0.21940104166666666	0.6493055555555556	0.07769097222222222	0.029166666666666667
3	0.5047743055555556	0.6074652777777778	0.4288194444444444	0.159375
0	0.5525173611111112	0.4222222222222222	0.0920138888888889	0.175
13	0.21940104166666666	0.6493055555555556	0.07769097222222222	0.029166666666666667
6	0.2367621527777778	0.6565972222222223	0.11848958333333333	0.041666666666666664
3	0.5047743055555556	0.6074652777777778	0.4288194444444444	0.159375
0	0.5525173611111112	0.4222222222222222	0.0920138888888889	0.175
