0	1.1362847222222223	0.7166666666666667	0.1423611111111111	0.7166666666666667
3	1.1961805555555556	1.2	0.4461805555555556	1.2
3	1.1302083333333333	0.7069444444444445	0.1684027777777778	0.7069444444444445
0	1.1362847222222223	0.7166666666666667	0.1423611111111111	0.7166666666666667
3	1.1961805555555556	1.2	0.4461805555555556	1.2
3	1.1302083333333333	0.7069444444444445	0.1684027777777778	0.7069444444444445
0	0.5681423611111112	0.35833333333333334	0.1423611111111111	0.12916666666666668
3	0.5980902777777778	0.6	0.4461805555555556	0.11875
3	0.5651041666666666	0.35347222222222224	0.1684027777777778	0.12361111111111112
13	0.3255208333333333	0.27413194444444444	0.11197916666666667	0.04548611111111111
0	0.5681423611111112	0.35833333333333334	0.1423611111111111	0.12916666666666668
3	0.5980902777777778	0.6	0.4461805555555556	0.11875
