3	1.0704732510288066	1.3062267657992566	0.47170781893004116	1.3062267657992566
0	1.087448559670782	0.7337360594795539	0.11934156378600823	0.7337360594795539
3	1.0704732510288066	1.3062267657992566	0.47170781893004116	1.3062267657992566
0	1.087448559670782	0.7337360594795539	0.11934156378600823	0.7337360594795539
3	0.5352366255144033	0.6531133828996283	0.47170781893004116	0.14358736059479554
0	0.543724279835391	0.36686802973977695	0.11934156378600823	0.13057620817843865
3	0.5352366255144033	0.6531133828996283	0.47170781893004116	0.14358736059479554
0	0.543724279835391	0.36686802973977695	0.11934156378600823	0.13057620817843865
9	0.801440329218107	0.6779739776951673	0.08127572016460906	0.12267657992565056
7	0.801440329218107	0.6779739776951673	0.08127572016460906	0.12267657992565056
