8	0.6827937431793379	0.4404283801874163	0.0411058566751546	0.4404283801874163
0	1.1178610403783193	0.7064926372155288	0.10512913786831575	0.7064926372155288
11	1.2982902873772282	0.40562248995983935	0.18079301564205166	0.40562248995983935
11	0.6529647144416151	0.3691432396251673	0.08475809385230994	0.3691432396251673
3	1.1502364496180428	1.2366131191432397	0.3950527464532557	1.2366131191432397
8	0.6827937431793379	0.4404283801874163	0.0411058566751546	0.4404283801874163
0	1.1178610403783193	0.7064926372155288	0.10512913786831575	0.7064926372155288
11	1.2982902873772282	0.40562248995983935	0.18079301564205166	0.40562248995983935
11	0.6529647144416151	0.3691432396251673	0.08475809385230994	0.3691432396251673
3	1.1502364496180428	1.2366131191432397	0.3950527464532557	1.2366131191432397
8	0.34139687158966897	0.22021419009370816	0.0411058566751546	0.040829986613119144
0	0.5589305201891597	0.3532463186077644	0.10512913786831575	0.10809906291834002
11	0.6491451436886141	0.20281124497991967	0.18079301564205166	0.08500669344042838
11	0.32648235722080754	0.18457161981258366	0.08475809385230994	0.029116465863453816
3	0.5751182248090214	0.6183065595716198	0.3950527464532557	0.07998661311914324
11	0.6491451436886141	0.20281124497991967	0.18079301564205166	0.08500669344042838
3	0.5751182248090214	0.6183065595716198	0.3950527464532557	0.07998661311914324
8	0.34139687158966897	0.22021419009370816	0.0411058566751546	0.040829986613119144
0	0.5589305201891597	0.3532463186077644	0.10512913786831575	0.10809906291834002
13	0.3386686067660968	0.20933734939759036	0.05383775918515824	0.0498661311914324
2	0.3472171698799563	0.22054886211512717	0.048381229538013826	0.03681392235609103
