11	0.8252212389380531	0.22322775263951736	0.13938053097345132	0.22322775263951736
11	1.3017699115044248	0.27564102564102566	0.07610619469026549	0.27564102564102566
3	1.2690265486725665	1.294871794871795	0.4646017699115044	1.294871794871795
11	0.8252212389380531	0.22322775263951736	0.13938053097345132	0.22322775263951736
11	1.3017699115044248	0.27564102564102566	0.07610619469026549	0.27564102564102566
3	1.2690265486725665	1.294871794871795	0.4646017699115044	1.294871794871795
3	0.6345132743362832	0.6474358974358975	0.4646017699115044	0.17345399698340874
11	0.41261061946902655	0.11161387631975868	0.13938053097345132	0.03469079939668175
11	0.6508849557522124	0.13782051282051283	0.07610619469026549	0.014705882352941176
11	0.41261061946902655	0.11161387631975868	0.13938053097345132	0.03469079939668175
0	0.5960176991150442	0.334841628959276	0.12654867256637167	0.09276018099547512
3	0.6345132743362832	0.6474358974358975	0.4646017699115044	0.17345399698340874
9	0.5055309734513275	0.3580316742081448	0.1747787610619469	0.551659125188537
