8	0.49147286821705427	1.0633423180592991	0.027906976744186046	1.0633423180592991
8	1.5406976744186047	1.0	0.02441860465116279	1.0
8	0.5550387596899224	1.368935309973046	0.02558139534883721	1.368935309973046
8	0.6984496124031008	1.3830862533692723	0.02558139534883721	1.3830862533692723
8	0.43914728682170545	0.967654986522911	0.031395348837209305	0.967654986522911
8	0.34108527131782945	1.488544474393531	0.031007751937984496	1.488544474393531
8	0.5635658914728682	1.0171832884097034	0.3488372093023256	1.0171832884097034
8	0.3050387596899225	1.350067385444744	0.01744186046511628	1.350067385444744
8	0.7050387596899225	1.3308625336927224	0.031395348837209305	1.3308625336927224
8	1.4903100775193798	0.7368598382749326	0.02441860465116279	0.7368598382749326
8	1.5906976744186045	1.3173854447439353	0.03333333333333333	1.3173854447439353
8	1.5414728682170542	0.8470350404312669	0.18023255813953487	0.8470350404312669
8	0.7015503875968992	1.125	0.08914728682170543	1.125
8	1.7003875968992248	1.4814690026954178	0.02054263565891473	1.4814690026954178
8	0.7023255813953488	0.6805929919137467	0.020155038759689922	0.6805929919137467
8	1.412015503875969	0.7442722371967655	0.02054263565891473	0.7442722371967655
8	1.4534883720930232	0.7378706199460916	0.06124031007751938	0.7378706199460916
8	1.6344961240310079	1.4191374663072776	0.1065891472868217	1.4191374663072776
11	1.2015503875968991	0.396900269541779	0.09922480620155039	0.396900269541779
11	0.2391472868217054	1.6536388140161724	0.04224806201550388	1.6536388140161724
7	1.5693798449612404	0.8473719676549866	0.05852713178294574	0.8473719676549866
7	1.5414728682170542	0.8470350404312669	0.18023255813953487	0.8470350404312669
5	1.4205426356589148	1.2941374663072776	0.14689922480620154	1.2941374663072776
5	0.5034883720930232	1.3035714285714286	0.12441860465116279	1.3035714285714286
8	0.49147286821705427	1.0633423180592991	0.027906976744186046	1.0633423180592991
8	1.5406976744186047	1.0	0.02441860465116279	1.0
8	0.5550387596899224	1.368935309973046	0.02558139534883721	1.368935309973046
8	0.6984496124031008	1.3830862533692723	0.02558139534883721	1.3830862533692723
8	0.43914728682170545	0.967654986522911	0.031395348837209305	0.967654986522911
8	0.34108527131782945	1.488544474393531	0.031007751937984496	1.488544474393531
8	0.5635658914728682	1.0171832884097034	0.3488372093023256	1.0171832884097034
8	0.3050387596899225	1.350067385444744	0.01744186046511628	1.350067385444744
8	0.7050387596899225	1.3308625336927224	0.031395348837209305	1.3308625336927224
8	1.4903100775193798	0.7368598382749326	0.02441860465116279	0.7368598382749326
8	1.5906976744186045	1.3173854447439353	0.03333333333333333	1.3173854447439353
8	1.5414728682170542	0.8470350404312669	0.18023255813953487	0.8470350404312669
8	0.7015503875968992	1.125	0.08914728682170543	1.125
8	1.7003875968992248	1.4814690026954178	0.02054263565891473	1.4814690026954178
8	0.7023255813953488	0.6805929919137467	0.020155038759689922	0.6805929919137467
8	1.412015503875969	0.7442722371967655	0.02054263565891473	0.7442722371967655
8	1.4534883720930232	0.7378706199460916	0.06124031007751938	0.7378706199460916
8	1.6344961240310079	1.4191374663072776	0.1065891472868217	1.4191374663072776
11	1.2015503875968991	0.396900269541779	0.09922480620155039	0.396900269541779
11	0.2391472868217054	1.6536388140161724	0.04224806201550388	1.6536388140161724
7	1.5693798449612404	0.8473719676549866	0.05852713178294574	0.8473719676549866
7	1.5414728682170542	0.8470350404312669	0.18023255813953487	0.8470350404312669
5	1.4205426356589148	1.2941374663072776	0.14689922480620154	1.2941374663072776
5	0.5034883720930232	1.3035714285714286	0.12441860465116279	1.3035714285714286
8	0.24573643410852714	0.5316711590296496	0.027906976744186046	0.0215633423180593
8	0.7703488372093024	0.5	0.02441860465116279	0.018194070080862535
8	0.2775193798449612	0.684467654986523	0.02558139534883721	0.02257412398921833
8	0.3492248062015504	0.6915431266846361	0.02558139534883721	0.021900269541778976
8	0.21957364341085273	0.4838274932614555	0.031395348837209305	0.02223719676549865
8	0.17054263565891473	0.7442722371967655	0.031007751937984496	0.03032345013477089
8	0.2817829457364341	0.5085916442048517	0.3488372093023256	0.6115229110512129
8	0.15251937984496125	0.675033692722372	0.01744186046511628	0.01650943396226415
8	0.35251937984496123	0.6654312668463612	0.031395348837209305	0.02358490566037736
8	0.7451550387596899	0.3684299191374663	0.02441860465116279	0.019878706199460916
8	0.7953488372093023	0.6586927223719676	0.03333333333333333	0.02628032345013477
8	0.7707364341085271	0.42351752021563344	0.18023255813953487	0.19070080862533692
8	0.3507751937984496	0.5625	0.08914728682170543	0.0832210242587601
8	0.8501937984496124	0.7407345013477089	0.02054263565891473	0.014487870619946091
8	0.3511627906976744	0.34029649595687333	0.020155038759689922	0.01752021563342318
8	0.7060077519379845	0.37213611859838275	0.02054263565891473	0.017857142857142856
8	0.7267441860465116	0.3689353099730458	0.06124031007751938	0.03504043126684636
8	0.8172480620155039	0.7095687331536388	0.1065891472868217	0.1179245283018868
11	0.6007751937984496	0.1984501347708895	0.09922480620155039	0.01954177897574124
11	0.1195736434108527	0.8268194070080862	0.04224806201550388	0.05592991913746631
7	0.7846899224806202	0.4236859838274933	0.05852713178294574	0.047506738544474396
7	0.7707364341085271	0.42351752021563344	0.18023255813953487	0.19070080862533692
5	0.7102713178294574	0.6470687331536388	0.14689922480620154	0.1997978436657682
5	0.2517441860465116	0.6517857142857143	0.12441860465116279	0.15060646900269542
8	0.24573643410852714	0.5316711590296496	0.027906976744186046	0.0215633423180593
0	0.5546511627906977	0.3788746630727763	0.13023255813953488	0.11893530997304583
13	0.31492248062015504	0.42840296495956875	0.0810077519379845	0.038746630727762806
10	0.1195736434108527	0.8268194070080862	0.04224806201550388	0.05592991913746631
11	0.6007751937984496	0.1984501347708895	0.09922480620155039	0.01954177897574124
7	0.7846899224806202	0.4236859838274933	0.05852713178294574	0.047506738544474396
5	0.7102713178294574	0.6470687331536388	0.14689922480620154	0.1997978436657682
