13	1.3441108545034641	0.3951822916666667	0.13163972286374134	0.3951822916666667
13	0.6116243264049269	0.3994140625	0.1581986143187067	0.3994140625
13	0.5342571208622017	0.4322916666666667	0.06774441878367975	0.4322916666666667
13	1.3441108545034641	0.3951822916666667	0.13163972286374134	0.3951822916666667
13	0.6116243264049269	0.3994140625	0.1581986143187067	0.3994140625
13	0.5342571208622017	0.4322916666666667	0.06774441878367975	0.4322916666666667
13	0.6720554272517321	0.19759114583333334	0.13163972286374134	0.19596354166666666
13	0.30581216320246346	0.19970703125	0.1581986143187067	0.1181640625
13	0.26712856043110084	0.21614583333333334	0.06774441878367975	0.07682291666666667
13	0.6720554272517321	0.19759114583333334	0.13163972286374134	0.19596354166666666
