0	1.2125651041666667	0.6559244791666666	0.0869140625	0.6559244791666666
7	1.3515625	0.3486328125	0.043619791666666664	0.3486328125
7	0.8834635416666666	0.3330078125	0.03125	0.3330078125
0	1.2125651041666667	0.6559244791666666	0.0869140625	0.6559244791666666
7	1.3515625	0.3486328125	0.043619791666666664	0.3486328125
7	0.8834635416666666	0.3330078125	0.03125	0.3330078125
0	0.6062825520833334	0.3279622395833333	0.0869140625	0.08821614583333333
7	0.67578125	0.17431640625	0.043619791666666664	0.019856770833333332
7	0.4417317708333333	0.16650390625	0.03125	0.055013020833333336
0	0.6062825520833334	0.3279622395833333	0.0869140625	0.08821614583333333
7	0.67578125	0.17431640625	0.043619791666666664	0.019856770833333332
11	0.7008463541666666	0.16975911458333334	0.048177083333333336	0.019205729166666668
9	0.4417317708333333	0.16650390625	0.03125	0.055013020833333336
