9	0.329467198	0.048694316	0.137731062	0.092473118
9	0.618158753	0.789247312	0.169989126	0.044239631
9	0.771656397	0.058218126	0.31025734	0.093701997
9	0.524102936	0.066973886	0.55599855	0.132104455
9	0.846683581	0.377265745	0.303008336	0.226113671
9	0.858463211	0.389247312	0.158390721	0.63655914
9	0.897970279	0.514900154	0.048205872	0.323195084
9	0.631388184	0.176036866	0.117433853	0.14562212
7	0.209133744	0.712288786	0.28778543	0.284792627
7	0.103479522	0.826728111	0.094599493	0.085407066
10	0.103479522	0.826728111	0.094599493	0.085407066
10	0.097136644	0.825806452	0.04494382	0.038095238
13	0.837259877	0.643471582	0.04349402	0.11827957
11	0.097136644	0.825806452	0.04494382	0.038095238
11	0.103479522	0.826728111	0.094599493	0.085407066
