11	0.8975694444444444	0.5520833333333334	0.1519097222222222	0.5520833333333334
11	1.3880208333333333	0.5215277777777778	0.1440972222222222	0.5215277777777778
3	1.3919270833333333	1.1118055555555555	0.49609375	1.1118055555555555
0	1.3181423611111112	0.6743055555555556	0.1740451388888889	0.6743055555555556
11	0.8975694444444444	0.5520833333333334	0.1519097222222222	0.5520833333333334
11	1.3880208333333333	0.5215277777777778	0.1440972222222222	0.5215277777777778
3	1.3919270833333333	1.1118055555555555	0.49609375	1.1118055555555555
0	1.3181423611111112	0.6743055555555556	0.1740451388888889	0.6743055555555556
11	0.4487847222222222	0.2760416666666667	0.1519097222222222	0.03680555555555556
11	0.6940104166666666	0.2607638888888889	0.1440972222222222	0.059027777777777776
3	0.6959635416666666	0.5559027777777777	0.49609375	0.1388888888888889
0	0.6590711805555556	0.3371527777777778	0.1740451388888889	0.11875
11	0.4487847222222222	0.2760416666666667	0.1519097222222222	0.03680555555555556
2	0.6985677083333334	0.3392361111111111	0.06901041666666667	0.06805555555555555
4	0.4741753472222222	0.4065972222222222	0.16536458333333334	0.25277777777777777
3	0.6959635416666666	0.5559027777777777	0.49609375	0.1388888888888889
0	0.6590711805555556	0.3371527777777778	0.1740451388888889	0.11875
7	0.4867621527777778	0.3842013888888889	0.12630208333333334	0.2107638888888889
