9	0.336144578313253	0.6904844893691182	0.018072289156626505	0.6904844893691182
9	0.3204819277108434	0.7936563262460787	0.020481927710843374	0.7936563262460787
9	0.5015060240963856	0.887765772046009	0.025602409638554216	0.887765772046009
9	1.5909638554216867	1.2216800278842803	0.04397590361445783	1.2216800278842803
9	0.32469879518072287	0.7434646218194493	0.02650602409638554	0.7434646218194493
9	0.7478915662650603	0.7636807249912861	0.04006024096385542	0.7636807249912861
9	1.552710843373494	0.996514464970373	0.023795180722891565	0.996514464970373
9	0.6493975903614457	1.1659114674102475	0.018674698795180723	1.1659114674102475
9	1.600301204819277	0.7396305332868596	0.021987951807228914	0.7396305332868596
9	0.7837349397590362	0.3729522481700941	0.03253012048192771	0.3729522481700941
9	0.5451807228915663	1.0874869292436389	0.020481927710843374	1.0874869292436389
9	0.8728915662650603	0.48553502962704775	0.023493975903614458	0.48553502962704775
9	1.7948795180722892	0.7950505402579295	0.027409638554216867	0.7950505402579295
0	1.217168674698795	0.6601603346113628	0.11234939759036144	0.6601603346113628
8	1.5530120481927712	0.9909376089229697	0.02108433734939759	0.9909376089229697
8	0.8728915662650603	0.48553502962704775	0.023493975903614458	0.48553502962704775
8	0.5439759036144578	1.0874869292436389	0.019879518072289156	1.0874869292436389
8	0.6493975903614457	1.1659114674102475	0.018674698795180723	1.1659114674102475
8	0.7837349397590362	0.3729522481700941	0.03253012048192771	0.3729522481700941
9	0.336144578313253	0.6904844893691182	0.018072289156626505	0.6904844893691182
9	0.3204819277108434	0.7936563262460787	0.020481927710843374	0.7936563262460787
9	0.5015060240963856	0.887765772046009	0.025602409638554216	0.887765772046009
9	1.5909638554216867	1.2216800278842803	0.04397590361445783	1.2216800278842803
9	0.32469879518072287	0.7434646218194493	0.02650602409638554	0.7434646218194493
9	0.7478915662650603	0.7636807249912861	0.04006024096385542	0.7636807249912861
9	1.552710843373494	0.996514464970373	0.023795180722891565	0.996514464970373
9	0.6493975903614457	1.1659114674102475	0.018674698795180723	1.1659114674102475
9	1.600301204819277	0.7396305332868596	0.021987951807228914	0.7396305332868596
9	0.7837349397590362	0.3729522481700941	0.03253012048192771	0.3729522481700941
9	0.5451807228915663	1.0874869292436389	0.020481927710843374	1.0874869292436389
9	0.8728915662650603	0.48553502962704775	0.023493975903614458	0.48553502962704775
9	1.7948795180722892	0.7950505402579295	0.027409638554216867	0.7950505402579295
0	1.217168674698795	0.6601603346113628	0.11234939759036144	0.6601603346113628
8	1.5530120481927712	0.9909376089229697	0.02108433734939759	0.9909376089229697
8	0.8728915662650603	0.48553502962704775	0.023493975903614458	0.48553502962704775
8	0.5439759036144578	1.0874869292436389	0.019879518072289156	1.0874869292436389
8	0.6493975903614457	1.1659114674102475	0.018674698795180723	1.1659114674102475
8	0.7837349397590362	0.3729522481700941	0.03253012048192771	0.3729522481700941
9	0.1680722891566265	0.3452422446845591	0.018072289156626505	0.02335308469850122
9	0.1602409638554217	0.39682816312303937	0.020481927710843374	0.03171836876960613
9	0.2507530120481928	0.4438828860230045	0.025602409638554216	0.04496340188218892
9	0.7954819277108434	0.6108400139421402	0.04397590361445783	0.06378529104217498
9	0.16234939759036143	0.37173231090972464	0.02650602409638554	0.07563611014290694
9	0.37394578313253013	0.38184036249564307	0.04006024096385542	0.019867549668874173
9	0.776355421686747	0.4982572324851865	0.023795180722891565	0.02753572673405368
9	0.32469879518072287	0.5829557337051238	0.018674698795180723	0.015684907633321716
9	0.8001506024096385	0.3698152666434298	0.021987951807228914	0.021610317183687697
9	0.3918674698795181	0.18647612408504705	0.03253012048192771	0.024398745207389334
9	0.27259036144578314	0.5437434646218194	0.020481927710843374	0.023701638201463926
9	0.43644578313253013	0.24276751481352388	0.023493975903614458	0.03590101080515859
9	0.8974397590361446	0.39752527012896477	0.027409638554216867	0.04566050888811433
0	0.6085843373493975	0.3300801673056814	0.11234939759036144	0.12059951202509585
8	0.7765060240963856	0.49546880446148484	0.02108433734939759	0.033112582781456956
8	0.43644578313253013	0.24276751481352388	0.023493975903614458	0.03590101080515859
8	0.2719879518072289	0.5437434646218194	0.019879518072289156	0.023701638201463926
8	0.32469879518072287	0.5829557337051238	0.018674698795180723	0.015684907633321716
8	0.3918674698795181	0.18647612408504705	0.03253012048192771	0.024398745207389334
9	0.1680722891566265	0.3452422446845591	0.018072289156626505	0.02335308469850122
0	0.6085843373493975	0.3300801673056814	0.11234939759036144	0.12059951202509585
8	0.7765060240963856	0.49546880446148484	0.02108433734939759	0.033112582781456956
2	0.7070783132530121	0.5482746601603347	0.06716867469879519	0.1171139769954688
3	0.5993975903614458	0.6443011502265598	0.3427710843373494	0.17113976995468805
