7	0.5657894736842105	1.0197192513368984	0.23045112781954888	1.0197192513368984
7	0.5353383458646617	0.6978609625668449	0.17518796992481203	0.6978609625668449
10	0.37706766917293233	1.3957219251336899	0.19962406015037593	1.3957219251336899
5	0.5883458646616542	0.9532085561497327	0.2800751879699248	0.9532085561497327
11	0.43533834586466164	0.4872994652406417	0.061654135338345864	0.4872994652406417
11	0.75	0.39137700534759357	0.22142857142857142	0.39137700534759357
7	0.5657894736842105	1.0197192513368984	0.23045112781954888	1.0197192513368984
7	0.5353383458646617	0.6978609625668449	0.17518796992481203	0.6978609625668449
10	0.37706766917293233	1.3957219251336899	0.19962406015037593	1.3957219251336899
5	0.5883458646616542	0.9532085561497327	0.2800751879699248	0.9532085561497327
11	0.43533834586466164	0.4872994652406417	0.061654135338345864	0.4872994652406417
11	0.75	0.39137700534759357	0.22142857142857142	0.39137700534759357
7	0.28289473684210525	0.5098596256684492	0.23045112781954888	0.45287433155080214
7	0.26766917293233083	0.34893048128342247	0.17518796992481203	0.2446524064171123
10	0.18853383458646616	0.6978609625668449	0.19962406015037593	0.38836898395721925
5	0.2941729323308271	0.4766042780748663	0.2800751879699248	0.5608288770053476
11	0.21766917293233082	0.24364973262032086	0.061654135338345864	0.08021390374331551
11	0.375	0.19568850267379678	0.22142857142857142	0.10594919786096256
7	0.28289473684210525	0.5098596256684492	0.23045112781954888	0.45287433155080214
10	0.18853383458646616	0.6978609625668449	0.19962406015037593	0.38836898395721925
5	0.2941729323308271	0.4766042780748663	0.2800751879699248	0.5608288770053476
11	0.21766917293233082	0.24364973262032086	0.061654135338345864	0.08021390374331551
