8	1.706299212598425	1.3785807291666667	0.011811023622047244	1.3785807291666667
8	1.6015748031496062	1.3557942708333333	0.01968503937007874	1.3557942708333333
0	1.1716535433070867	0.6852213541666666	0.11653543307086614	0.6852213541666666
11	0.2807086614173228	1.4677734375	0.04921259842519685	1.4677734375
11	0.2740157480314961	1.4407552083333333	0.1015748031496063	1.4407552083333333
11	1.7133858267716535	1.4658203125	0.03385826771653543	1.4658203125
3	1.15	1.2972005208333333	0.4799212598425197	1.2972005208333333
10	0.2807086614173228	1.4677734375	0.04921259842519685	1.4677734375
10	0.2740157480314961	1.4407552083333333	0.1015748031496063	1.4407552083333333
10	1.7133858267716535	1.4658203125	0.03385826771653543	1.4658203125
8	1.706299212598425	1.3785807291666667	0.011811023622047244	1.3785807291666667
8	1.6015748031496062	1.3557942708333333	0.01968503937007874	1.3557942708333333
0	1.1716535433070867	0.6852213541666666	0.11653543307086614	0.6852213541666666
11	0.2807086614173228	1.4677734375	0.04921259842519685	1.4677734375
11	0.2740157480314961	1.4407552083333333	0.1015748031496063	1.4407552083333333
11	1.7133858267716535	1.4658203125	0.03385826771653543	1.4658203125
3	1.15	1.2972005208333333	0.4799212598425197	1.2972005208333333
10	0.2807086614173228	1.4677734375	0.04921259842519685	1.4677734375
10	0.2740157480314961	1.4407552083333333	0.1015748031496063	1.4407552083333333
10	1.7133858267716535	1.4658203125	0.03385826771653543	1.4658203125
8	0.8531496062992125	0.6892903645833334	0.011811023622047244	0.0126953125
8	0.8007874015748031	0.6778971354166666	0.01968503937007874	0.015299479166666666
0	0.5858267716535434	0.3426106770833333	0.11653543307086614	0.13118489583333334
11	0.1403543307086614	0.73388671875	0.04921259842519685	0.0458984375
11	0.13700787401574804	0.7203776041666666	0.1015748031496063	0.11393229166666667
11	0.8566929133858268	0.73291015625	0.03385826771653543	0.037434895833333336
3	0.575	0.6486002604166666	0.4799212598425197	0.1142578125
10	0.1403543307086614	0.73388671875	0.04921259842519685	0.0458984375
10	0.13700787401574804	0.7203776041666666	0.1015748031496063	0.11393229166666667
10	0.8566929133858268	0.73291015625	0.03385826771653543	0.037434895833333336
8	0.8531496062992125	0.6892903645833334	0.011811023622047244	0.0126953125
0	0.5858267716535434	0.3426106770833333	0.11653543307086614	0.13118489583333334
11	0.1403543307086614	0.73388671875	0.04921259842519685	0.0458984375
3	0.575	0.6486002604166666	0.4799212598425197	0.1142578125
10	0.1403543307086614	0.73388671875	0.04921259842519685	0.0458984375
