13	0.6012369791666666	0.5862630208333334	0.08170572916666667	0.5862630208333334
9	1.4811197916666667	0.9055989583333334	0.032552083333333336	0.9055989583333334
13	0.6012369791666666	0.5862630208333334	0.08170572916666667	0.5862630208333334
9	1.4811197916666667	0.9055989583333334	0.032552083333333336	0.9055989583333334
13	0.3006184895833333	0.2931315104166667	0.08170572916666667	0.10123697916666667
9	0.7405598958333334	0.4527994791666667	0.032552083333333336	0.020833333333333332
13	0.3006184895833333	0.2931315104166667	0.08170572916666667	0.10123697916666667
0	0.5550130208333334	0.37109375	0.09309895833333333	0.080078125
8	0.7425130208333334	0.4521484375	0.0234375	0.014322916666666666
9	0.7405598958333334	0.4527994791666667	0.032552083333333336	0.020833333333333332
7	0.7400716145833334	0.45166015625	0.0302734375	0.023111979166666668
3	0.5791015625	0.6632486979166666	0.39453125	0.16178385416666666
