3	1.0985243055555556	1.1413194444444446	0.4396701388888889	1.1413194444444446
11	0.6258680555555556	0.32534722222222223	0.09027777777777778	0.32534722222222223
11	1.4192708333333333	0.30868055555555557	0.08940972222222222	0.30868055555555557
10	0.5347222222222222	1.1003472222222221	0.2682291666666667	1.1003472222222221
3	1.0985243055555556	1.1413194444444446	0.4396701388888889	1.1413194444444446
11	0.6258680555555556	0.32534722222222223	0.09027777777777778	0.32534722222222223
11	1.4192708333333333	0.30868055555555557	0.08940972222222222	0.30868055555555557
10	0.5347222222222222	1.1003472222222221	0.2682291666666667	1.1003472222222221
3	0.5492621527777778	0.5706597222222223	0.4396701388888889	0.13090277777777778
11	0.3129340277777778	0.16267361111111112	0.09027777777777778	0.04479166666666667
11	0.7096354166666666	0.15434027777777778	0.08940972222222222	0.05451388888888889
10	0.2673611111111111	0.5501736111111111	0.2682291666666667	0.159375
0	0.5657552083333334	0.32795138888888886	0.11414930555555555	0.10104166666666667
3	0.5492621527777778	0.5706597222222223	0.4396701388888889	0.13090277777777778
11	0.3129340277777778	0.16267361111111112	0.09027777777777778	0.04479166666666667
7	0.3509114583333333	0.4152777777777778	0.08984375	0.14027777777777778
10	0.2673611111111111	0.5501736111111111	0.2682291666666667	0.159375
13	0.3129340277777778	0.44809027777777777	0.1640625	0.19826388888888888
