13	0.697265625	0.8046875	0.17317708333333334	0.8046875
13	0.6845703125	0.4973958333333333	0.10709635416666667	0.4973958333333333
13	1.4016927083333333	0.86328125	0.162109375	0.86328125
13	0.6168619791666666	0.9270833333333334	0.07454427083333333	0.9270833333333334
6	0.697265625	0.8046875	0.17317708333333334	0.8046875
6	0.7177734375	0.5169270833333334	0.1357421875	0.5169270833333334
6	1.392578125	0.8834635416666666	0.18033854166666666	0.8834635416666666
5	0.6715494791666666	0.962890625	0.1494140625	0.962890625
5	1.392578125	0.8834635416666666	0.18033854166666666	0.8834635416666666
11	1.294921875	0.3424479166666667	0.14322916666666666	0.3424479166666667
13	0.697265625	0.8046875	0.17317708333333334	0.8046875
13	0.6845703125	0.4973958333333333	0.10709635416666667	0.4973958333333333
13	1.4016927083333333	0.86328125	0.162109375	0.86328125
13	0.6168619791666666	0.9270833333333334	0.07454427083333333	0.9270833333333334
6	0.697265625	0.8046875	0.17317708333333334	0.8046875
6	0.7177734375	0.5169270833333334	0.1357421875	0.5169270833333334
6	1.392578125	0.8834635416666666	0.18033854166666666	0.8834635416666666
5	0.6715494791666666	0.962890625	0.1494140625	0.962890625
5	1.392578125	0.8834635416666666	0.18033854166666666	0.8834635416666666
11	1.294921875	0.3424479166666667	0.14322916666666666	0.3424479166666667
6	0.3486328125	0.40234375	0.17317708333333334	0.412109375
6	0.35888671875	0.2584635416666667	0.1357421875	0.10677083333333333
6	0.6962890625	0.4417317708333333	0.18033854166666666	0.45703125
5	0.3357747395833333	0.4814453125	0.1494140625	0.2916666666666667
5	0.6962890625	0.4417317708333333	0.18033854166666666	0.45703125
11	0.6474609375	0.17122395833333334	0.14322916666666666	0.07552083333333333
13	0.3486328125	0.40234375	0.17317708333333334	0.412109375
13	0.34228515625	0.24869791666666666	0.10709635416666667	0.10807291666666667
13	0.7008463541666666	0.431640625	0.162109375	0.4388020833333333
13	0.3084309895833333	0.4635416666666667	0.07454427083333333	0.2526041666666667
13	0.3486328125	0.40234375	0.17317708333333334	0.412109375
1	0.6611328125	0.3665364583333333	0.146484375	0.3196614583333333
6	0.3486328125	0.40234375	0.17317708333333334	0.412109375
5	0.3357747395833333	0.4814453125	0.1494140625	0.2916666666666667
11	0.6474609375	0.17122395833333334	0.14322916666666666	0.07552083333333333
