13	0.5790229885057471	0.7322738386308069	0.1839080459770115	0.7322738386308069
13	1.4547413793103448	0.9156479217603912	0.2535919540229885	0.9156479217603912
11	0.7385057471264368	0.456601466992665	0.11637931034482758	0.456601466992665
11	1.790948275862069	1.6815403422982884	0.02442528735632184	1.6815403422982884
11	1.3444683908045978	0.46974327628361856	0.1469109195402299	0.46974327628361856
2	1.5147270114942528	0.9180929095354523	0.19360632183908047	0.9180929095354523
2	0.5790229885057471	0.7322738386308069	0.1839080459770115	0.7322738386308069
13	0.5790229885057471	0.7322738386308069	0.1839080459770115	0.7322738386308069
13	1.4547413793103448	0.9156479217603912	0.2535919540229885	0.9156479217603912
11	0.7385057471264368	0.456601466992665	0.11637931034482758	0.456601466992665
11	1.790948275862069	1.6815403422982884	0.02442528735632184	1.6815403422982884
11	1.3444683908045978	0.46974327628361856	0.1469109195402299	0.46974327628361856
2	1.5147270114942528	0.9180929095354523	0.19360632183908047	0.9180929095354523
2	0.5790229885057471	0.7322738386308069	0.1839080459770115	0.7322738386308069
13	0.28951149425287354	0.36613691931540343	0.1839080459770115	0.22555012224938875
13	0.7273706896551724	0.4578239608801956	0.2535919540229885	0.3918092909535452
11	0.3692528735632184	0.2283007334963325	0.11637931034482758	0.018337408312958436
11	0.8954741379310345	0.8407701711491442	0.02442528735632184	0.03361858190709047
11	0.6722341954022989	0.23487163814180928	0.1469109195402299	0.019254278728606355
2	0.7573635057471264	0.45904645476772615	0.19360632183908047	0.40464547677261614
2	0.28951149425287354	0.36613691931540343	0.1839080459770115	0.22555012224938875
11	0.3692528735632184	0.2283007334963325	0.11637931034482758	0.018337408312958436
2	0.7573635057471264	0.45904645476772615	0.19360632183908047	0.40464547677261614
0	0.5644755747126436	0.41503667481662593	0.11817528735632184	0.12408312958435208
13	0.28951149425287354	0.36613691931540343	0.1839080459770115	0.22555012224938875
