8	0.3224826388888889	0.6645833333333333	0.023003472222222224	0.6645833333333333
13	0.4791666666666667	0.6840277777777778	0.1909722222222222	0.6840277777777778
13	1.55078125	0.8899305555555556	0.09244791666666667	0.8899305555555556
11	1.1701388888888888	0.2513888888888889	0.16145833333333334	0.2513888888888889
11	0.6705729166666666	0.24965277777777778	0.11675347222222222	0.24965277777777778
5	0.3797743055555556	1.2020833333333334	0.3372395833333333	1.2020833333333334
5	1.4305555555555556	1.2510416666666666	0.2821180555555556	1.2510416666666666
8	0.3224826388888889	0.6645833333333333	0.023003472222222224	0.6645833333333333
13	0.4791666666666667	0.6840277777777778	0.1909722222222222	0.6840277777777778
13	1.55078125	0.8899305555555556	0.09244791666666667	0.8899305555555556
11	1.1701388888888888	0.2513888888888889	0.16145833333333334	0.2513888888888889
11	0.6705729166666666	0.24965277777777778	0.11675347222222222	0.24965277777777778
5	0.3797743055555556	1.2020833333333334	0.3372395833333333	1.2020833333333334
5	1.4305555555555556	1.2510416666666666	0.2821180555555556	1.2510416666666666
8	0.16124131944444445	0.33229166666666665	0.023003472222222224	0.018055555555555554
13	0.23958333333333334	0.3420138888888889	0.1909722222222222	0.1423611111111111
13	0.775390625	0.4449652777777778	0.09244791666666667	0.05590277777777778
11	0.5850694444444444	0.12569444444444444	0.16145833333333334	0.03819444444444445
11	0.3352864583333333	0.12482638888888889	0.11675347222222222	0.03229166666666667
5	0.1898871527777778	0.6010416666666667	0.3372395833333333	0.38472222222222224
5	0.7152777777777778	0.6255208333333333	0.2821180555555556	0.38229166666666664
8	0.16124131944444445	0.33229166666666665	0.023003472222222224	0.018055555555555554
13	0.23958333333333334	0.3420138888888889	0.1909722222222222	0.1423611111111111
11	0.5850694444444444	0.12569444444444444	0.16145833333333334	0.03819444444444445
6	0.7740885416666666	0.44583333333333336	0.0837673611111111	0.05763888888888889
7	0.7740885416666666	0.44583333333333336	0.0837673611111111	0.05763888888888889
5	0.1898871527777778	0.6010416666666667	0.3372395833333333	0.38472222222222224
0	0.5329861111111112	0.31180555555555556	0.1189236111111111	0.08611111111111111
