6	0.8373955431754875	0.6805851874428528	0.11037604456824512	0.6805851874428528
6	1.1998607242339834	0.49832368180432796	0.07242339832869081	0.49832368180432796
9	1.4512534818941505	0.2819262419993904	0.31824512534818944	0.2819262419993904
9	0.4529944289693593	0.3538555318500457	0.33948467966573814	0.3538555318500457
13	0.6361420612813371	1.3925632429137458	0.08600278551532034	1.3925632429137458
13	0.8373955431754875	0.6805851874428528	0.11037604456824512	0.6805851874428528
0	1.133008356545961	0.7269125266686985	0.0905292479108635	0.7269125266686985
6	0.8373955431754875	0.6805851874428528	0.11037604456824512	0.6805851874428528
6	1.1998607242339834	0.49832368180432796	0.07242339832869081	0.49832368180432796
9	1.4512534818941505	0.2819262419993904	0.31824512534818944	0.2819262419993904
9	0.4529944289693593	0.3538555318500457	0.33948467966573814	0.3538555318500457
13	0.6361420612813371	1.3925632429137458	0.08600278551532034	1.3925632429137458
13	0.8373955431754875	0.6805851874428528	0.11037604456824512	0.6805851874428528
0	1.133008356545961	0.7269125266686985	0.0905292479108635	0.7269125266686985
6	0.41869777158774374	0.3402925937214264	0.11037604456824512	0.33556842426089606
6	0.5999303621169917	0.24916184090216398	0.07242339832869081	0.15330691862237122
9	0.7256267409470752	0.1409631209996952	0.31824512534818944	0.25693386162755255
9	0.22649721448467966	0.17692776592502285	0.33948467966573814	0.20877781164279183
13	0.31807103064066855	0.6962816214568729	0.08600278551532034	0.018591892715635477
13	0.41869777158774374	0.3402925937214264	0.11037604456824512	0.33556842426089606
0	0.5665041782729805	0.36345626333434927	0.0905292479108635	0.07284364523011277
6	0.41869777158774374	0.3402925937214264	0.11037604456824512	0.33556842426089606
9	0.7256267409470752	0.1409631209996952	0.31824512534818944	0.25693386162755255
13	0.31807103064066855	0.6962816214568729	0.08600278551532034	0.018591892715635477
0	0.5665041782729805	0.36345626333434927	0.0905292479108635	0.07284364523011277
