13	1.2400173611111112	0.24861111111111112	0.1853298611111111	0.24861111111111112
13	0.7000868055555556	0.2375	0.13758680555555555	0.2375
13	0.6158854166666666	0.17916666666666667	0.1410590277777778	0.17916666666666667
7	0.6432291666666666	0.22743055555555555	0.1189236111111111	0.22743055555555555
13	1.2400173611111112	0.24861111111111112	0.1853298611111111	0.24861111111111112
13	0.7000868055555556	0.2375	0.13758680555555555	0.2375
13	0.6158854166666666	0.17916666666666667	0.1410590277777778	0.17916666666666667
7	0.6432291666666666	0.22743055555555555	0.1189236111111111	0.22743055555555555
13	0.6200086805555556	0.12430555555555556	0.1853298611111111	0.06458333333333334
13	0.3500434027777778	0.11875	0.13758680555555555	0.17222222222222222
13	0.3079427083333333	0.08958333333333333	0.1410590277777778	0.07847222222222222
7	0.3216145833333333	0.11371527777777778	0.1189236111111111	0.13993055555555556
13	0.6200086805555556	0.12430555555555556	0.1853298611111111	0.06458333333333334
7	0.3216145833333333	0.11371527777777778	0.1189236111111111	0.13993055555555556
