11	1.1727430555555556	0.3625	0.06770833333333333	0.3625
11	0.6280381944444444	0.3663194444444444	0.06640625	0.3663194444444444
7	0.4578993055555556	1.1559027777777777	0.22960069444444445	1.1559027777777777
7	0.2556423611111111	1.0319444444444446	0.04210069444444445	1.0319444444444446
7	1.5299479166666667	1.3552083333333333	0.15321180555555555	1.3552083333333333
0	1.0503472222222223	0.5930555555555556	0.11371527777777778	0.5930555555555556
9	1.5299479166666667	1.3552083333333333	0.15321180555555555	1.3552083333333333
9	0.4578993055555556	1.1559027777777777	0.22960069444444445	1.1559027777777777
11	1.1727430555555556	0.3625	0.06770833333333333	0.3625
11	0.6280381944444444	0.3663194444444444	0.06640625	0.3663194444444444
7	0.4578993055555556	1.1559027777777777	0.22960069444444445	1.1559027777777777
7	0.2556423611111111	1.0319444444444446	0.04210069444444445	1.0319444444444446
7	1.5299479166666667	1.3552083333333333	0.15321180555555555	1.3552083333333333
0	1.0503472222222223	0.5930555555555556	0.11371527777777778	0.5930555555555556
9	1.5299479166666667	1.3552083333333333	0.15321180555555555	1.3552083333333333
9	0.4578993055555556	1.1559027777777777	0.22960069444444445	1.1559027777777777
11	0.5863715277777778	0.18125	0.06770833333333333	0.013194444444444444
11	0.3140190972222222	0.1831597222222222	0.06640625	0.014930555555555556
7	0.2289496527777778	0.5779513888888889	0.22960069444444445	0.08229166666666667
7	0.12782118055555555	0.5159722222222223	0.04210069444444445	0.03125
7	0.7649739583333334	0.6776041666666667	0.15321180555555555	0.12465277777777778
0	0.5251736111111112	0.2965277777777778	0.11371527777777778	0.08888888888888889
9	0.7649739583333334	0.6776041666666667	0.15321180555555555	0.12465277777777778
9	0.2289496527777778	0.5779513888888889	0.22960069444444445	0.08229166666666667
11	0.5863715277777778	0.18125	0.06770833333333333	0.013194444444444444
7	0.2289496527777778	0.5779513888888889	0.22960069444444445	0.08229166666666667
0	0.5251736111111112	0.2965277777777778	0.11371527777777778	0.08888888888888889
9	0.7649739583333334	0.6776041666666667	0.15321180555555555	0.12465277777777778
