13	1.6362204724409448	0.8671875	0.07086614173228346	0.8671875
13	0.5897637795275591	0.5498046875	0.07637795275590552	0.5498046875
13	1.6681102362204725	0.7333984375	0.10905511811023622	0.7333984375
13	0.6732283464566929	0.8766276041666666	0.24881889763779527	0.8766276041666666
13	1.7566929133858267	0.923828125	0.07007874015748032	0.923828125
13	1.624015748031496	1.1656901041666667	0.12559055118110235	1.1656901041666667
7	0.676771653543307	0.8893229166666666	0.14133858267716534	0.8893229166666666
7	0.5897637795275591	0.5498046875	0.07637795275590552	0.5498046875
11	1.3929133858267717	0.3411458333333333	0.07637795275590552	0.3411458333333333
11	0.4515748031496063	1.5	0.07204724409448819	1.5
13	1.6362204724409448	0.8671875	0.07086614173228346	0.8671875
13	0.5897637795275591	0.5498046875	0.07637795275590552	0.5498046875
13	1.6681102362204725	0.7333984375	0.10905511811023622	0.7333984375
13	0.6732283464566929	0.8766276041666666	0.24881889763779527	0.8766276041666666
13	1.7566929133858267	0.923828125	0.07007874015748032	0.923828125
13	1.624015748031496	1.1656901041666667	0.12559055118110235	1.1656901041666667
7	0.676771653543307	0.8893229166666666	0.14133858267716534	0.8893229166666666
7	0.5897637795275591	0.5498046875	0.07637795275590552	0.5498046875
11	1.3929133858267717	0.3411458333333333	0.07637795275590552	0.3411458333333333
11	0.4515748031496063	1.5	0.07204724409448819	1.5
13	0.8181102362204724	0.43359375	0.07086614173228346	0.0234375
13	0.29488188976377955	0.27490234375	0.07637795275590552	0.07975260416666667
13	0.8340551181102362	0.36669921875	0.10905511811023622	0.15397135416666666
13	0.33661417322834647	0.4383138020833333	0.24881889763779527	0.3160807291666667
13	0.8783464566929133	0.4619140625	0.07007874015748032	0.024088541666666668
13	0.812007874015748	0.5828450520833334	0.12559055118110235	0.0185546875
7	0.3383858267716535	0.4446614583333333	0.14133858267716534	0.25390625
7	0.29488188976377955	0.27490234375	0.07637795275590552	0.07975260416666667
11	0.6964566929133859	0.17057291666666666	0.07637795275590552	0.025390625
11	0.22578740157480315	0.75	0.07204724409448819	0.046875
13	0.8181102362204724	0.43359375	0.07086614173228346	0.0234375
7	0.3383858267716535	0.4446614583333333	0.14133858267716534	0.25390625
8	0.39251968503937007	0.4153645833333333	0.17165354330708663	0.17447916666666666
11	0.6964566929133859	0.17057291666666666	0.07637795275590552	0.025390625
