0	1.1510416666666667	0.7311197916666666	0.111328125	0.7311197916666666
11	0.73046875	0.3196614583333333	0.10416666666666667	0.3196614583333333
11	1.3541666666666667	0.314453125	0.07877604166666667	0.314453125
4	1.4251302083333333	0.6106770833333334	0.09895833333333333	0.6106770833333334
0	1.1510416666666667	0.7311197916666666	0.111328125	0.7311197916666666
11	0.73046875	0.3196614583333333	0.10416666666666667	0.3196614583333333
11	1.3541666666666667	0.314453125	0.07877604166666667	0.314453125
4	1.4251302083333333	0.6106770833333334	0.09895833333333333	0.6106770833333334
0	0.5755208333333334	0.3655598958333333	0.111328125	0.11588541666666667
11	0.365234375	0.15983072916666666	0.10416666666666667	0.031901041666666664
11	0.6770833333333334	0.1572265625	0.07877604166666667	0.022135416666666668
4	0.7125651041666666	0.3053385416666667	0.09895833333333333	0.08919270833333333
0	0.5755208333333334	0.3655598958333333	0.111328125	0.11588541666666667
11	0.365234375	0.15983072916666666	0.10416666666666667	0.031901041666666664
13	0.7174479166666666	0.2960611979166667	0.12565104166666666	0.16569010416666666
7	0.71728515625	0.2976888020833333	0.0986328125	0.07389322916666667
4	0.7125651041666666	0.3053385416666667	0.09895833333333333	0.08919270833333333
8	0.7125651041666666	0.3053385416666667	0.09895833333333333	0.08919270833333333
