0	1.0589192708333333	0.6204427083333334	0.08756510416666667	0.6204427083333334
13	0.6097005208333334	0.9606119791666666	0.0517578125	0.9606119791666666
3	1.0930989583333333	1.166015625	0.314453125	1.166015625
0	1.0589192708333333	0.6204427083333334	0.08756510416666667	0.6204427083333334
13	0.6097005208333334	0.9606119791666666	0.0517578125	0.9606119791666666
3	1.0930989583333333	1.166015625	0.314453125	1.166015625
0	0.5294596354166666	0.3102213541666667	0.08756510416666667	0.08528645833333333
13	0.3048502604166667	0.4803059895833333	0.0517578125	0.0966796875
3	0.5465494791666666	0.5830078125	0.314453125	0.109375
0	0.5294596354166666	0.3102213541666667	0.08756510416666667	0.08528645833333333
13	0.3048502604166667	0.4803059895833333	0.0517578125	0.0966796875
9	0.3011067708333333	0.4860026041666667	0.056640625	0.08723958333333333
3	0.5465494791666666	0.5830078125	0.314453125	0.109375
