13	1.2893646408839778	0.3007105943152455	0.04765193370165746	0.3007105943152455
13	0.3380524861878453	0.6892764857881137	0.10738950276243094	0.6892764857881137
11	0.6167127071823204	0.16085271317829458	0.15193370165745856	0.16085271317829458
11	1.3895027624309393	0.19476744186046513	0.1111878453038674	0.19476744186046513
8	1.62707182320442	0.7483850129198967	0.023480662983425413	0.7483850129198967
8	1.5072513812154695	0.48094315245478036	0.02244475138121547	0.48094315245478036
13	1.2893646408839778	0.3007105943152455	0.04765193370165746	0.3007105943152455
13	0.3380524861878453	0.6892764857881137	0.10738950276243094	0.6892764857881137
11	0.6167127071823204	0.16085271317829458	0.15193370165745856	0.16085271317829458
11	1.3895027624309393	0.19476744186046513	0.1111878453038674	0.19476744186046513
8	1.62707182320442	0.7483850129198967	0.023480662983425413	0.7483850129198967
8	1.5072513812154695	0.48094315245478036	0.02244475138121547	0.48094315245478036
13	0.6446823204419889	0.15035529715762275	0.04765193370165746	0.08817829457364341
13	0.16902624309392264	0.34463824289405687	0.10738950276243094	0.03940568475452196
11	0.3083563535911602	0.08042635658914729	0.15193370165745856	0.04909560723514212
11	0.6947513812154696	0.09738372093023256	0.1111878453038674	0.07978036175710594
8	0.81353591160221	0.37419250645994834	0.023480662983425413	0.02099483204134367
8	0.7536256906077348	0.24047157622739018	0.02244475138121547	0.02099483204134367
13	0.6446823204419889	0.15035529715762275	0.04765193370165746	0.08817829457364341
11	0.3083563535911602	0.08042635658914729	0.15193370165745856	0.04909560723514212
8	0.81353591160221	0.37419250645994834	0.023480662983425413	0.02099483204134367
