6	1.641281512605042	1.365686274509804	0.14653361344537816	1.365686274509804
6	0.6066176470588235	1.1764705882352942	0.12447478991596639	1.1764705882352942
7	1.6307773109243697	1.5063725490196078	0.15808823529411764	1.5063725490196078
7	0.7095588235294118	1.2441176470588236	0.11292016806722689	1.2441176470588236
6	1.641281512605042	1.365686274509804	0.14653361344537816	1.365686274509804
6	0.6066176470588235	1.1764705882352942	0.12447478991596639	1.1764705882352942
7	1.6307773109243697	1.5063725490196078	0.15808823529411764	1.5063725490196078
7	0.7095588235294118	1.2441176470588236	0.11292016806722689	1.2441176470588236
6	0.820640756302521	0.682843137254902	0.14653361344537816	0.13529411764705881
6	0.30330882352941174	0.5882352941176471	0.12447478991596639	0.09313725490196079
7	0.8153886554621849	0.7531862745098039	0.15808823529411764	0.17794117647058824
7	0.3547794117647059	0.6220588235294118	0.11292016806722689	0.11568627450980393
6	0.820640756302521	0.682843137254902	0.14653361344537816	0.13529411764705881
7	0.8153886554621849	0.7531862745098039	0.15808823529411764	0.17794117647058824
