6	1.608267716535433	1.0006510416666667	0.18700787401574803	1.0006510416666667
6	0.3909448818897638	0.7666015625	0.04055118110236221	0.7666015625
13	1.6251968503937009	0.9319661458333334	0.20551181102362204	0.9319661458333334
4	1.4877952755905512	0.6246744791666666	0.18700787401574803	0.6246744791666666
6	1.608267716535433	1.0006510416666667	0.18700787401574803	1.0006510416666667
6	0.3909448818897638	0.7666015625	0.04055118110236221	0.7666015625
13	1.6251968503937009	0.9319661458333334	0.20551181102362204	0.9319661458333334
4	1.4877952755905512	0.6246744791666666	0.18700787401574803	0.6246744791666666
6	0.8041338582677166	0.5003255208333334	0.18700787401574803	0.2923177083333333
6	0.1954724409448819	0.38330078125	0.04055118110236221	0.035481770833333336
13	0.8125984251968504	0.4659830729166667	0.20551181102362204	0.3499348958333333
4	0.7438976377952756	0.3123372395833333	0.18700787401574803	0.3017578125
6	0.8041338582677166	0.5003255208333334	0.18700787401574803	0.2923177083333333
13	0.8125984251968504	0.4659830729166667	0.20551181102362204	0.3499348958333333
4	0.7438976377952756	0.3123372395833333	0.18700787401574803	0.3017578125
