7	0.336309524	0.305453431	0.208333333	0.222426471
7	0.843662465	0.762408088	0.174719888	0.133272059
7	0.696953782	0.583639706	0.059173669	0.075980392
7	0.201505602	0.632506127	0.163515406	0.095894608
7	0.742647059	0.674172794	0.172969188	0.095894608
7	0.879901961	0.641237745	0.077731092	0.059436275
7	0.166666667	0.456648284	0.142156863	0.190257353
7	0.234768908	0.558210784	0.093487395	0.069240196
10	0.165091036	0.69408701	0.18802521	0.217830882
10	0.895308123	0.837775735	0.037114846	0.064644608
8	0.882352941	0.642769608	0.085434174	0.071078431
8	0.233368347	0.55713848	0.075280112	0.058517157
8	0.167191877	0.437346814	0.168417367	0.183517157
8	0.793417367	0.691023284	0.087535014	0.075061275
8	0.209033613	0.642922794	0.120448179	0.098345588
8	0.161239496	0.471047794	0.037464986	0.033394608
8	0.696953782	0.583639706	0.059173669	0.075980392
8	0.355392157	0.721047794	0.105042017	0.089767157
8	0.735994398	0.668198529	0.090336134	0.086397059
8	0.361869748	0.335171569	0.137605042	0.159313725
8	0.296043417	0.513939951	0.057072829	0.051164216
8	0.843662465	0.762408088	0.174719888	0.133272059
