13	1.8245749613601236	1.5969962453066333	0.03554868624420402	1.5969962453066333
13	1.8068006182380216	1.6514392991239049	0.0633693972179289	1.6514392991239049
11	0.5425038639876353	0.2944305381727159	0.08500772797527048	0.2944305381727159
11	1.455564142194745	0.27033792240300375	0.08616692426584235	0.27033792240300375
13	1.8245749613601236	1.5969962453066333	0.03554868624420402	1.5969962453066333
13	1.8068006182380216	1.6514392991239049	0.0633693972179289	1.6514392991239049
11	0.5425038639876353	0.2944305381727159	0.08500772797527048	0.2944305381727159
11	1.455564142194745	0.27033792240300375	0.08616692426584235	0.27033792240300375
13	0.9122874806800618	0.7984981226533167	0.03554868624420402	0.018147684605757195
13	0.9034003091190108	0.8257196495619524	0.0633693972179289	0.0707133917396746
11	0.27125193199381764	0.14721526908635796	0.08500772797527048	0.0516270337922403
11	0.7277820710973725	0.13516896120150187	0.08616692426584235	0.05068836045056321
13	0.9122874806800618	0.7984981226533167	0.03554868624420402	0.018147684605757195
11	0.27125193199381764	0.14721526908635796	0.08500772797527048	0.0516270337922403
