0	1.295940170940171	0.5510033444816054	0.13568376068376067	0.5510033444816054
2	1.4722222222222223	0.3850334448160535	0.08974358974358974	0.3850334448160535
13	1.545940170940171	0.41011705685618727	0.15491452991452992	0.41011705685618727
3	1.2911324786324787	1.2286789297658862	0.45886752136752135	1.2286789297658862
0	1.295940170940171	0.5510033444816054	0.13568376068376067	0.5510033444816054
2	1.4722222222222223	0.3850334448160535	0.08974358974358974	0.3850334448160535
13	1.545940170940171	0.41011705685618727	0.15491452991452992	0.41011705685618727
3	1.2911324786324787	1.2286789297658862	0.45886752136752135	1.2286789297658862
0	0.6479700854700855	0.2755016722408027	0.13568376068376067	0.13127090301003344
2	0.7361111111111112	0.19251672240802675	0.08974358974358974	0.08152173913043478
13	0.7729700854700855	0.20505852842809363	0.15491452991452992	0.07817725752508362
3	0.6455662393162394	0.6143394648829431	0.45886752136752135	0.15760869565217392
0	0.6479700854700855	0.2755016722408027	0.13568376068376067	0.13127090301003344
2	0.7361111111111112	0.19251672240802675	0.08974358974358974	0.08152173913043478
13	0.7729700854700855	0.20505852842809363	0.15491452991452992	0.07817725752508362
3	0.6455662393162394	0.6143394648829431	0.45886752136752135	0.15760869565217392
