0	1.055810397553517	0.6552083333333333	0.1559633027522936	0.6552083333333333
0	0.9376911314984709	0.7975694444444444	0.2824923547400612	0.7975694444444444
0	1.055810397553517	0.6552083333333333	0.1559633027522936	0.6552083333333333
0	0.9376911314984709	0.7975694444444444	0.2824923547400612	0.7975694444444444
0	0.5279051987767585	0.32760416666666664	0.1559633027522936	0.14756944444444445
0	0.46884556574923547	0.3987847222222222	0.2824923547400612	0.27743055555555557
8	0.24541284403669725	0.33350694444444445	0.019877675840978593	0.02048611111111111
11	0.6425840978593272	0.1373263888888889	0.07951070336391437	0.050347222222222224
0	0.5279051987767585	0.32760416666666664	0.1559633027522936	0.14756944444444445
2	0.24789755351681958	0.3355902777777778	0.02790519877675841	0.017708333333333333
