12	0.6060756972111554	0.6447147651006712	0.3510956175298805	0.6447147651006712
7	0.6852589641434262	0.7504194630872483	0.2340637450199203	0.7504194630872483
10	0.17778884462151395	1.4895134228187918	0.07320717131474104	1.4895134228187918
12	0.6060756972111554	0.6447147651006712	0.3510956175298805	0.6447147651006712
7	0.6852589641434262	0.7504194630872483	0.2340637450199203	0.7504194630872483
10	0.17778884462151395	1.4895134228187918	0.07320717131474104	1.4895134228187918
12	0.3030378486055777	0.3223573825503356	0.3510956175298805	0.3024328859060403
7	0.3426294820717131	0.37520973154362414	0.2340637450199203	0.3259228187919463
10	0.08889442231075698	0.7447567114093959	0.07320717131474104	0.08934563758389262
4	0.3426294820717131	0.37520973154362414	0.2340637450199203	0.3259228187919463
1	0.3426294820717131	0.37520973154362414	0.2340637450199203	0.3259228187919463
7	0.3426294820717131	0.37520973154362414	0.2340637450199203	0.3259228187919463
11	0.08889442231075698	0.7447567114093959	0.07320717131474104	0.08934563758389262
10	0.08889442231075698	0.7447567114093959	0.07320717131474104	0.08934563758389262
12	0.3030378486055777	0.3223573825503356	0.3510956175298805	0.3024328859060403
