0	1.139777468706537	0.6539318688315823	0.14673157162726008	0.6539318688315823
13	0.7020166898470097	0.7118751989812162	0.08031988873435326	0.7118751989812162
13	1.6394297635605006	1.1786055396370583	0.024687065368567455	1.1786055396370583
13	1.6797635605006953	1.3553008595988538	0.04624478442280946	1.3553008595988538
0	1.139777468706537	0.6539318688315823	0.14673157162726008	0.6539318688315823
13	0.7020166898470097	0.7118751989812162	0.08031988873435326	0.7118751989812162
13	1.6394297635605006	1.1786055396370583	0.024687065368567455	1.1786055396370583
13	1.6797635605006953	1.3553008595988538	0.04624478442280946	1.3553008595988538
0	0.5698887343532685	0.32696593441579114	0.14673157162726008	0.15982171283030883
13	0.35100834492350486	0.3559375994906081	0.08031988873435326	0.029926774912448266
13	0.8197148817802503	0.5893027698185291	0.024687065368567455	0.022922636103151862
13	0.8398817802503477	0.6776504297994269	0.04624478442280946	0.08054759630690862
0	0.5698887343532685	0.32696593441579114	0.14673157162726008	0.15982171283030883
13	0.35100834492350486	0.3559375994906081	0.08031988873435326	0.029926774912448266
11	0.8558762169680111	0.74227952881248	0.0844923504867872	0.03151862464183381
3	0.5702364394993046	0.7050302451448583	0.4575799721835883	0.10983763132760267
