7	1.4663693794128576	0.9000976244712008	0.3010033444816054	0.9000976244712008
9	1.452991452991453	0.13960299381711683	0.21553325901151987	0.13960299381711683
9	0.5748792270531401	0.1672632606573381	0.18023039762170198	0.1672632606573381
9	0.08955778520995912	1.1496908558411976	0.056112969156447416	1.1496908558411976
9	1.8714232627276106	1.3071916693784575	0.06391675956893349	1.3071916693784575
3	1.1806020066889633	1.308493328994468	0.44630248978075066	1.308493328994468
12	0.5470085470085471	0.8906605922551253	0.37160906726124115	0.8906605922551253
7	1.4663693794128576	0.9000976244712008	0.3010033444816054	0.9000976244712008
9	1.452991452991453	0.13960299381711683	0.21553325901151987	0.13960299381711683
9	0.5748792270531401	0.1672632606573381	0.18023039762170198	0.1672632606573381
9	0.08955778520995912	1.1496908558411976	0.056112969156447416	1.1496908558411976
9	1.8714232627276106	1.3071916693784575	0.06391675956893349	1.3071916693784575
3	1.1806020066889633	1.308493328994468	0.44630248978075066	1.308493328994468
12	0.5470085470085471	0.8906605922551253	0.37160906726124115	0.8906605922551253
7	0.7331846897064288	0.4500488122356004	0.3010033444816054	0.5798893589326392
9	0.7264957264957265	0.06980149690855841	0.21553325901151987	0.11096648226488773
9	0.28743961352657005	0.08363163032866905	0.18023039762170198	0.11845102505694761
9	0.04477889260497956	0.5748454279205988	0.056112969156447416	0.2450374227139603
9	0.9357116313638053	0.6535958346892288	0.06391675956893349	0.4103481939472828
3	0.5903010033444817	0.654246664497234	0.44630248978075066	0.15001627074520013
12	0.27350427350427353	0.44533029612756264	0.37160906726124115	0.6635209892613082
7	0.7331846897064288	0.4500488122356004	0.3010033444816054	0.5798893589326392
9	0.7264957264957265	0.06980149690855841	0.21553325901151987	0.11096648226488773
0	0.5680044593088072	0.3210218027985682	0.12746191007060573	0.10901399284087211
3	0.5903010033444817	0.654246664497234	0.44630248978075066	0.15001627074520013
6	0.7331846897064288	0.4500488122356004	0.3010033444816054	0.5798893589326392
12	0.27350427350427353	0.44533029612756264	0.37160906726124115	0.6635209892613082
