5	1.4677165354330708	0.6432291666666666	0.15826771653543306	0.6432291666666666
5	0.6775590551181102	0.7141927083333334	0.21614173228346456	0.7141927083333334
9	1.4677165354330708	0.6432291666666666	0.15826771653543306	0.6432291666666666
9	0.6921259842519685	0.6624348958333334	0.15984251968503937	0.6624348958333334
5	1.4677165354330708	0.6432291666666666	0.15826771653543306	0.6432291666666666
5	0.6775590551181102	0.7141927083333334	0.21614173228346456	0.7141927083333334
9	1.4677165354330708	0.6432291666666666	0.15826771653543306	0.6432291666666666
9	0.6921259842519685	0.6624348958333334	0.15984251968503937	0.6624348958333334
9	0.7338582677165354	0.3216145833333333	0.15826771653543306	0.2584635416666667
9	0.34606299212598424	0.3312174479166667	0.15984251968503937	0.3030598958333333
5	0.7338582677165354	0.3216145833333333	0.15826771653543306	0.2584635416666667
5	0.3387795275590551	0.3570963541666667	0.21614173228346456	0.4641927083333333
5	0.7338582677165354	0.3216145833333333	0.15826771653543306	0.2584635416666667
9	0.7338582677165354	0.3216145833333333	0.15826771653543306	0.2584635416666667
0	0.5816929133858267	0.21793619791666666	0.10748031496062992	0.08756510416666667
