11	0.5594618055555556	0.3572916666666667	0.12022569444444445	0.3572916666666667
11	0.10199652777777778	1.3732638888888888	0.029947916666666668	1.3732638888888888
11	1.2951388888888888	0.4322916666666667	0.0859375	0.4322916666666667
11	0.5594618055555556	0.3572916666666667	0.12022569444444445	0.3572916666666667
11	0.10199652777777778	1.3732638888888888	0.029947916666666668	1.3732638888888888
11	1.2951388888888888	0.4322916666666667	0.0859375	0.4322916666666667
11	0.2797309027777778	0.17864583333333334	0.12022569444444445	0.04131944444444444
11	0.05099826388888889	0.6866319444444444	0.029947916666666668	0.034375
11	0.6475694444444444	0.21614583333333334	0.0859375	0.06076388888888889
11	0.2797309027777778	0.17864583333333334	0.12022569444444445	0.04131944444444444
