13	1.64036312849162	0.7200538358008075	0.09706703910614525	0.7200538358008075
3	1.2472067039106145	1.1884253028263796	0.4476256983240223	1.1884253028263796
0	1.1888966480446927	0.6080080753701211	0.10649441340782123	0.6080080753701211
13	1.64036312849162	0.7200538358008075	0.09706703910614525	0.7200538358008075
3	1.2472067039106145	1.1884253028263796	0.4476256983240223	1.1884253028263796
0	1.1888966480446927	0.6080080753701211	0.10649441340782123	0.6080080753701211
13	0.82018156424581	0.36002691790040375	0.09706703910614525	0.0370121130551817
3	0.6236033519553073	0.5942126514131898	0.4476256983240223	0.1285329744279946
0	0.5944483240223464	0.30400403768506057	0.10649441340782123	0.12079407806191117
13	0.82018156424581	0.36002691790040375	0.09706703910614525	0.0370121130551817
7	0.375	0.47240915208613726	0.11312849162011174	0.1971736204576043
3	0.6236033519553073	0.5942126514131898	0.4476256983240223	0.1285329744279946
0	0.5944483240223464	0.30400403768506057	0.10649441340782123	0.12079407806191117
9	0.375	0.47240915208613726	0.11312849162011174	0.1971736204576043
