5	1.6404405979543666	1.1340962441314555	0.13060582218725414	1.1340962441314555
5	0.37136113296616835	1.1343896713615023	0.18174665617623917	1.1343896713615023
9	0.9893784421715185	1.0067488262910798	0.23013375295043273	1.0067488262910798
9	0.5169158143194336	0.9721244131455399	0.37214791502753736	0.9721244131455399
9	1.517309205350118	1.0064553990610328	0.35444531864673484	1.0064553990610328
11	0.6754523996852871	0.2652582159624413	0.14358772619984264	0.2652582159624413
11	1.4055861526357198	0.2623239436619718	0.11526357199055862	0.2623239436619718
8	0.23800157356412274	1.4333920187793427	0.036585365853658534	1.4333920187793427
5	1.6404405979543666	1.1340962441314555	0.13060582218725414	1.1340962441314555
5	0.37136113296616835	1.1343896713615023	0.18174665617623917	1.1343896713615023
9	0.9893784421715185	1.0067488262910798	0.23013375295043273	1.0067488262910798
9	0.5169158143194336	0.9721244131455399	0.37214791502753736	0.9721244131455399
9	1.517309205350118	1.0064553990610328	0.35444531864673484	1.0064553990610328
11	0.6754523996852871	0.2652582159624413	0.14358772619984264	0.2652582159624413
11	1.4055861526357198	0.2623239436619718	0.11526357199055862	0.2623239436619718
8	0.23800157356412274	1.4333920187793427	0.036585365853658534	1.4333920187793427
5	0.8202202989771833	0.5670481220657277	0.13060582218725414	0.11883802816901408
5	0.18568056648308418	0.5671948356807511	0.18174665617623917	0.15492957746478872
9	0.49468922108575925	0.5033744131455399	0.23013375295043273	0.5184859154929577
9	0.2584579071597168	0.48606220657276994	0.37214791502753736	0.8025234741784038
9	0.758654602675059	0.5032276995305164	0.35444531864673484	0.7922535211267606
11	0.33772619984264357	0.13262910798122066	0.14358772619984264	0.03990610328638498
11	0.7027930763178599	0.1311619718309859	0.11526357199055862	0.03755868544600939
8	0.11900078678206137	0.7166960093896714	0.036585365853658534	0.027875586854460094
5	0.8202202989771833	0.5670481220657277	0.13060582218725414	0.11883802816901408
9	0.49468922108575925	0.5033744131455399	0.23013375295043273	0.5184859154929577
11	0.33772619984264357	0.13262910798122066	0.14358772619984264	0.03990610328638498
8	0.11900078678206137	0.7166960093896714	0.036585365853658534	0.027875586854460094
