7	0.5720486111111112	0.5895833333333333	0.2230902777777778	0.5895833333333333
10	0.4318576388888889	1.0034722222222223	0.34765625	1.0034722222222223
11	0.4036458333333333	0.4875	0.2248263888888889	0.4875
11	1.2274305555555556	0.2965277777777778	0.19791666666666666	0.2965277777777778
8	0.515625	0.6329861111111111	0.09722222222222222	0.6329861111111111
7	0.5720486111111112	0.5895833333333333	0.2230902777777778	0.5895833333333333
10	0.4318576388888889	1.0034722222222223	0.34765625	1.0034722222222223
11	0.4036458333333333	0.4875	0.2248263888888889	0.4875
11	1.2274305555555556	0.2965277777777778	0.19791666666666666	0.2965277777777778
8	0.515625	0.6329861111111111	0.09722222222222222	0.6329861111111111
7	0.2860243055555556	0.2947916666666667	0.2230902777777778	0.1951388888888889
10	0.21592881944444445	0.5017361111111112	0.34765625	0.31180555555555556
11	0.20182291666666666	0.24375	0.2248263888888889	0.19444444444444445
11	0.6137152777777778	0.1482638888888889	0.19791666666666666	0.043055555555555555
8	0.2578125	0.31649305555555557	0.09722222222222222	0.07604166666666666
7	0.2860243055555556	0.2947916666666667	0.2230902777777778	0.1951388888888889
10	0.21592881944444445	0.5017361111111112	0.34765625	0.31180555555555556
11	0.20182291666666666	0.24375	0.2248263888888889	0.19444444444444445
8	0.2578125	0.31649305555555557	0.09722222222222222	0.07604166666666666
