11	1.6653645833333333	1.26875	0.04123263888888889	1.26875
10	1.6688368055555556	1.2881944444444444	0.04470486111111111	1.2881944444444444
10	0.5169270833333334	1.242013888888889	0.2565104166666667	1.242013888888889
10	0.3372395833333333	1.2291666666666667	0.06901041666666667	1.2291666666666667
11	1.6653645833333333	1.26875	0.04123263888888889	1.26875
10	1.6688368055555556	1.2881944444444444	0.04470486111111111	1.2881944444444444
10	0.5169270833333334	1.242013888888889	0.2565104166666667	1.242013888888889
10	0.3372395833333333	1.2291666666666667	0.06901041666666667	1.2291666666666667
11	0.8326822916666666	0.634375	0.04123263888888889	0.07430555555555556
10	0.8344184027777778	0.6440972222222222	0.04470486111111111	0.04722222222222222
10	0.2584635416666667	0.6210069444444445	0.2565104166666667	0.10034722222222223
10	0.16861979166666666	0.6145833333333334	0.06901041666666667	0.09583333333333334
10	0.8344184027777778	0.6440972222222222	0.04470486111111111	0.04722222222222222
11	0.8326822916666666	0.634375	0.04123263888888889	0.07430555555555556
0	0.5447048611111112	0.32274305555555555	0.09722222222222222	0.11215277777777778
