0	1.1287401574803149	0.5055338541666666	0.08858267716535433	0.5055338541666666
10	1.670472440944882	1.083984375	0.08937007874015748	1.083984375
5	0.5633858267716535	0.822265625	0.2248031496062992	0.822265625
5	1.5122047244094488	0.8486328125	0.1673228346456693	0.8486328125
0	1.1287401574803149	0.5055338541666666	0.08858267716535433	0.5055338541666666
10	1.670472440944882	1.083984375	0.08937007874015748	1.083984375
5	0.5633858267716535	0.822265625	0.2248031496062992	0.822265625
5	1.5122047244094488	0.8486328125	0.1673228346456693	0.8486328125
0	0.5643700787401574	0.2527669270833333	0.08858267716535433	0.10514322916666667
10	0.835236220472441	0.5419921875	0.08937007874015748	0.0859375
5	0.28169291338582675	0.4111328125	0.2248031496062992	0.23763020833333334
5	0.7561023622047244	0.42431640625	0.1673228346456693	0.21516927083333334
0	0.5643700787401574	0.2527669270833333	0.08858267716535433	0.10514322916666667
10	0.835236220472441	0.5419921875	0.08937007874015748	0.0859375
11	0.852755905511811	0.5519205729166666	0.051181102362204724	0.0849609375
5	0.28169291338582675	0.4111328125	0.2248031496062992	0.23763020833333334
