9	1.6368985808238146	0.2870987280436099	0.24472135687088958	0.2870987280436099
9	0.8753894080996885	0.5932768019382193	0.08618899273104881	0.5932768019382193
11	0.17514710972654898	1.6059963658388856	0.04915195569401177	1.6059963658388856
11	0.8802353755624783	0.5451241671714112	0.059882312218760815	0.5451241671714112
9	1.6368985808238146	0.2870987280436099	0.24472135687088958	0.2870987280436099
9	0.8753894080996885	0.5932768019382193	0.08618899273104881	0.5932768019382193
11	0.17514710972654898	1.6059963658388856	0.04915195569401177	1.6059963658388856
11	0.8802353755624783	0.5451241671714112	0.059882312218760815	0.5451241671714112
9	0.8184492904119073	0.14354936402180496	0.24472135687088958	0.14778921865536038
9	0.43769470404984423	0.29663840096910965	0.08618899273104881	0.1910963052695336
11	0.08757355486327449	0.8029981829194428	0.04915195569401177	0.06632344033918837
11	0.44011768778123916	0.2725620835857056	0.059882312218760815	0.22955784373107208
9	0.8184492904119073	0.14354936402180496	0.24472135687088958	0.14778921865536038
10	0.08757355486327449	0.8029981829194428	0.04915195569401177	0.06632344033918837
11	0.08757355486327449	0.8029981829194428	0.04915195569401177	0.06632344033918837
