0	1.1180555555555556	0.6795138888888889	0.08506944444444445	0.6795138888888889
3	1.1653645833333333	1.1190972222222222	0.4118923611111111	1.1190972222222222
13	0.4288194444444444	0.6642361111111111	0.022569444444444444	0.6642361111111111
13	0.4344618055555556	0.7670138888888889	0.024739583333333332	0.7670138888888889
13	0.4383680555555556	0.6923611111111111	0.033854166666666664	0.6923611111111111
13	0.453125	0.6135416666666667	0.026041666666666668	0.6135416666666667
0	1.1180555555555556	0.6795138888888889	0.08506944444444445	0.6795138888888889
3	1.1653645833333333	1.1190972222222222	0.4118923611111111	1.1190972222222222
13	0.4288194444444444	0.6642361111111111	0.022569444444444444	0.6642361111111111
13	0.4344618055555556	0.7670138888888889	0.024739583333333332	0.7670138888888889
13	0.4383680555555556	0.6923611111111111	0.033854166666666664	0.6923611111111111
13	0.453125	0.6135416666666667	0.026041666666666668	0.6135416666666667
0	0.5590277777777778	0.33975694444444443	0.08506944444444445	0.09965277777777778
3	0.5826822916666666	0.5595486111111111	0.4118923611111111	0.0920138888888889
13	0.2144097222222222	0.33211805555555557	0.022569444444444444	0.016319444444444445
13	0.2172309027777778	0.38350694444444444	0.024739583333333332	0.013541666666666667
13	0.2191840277777778	0.34618055555555555	0.033854166666666664	0.09236111111111112
13	0.2265625	0.3067708333333333	0.026041666666666668	0.010069444444444445
3	0.5826822916666666	0.5595486111111111	0.4118923611111111	0.0920138888888889
13	0.2144097222222222	0.33211805555555557	0.022569444444444444	0.016319444444444445
0	0.5590277777777778	0.33975694444444443	0.08506944444444445	0.09965277777777778
11	0.1840277777777778	0.28715277777777776	0.042534722222222224	0.04027777777777778
