11	1.3680859530441702	0.24942263279445728	0.12415439713489852	0.24942263279445728
11	0.8555511341026661	0.2398548333883207	0.13609231993633109	0.2398548333883207
0	1.2522881018702745	0.5612009237875288	0.14285714285714285	0.5612009237875288
11	1.3680859530441702	0.24942263279445728	0.12415439713489852	0.24942263279445728
11	0.8555511341026661	0.2398548333883207	0.13609231993633109	0.2398548333883207
0	1.2522881018702745	0.5612009237875288	0.14285714285714285	0.5612009237875288
0	0.6261440509351373	0.2806004618937644	0.14285714285714285	0.10062685582316068
11	0.6840429765220851	0.12471131639722864	0.12415439713489852	0.034971956450016495
11	0.42777556705133307	0.11992741669416035	0.13609231993633109	0.03662157703728142
11	0.6840429765220851	0.12471131639722864	0.12415439713489852	0.034971956450016495
3	0.6155988857938719	0.6352688881557241	0.4226024671707123	0.16595183107885186
0	0.6261440509351373	0.2806004618937644	0.14285714285714285	0.10062685582316068
