5	1.3095703125	0.8372395833333334	0.2353515625	0.8372395833333334
5	0.6923828125	0.796875	0.20540364583333334	0.796875
6	0.6923828125	0.796875	0.20540364583333334	0.796875
6	1.3473307291666667	0.8079427083333334	0.20865885416666666	0.8079427083333334
5	1.3095703125	0.8372395833333334	0.2353515625	0.8372395833333334
5	0.6923828125	0.796875	0.20540364583333334	0.796875
6	0.6923828125	0.796875	0.20540364583333334	0.796875
6	1.3473307291666667	0.8079427083333334	0.20865885416666666	0.8079427083333334
5	0.65478515625	0.4186197916666667	0.2353515625	0.5494791666666666
5	0.34619140625	0.3984375	0.20540364583333334	0.505859375
6	0.34619140625	0.3984375	0.20540364583333334	0.505859375
6	0.6736653645833334	0.4039713541666667	0.20865885416666666	0.5286458333333334
5	0.65478515625	0.4186197916666667	0.2353515625	0.5494791666666666
6	0.34619140625	0.3984375	0.20540364583333334	0.505859375
0	0.5511067708333334	0.296875	0.10677083333333333	0.15494791666666666
