9	0.4797507788161994	1.4422904861318222	0.045950155763239874	1.4422904861318222
9	1.4684579439252337	0.7101103489412467	0.1265576323987539	0.7101103489412467
7	0.6066978193146417	1.0963316433045034	0.35202492211838005	1.0963316433045034
8	0.47702492211838005	1.4333432746793915	0.03933021806853582	1.4333432746793915
9	0.4797507788161994	1.4422904861318222	0.045950155763239874	1.4422904861318222
9	1.4684579439252337	0.7101103489412467	0.1265576323987539	0.7101103489412467
7	0.6066978193146417	1.0963316433045034	0.35202492211838005	1.0963316433045034
8	0.47702492211838005	1.4333432746793915	0.03933021806853582	1.4333432746793915
9	0.2398753894080997	0.7211452430659111	0.045950155763239874	0.0393677303906949
9	0.7342289719626168	0.35505517447062335	0.1265576323987539	0.12376975842529078
7	0.30334890965732086	0.5481658216522517	0.35202492211838005	0.5374291679093349
8	0.23851246105919002	0.7166716373396957	0.03933021806853582	0.033999403519236505
9	0.2398753894080997	0.7211452430659111	0.045950155763239874	0.0393677303906949
7	0.30334890965732086	0.5481658216522517	0.35202492211838005	0.5374291679093349
8	0.23851246105919002	0.7166716373396957	0.03933021806853582	0.033999403519236505
