4	1.6787544343713048	1.1571882726951608	0.17855735120220734	1.1571882726951608
11	0.6878202601497833	0.32567997174143415	0.102089081592432	0.32567997174143415
11	1.4063854946787544	0.38325679971741433	0.13401655498620418	0.38325679971741433
4	1.6787544343713048	1.1571882726951608	0.17855735120220734	1.1571882726951608
11	0.6878202601497833	0.32567997174143415	0.102089081592432	0.32567997174143415
11	1.4063854946787544	0.38325679971741433	0.13401655498620418	0.38325679971741433
4	0.8393772171856524	0.5785941363475804	0.17855735120220734	0.11727304839279407
11	0.34391013007489163	0.16283998587071707	0.102089081592432	0.016248675379724478
11	0.7031927473393772	0.19162839985870717	0.13401655498620418	0.04132815259625574
4	0.8393772171856524	0.5785941363475804	0.17855735120220734	0.11727304839279407
11	0.34391013007489163	0.16283998587071707	0.102089081592432	0.016248675379724478
7	0.8255813953488372	0.5893677145884846	0.1801340165549862	0.11338749558459908
