13	0.4027777777777778	1.192013888888889	0.2586805555555556	1.192013888888889
13	1.3567708333333333	1.0364583333333333	0.16927083333333334	1.0364583333333333
13	0.3932291666666667	0.6625	0.12586805555555555	0.6625
9	1.3567708333333333	1.0364583333333333	0.16927083333333334	1.0364583333333333
9	0.4149305555555556	1.0972222222222223	0.2222222222222222	1.0972222222222223
0	1.0455729166666667	0.7038194444444444	0.11328125	0.7038194444444444
5	0.4244791666666667	0.9861111111111112	0.2934027777777778	0.9861111111111112
5	1.3567708333333333	1.0364583333333333	0.16927083333333334	1.0364583333333333
13	0.4027777777777778	1.192013888888889	0.2586805555555556	1.192013888888889
13	1.3567708333333333	1.0364583333333333	0.16927083333333334	1.0364583333333333
13	0.3932291666666667	0.6625	0.12586805555555555	0.6625
9	1.3567708333333333	1.0364583333333333	0.16927083333333334	1.0364583333333333
9	0.4149305555555556	1.0972222222222223	0.2222222222222222	1.0972222222222223
0	1.0455729166666667	0.7038194444444444	0.11328125	0.7038194444444444
5	0.4244791666666667	0.9861111111111112	0.2934027777777778	0.9861111111111112
5	1.3567708333333333	1.0364583333333333	0.16927083333333334	1.0364583333333333
13	0.2013888888888889	0.5960069444444445	0.2586805555555556	0.28229166666666666
13	0.6783854166666666	0.5182291666666666	0.16927083333333334	0.19270833333333334
13	0.19661458333333334	0.33125	0.12586805555555555	0.13541666666666666
9	0.6783854166666666	0.5182291666666666	0.16927083333333334	0.19270833333333334
9	0.2074652777777778	0.5486111111111112	0.2222222222222222	0.2604166666666667
0	0.5227864583333334	0.3519097222222222	0.11328125	0.09618055555555556
5	0.21223958333333334	0.4930555555555556	0.2934027777777778	0.4583333333333333
5	0.6783854166666666	0.5182291666666666	0.16927083333333334	0.19270833333333334
0	0.5227864583333334	0.3519097222222222	0.11328125	0.09618055555555556
5	0.21223958333333334	0.4930555555555556	0.2934027777777778	0.4583333333333333
13	0.2013888888888889	0.5960069444444445	0.2586805555555556	0.28229166666666666
9	0.6783854166666666	0.5182291666666666	0.16927083333333334	0.19270833333333334
3	0.5123697916666666	0.6706597222222223	0.42578125	0.159375
