8	1.5397135416666667	1.16796875	0.012369791666666666	1.16796875
8	1.4225260416666667	0.8580729166666666	0.013671875	0.8580729166666666
8	1.2353515625	0.4124348958333333	0.009440104166666666	0.4124348958333333
8	1.4703776041666667	1.0592447916666667	0.021809895833333332	1.0592447916666667
8	1.3313802083333333	0.751953125	0.009765625	0.751953125
8	1.4733072916666667	1.10546875	0.020182291666666668	1.10546875
8	1.2369791666666667	1.0885416666666667	0.010416666666666666	1.0885416666666667
8	0.7229817708333334	1.1116536458333333	0.019205729166666668	1.1116536458333333
8	1.345703125	1.1575520833333333	0.013671875	1.1575520833333333
8	0.5859375	0.9524739583333334	0.018880208333333332	0.9524739583333334
8	0.8994140625	0.9983723958333334	0.012044270833333334	0.9983723958333334
8	1.3160807291666667	0.8434244791666666	0.019856770833333332	0.8434244791666666
8	0.86328125	0.2819010416666667	0.00390625	0.2819010416666667
8	1.2962239583333333	0.3134765625	0.012369791666666666	0.3134765625
8	0.9427083333333334	0.982421875	0.013671875	0.982421875
8	1.2412109375	0.4983723958333333	0.017903645833333332	0.4983723958333333
2	1.4625651041666667	1.1318359375	0.028971354166666668	1.1318359375
2	1.1214192708333333	0.5475260416666666	0.051106770833333336	0.5475260416666666
2	1.5732421875	1.0130208333333333	0.021809895833333332	1.0130208333333333
0	1.15234375	0.5400390625	0.08333333333333333	0.5400390625
13	1.4886067708333333	0.7034505208333334	0.0146484375	0.7034505208333334
13	0.8902994791666666	0.5647786458333334	0.019856770833333332	0.5647786458333334
13	1.5641276041666667	1.0104166666666667	0.017903645833333332	1.0104166666666667
11	0.8541666666666666	0.24772135416666666	0.052083333333333336	0.24772135416666666
11	1.1995442708333333	0.2568359375	0.030924479166666668	0.2568359375
8	1.5397135416666667	1.16796875	0.012369791666666666	1.16796875
8	1.4225260416666667	0.8580729166666666	0.013671875	0.8580729166666666
8	1.2353515625	0.4124348958333333	0.009440104166666666	0.4124348958333333
8	1.4703776041666667	1.0592447916666667	0.021809895833333332	1.0592447916666667
8	1.3313802083333333	0.751953125	0.009765625	0.751953125
8	1.4733072916666667	1.10546875	0.020182291666666668	1.10546875
8	1.2369791666666667	1.0885416666666667	0.010416666666666666	1.0885416666666667
8	0.7229817708333334	1.1116536458333333	0.019205729166666668	1.1116536458333333
8	1.345703125	1.1575520833333333	0.013671875	1.1575520833333333
8	0.5859375	0.9524739583333334	0.018880208333333332	0.9524739583333334
8	0.8994140625	0.9983723958333334	0.012044270833333334	0.9983723958333334
8	1.3160807291666667	0.8434244791666666	0.019856770833333332	0.8434244791666666
8	0.86328125	0.2819010416666667	0.00390625	0.2819010416666667
8	1.2962239583333333	0.3134765625	0.012369791666666666	0.3134765625
8	0.9427083333333334	0.982421875	0.013671875	0.982421875
8	1.2412109375	0.4983723958333333	0.017903645833333332	0.4983723958333333
2	1.4625651041666667	1.1318359375	0.028971354166666668	1.1318359375
2	1.1214192708333333	0.5475260416666666	0.051106770833333336	0.5475260416666666
2	1.5732421875	1.0130208333333333	0.021809895833333332	1.0130208333333333
0	1.15234375	0.5400390625	0.08333333333333333	0.5400390625
13	1.4886067708333333	0.7034505208333334	0.0146484375	0.7034505208333334
13	0.8902994791666666	0.5647786458333334	0.019856770833333332	0.5647786458333334
13	1.5641276041666667	1.0104166666666667	0.017903645833333332	1.0104166666666667
11	0.8541666666666666	0.24772135416666666	0.052083333333333336	0.24772135416666666
11	1.1995442708333333	0.2568359375	0.030924479166666668	0.2568359375
8	0.7698567708333334	0.583984375	0.012369791666666666	0.009765625
8	0.7112630208333334	0.4290364583333333	0.013671875	0.016927083333333332
8	0.61767578125	0.20621744791666666	0.009440104166666666	0.017252604166666668
8	0.7351888020833334	0.5296223958333334	0.021809895833333332	0.018229166666666668
8	0.6656901041666666	0.3759765625	0.009765625	0.0078125
8	0.7366536458333334	0.552734375	0.020182291666666668	0.024739583333333332
8	0.6184895833333334	0.5442708333333334	0.010416666666666666	0.024088541666666668
8	0.3614908854166667	0.5558268229166666	0.019205729166666668	0.013997395833333334
8	0.6728515625	0.5787760416666666	0.013671875	0.016276041666666668
8	0.29296875	0.4762369791666667	0.018880208333333332	0.022786458333333332
8	0.44970703125	0.4991861979166667	0.012044270833333334	0.010091145833333334
8	0.6580403645833334	0.4217122395833333	0.019856770833333332	0.015950520833333332
8	0.431640625	0.14095052083333334	0.00390625	0.005859375
8	0.6481119791666666	0.15673828125	0.012369791666666666	0.0166015625
8	0.4713541666666667	0.4912109375	0.013671875	0.014322916666666666
8	0.62060546875	0.24918619791666666	0.017903645833333332	0.015950520833333332
2	0.7312825520833334	0.56591796875	0.028971354166666668	0.015299479166666666
2	0.5607096354166666	0.2737630208333333	0.051106770833333336	0.07356770833333333
2	0.78662109375	0.5065104166666666	0.021809895833333332	0.0546875
0	0.576171875	0.27001953125	0.08333333333333333	0.06803385416666667
13	0.7443033854166666	0.3517252604166667	0.0146484375	0.037434895833333336
13	0.4451497395833333	0.2823893229166667	0.019856770833333332	0.09537760416666667
13	0.7820638020833334	0.5052083333333334	0.017903645833333332	0.042317708333333336
11	0.4270833333333333	0.12386067708333333	0.052083333333333336	0.013997395833333334
11	0.5997721354166666	0.12841796875	0.030924479166666668	0.027018229166666668
8	0.7698567708333334	0.583984375	0.012369791666666666	0.009765625
2	0.7312825520833334	0.56591796875	0.028971354166666668	0.015299479166666666
0	0.576171875	0.27001953125	0.08333333333333333	0.06803385416666667
13	0.7443033854166666	0.3517252604166667	0.0146484375	0.037434895833333336
11	0.4270833333333333	0.12386067708333333	0.052083333333333336	0.013997395833333334
