10	0.3301944106925881	1.5204149933065596	0.04343863912515188	1.5204149933065596
10	1.6503645200486026	1.3002008032128514	0.13578371810449574	1.3002008032128514
11	0.33323207776427705	1.5311244979919678	0.03979343863912515	1.5311244979919678
10	0.3301944106925881	1.5204149933065596	0.04343863912515188	1.5204149933065596
10	1.6503645200486026	1.3002008032128514	0.13578371810449574	1.3002008032128514
11	0.33323207776427705	1.5311244979919678	0.03979343863912515	1.5311244979919678
10	0.16509720534629405	0.7602074966532798	0.04343863912515188	0.09136546184738956
10	0.8251822600243013	0.6501004016064257	0.13578371810449574	0.18105756358768407
11	0.16661603888213852	0.7655622489959839	0.03979343863912515	0.06258366800535475
10	0.16509720534629405	0.7602074966532798	0.04343863912515188	0.09136546184738956
11	0.16661603888213852	0.7655622489959839	0.03979343863912515	0.06258366800535475
3	0.601913730255164	0.6474230254350736	0.4322600243013366	0.16298527443105756
