10	0.5785590277777778	1.1190972222222222	0.23828125	1.1190972222222222
11	0.625	0.35381944444444446	0.10850694444444445	0.35381944444444446
11	1.4917534722222223	0.3951388888888889	0.10633680555555555	0.3951388888888889
10	0.5785590277777778	1.1190972222222222	0.23828125	1.1190972222222222
11	0.625	0.35381944444444446	0.10850694444444445	0.35381944444444446
11	1.4917534722222223	0.3951388888888889	0.10633680555555555	0.3951388888888889
10	0.2892795138888889	0.5595486111111111	0.23828125	0.2565972222222222
11	0.3125	0.17690972222222223	0.10850694444444445	0.04548611111111111
11	0.7458767361111112	0.19756944444444444	0.10633680555555555	0.07361111111111111
10	0.2892795138888889	0.5595486111111111	0.23828125	0.2565972222222222
11	0.3125	0.17690972222222223	0.10850694444444445	0.04548611111111111
3	0.6013454861111112	0.5916666666666667	0.4136284722222222	0.1326388888888889
