3	1.0212673611111112	1.0638888888888889	0.40234375	1.0638888888888889
0	1.0303819444444444	0.6576388888888889	0.08680555555555555	0.6576388888888889
3	1.0212673611111112	1.0638888888888889	0.40234375	1.0638888888888889
0	1.0303819444444444	0.6576388888888889	0.08680555555555555	0.6576388888888889
3	0.5106336805555556	0.5319444444444444	0.40234375	0.16111111111111112
0	0.5151909722222222	0.32881944444444444	0.08680555555555555	0.05694444444444444
3	0.5106336805555556	0.5319444444444444	0.40234375	0.16111111111111112
0	0.5151909722222222	0.32881944444444444	0.08680555555555555	0.05694444444444444
9	0.3838975694444444	0.41128472222222223	0.07161458333333333	0.09131944444444444
7	0.3838975694444444	0.41128472222222223	0.07161458333333333	0.09131944444444444
