3	1.0889570552147239	1.2860512129380053	0.43098159509202455	1.2860512129380053
1	0.5797546012269938	0.4639487870619946	0.25076687116564417	0.4639487870619946
3	1.0889570552147239	1.2860512129380053	0.43098159509202455	1.2860512129380053
1	0.5797546012269938	0.4639487870619946	0.25076687116564417	0.4639487870619946
1	0.2898773006134969	0.2319743935309973	0.25076687116564417	0.25977088948787064
3	0.5444785276073619	0.6430256064690026	0.43098159509202455	0.19508086253369272
8	0.14934815950920247	0.5080862533692723	0.018788343558282208	0.03167115902964959
3	0.5444785276073619	0.6430256064690026	0.43098159509202455	0.19508086253369272
4	0.31326687116564417	0.24241913746630728	0.21779141104294478	0.1984501347708895
1	0.2898773006134969	0.2319743935309973	0.25076687116564417	0.25977088948787064
9	0.629601226993865	0.5417789757412399	0.03374233128834356	0.04177897574123989
