11	0.6457100591715976	0.2714185393258427	0.1264792899408284	0.2714185393258427
11	1.2784763313609468	0.2714185393258427	0.14534023668639054	0.2714185393258427
0	1.1087278106508875	0.7577247191011236	0.14497041420118342	0.7577247191011236
11	0.6457100591715976	0.2714185393258427	0.1264792899408284	0.2714185393258427
11	1.2784763313609468	0.2714185393258427	0.14534023668639054	0.2714185393258427
0	1.1087278106508875	0.7577247191011236	0.14497041420118342	0.7577247191011236
11	0.3228550295857988	0.13570926966292135	0.1264792899408284	0.06355337078651685
11	0.6392381656804734	0.13570926966292135	0.14534023668639054	0.04950842696629214
0	0.5543639053254438	0.3788623595505618	0.14497041420118342	0.14115168539325842
3	0.5891272189349113	0.7538623595505618	0.4334319526627219	0.16292134831460675
11	0.3228550295857988	0.13570926966292135	0.1264792899408284	0.06355337078651685
0	0.5543639053254438	0.3788623595505618	0.14497041420118342	0.14115168539325842
