1	0.265648012	0.261029412	0.194771723	0.173796791
1	0.618556701	0.171290107	0.136966127	0.046457219
11	0.306885125	0.232620321	0.249263623	0.142379679
11	0.290500736	0.196858289	0.109720177	0.073529412
11	0.817010309	0.752673797	0.0544919	0.157085561
11	0.607326951	0.188335561	0.213181149	0.07052139
11	0.122054492	0.849933155	0.053387334	0.089572193
13	0.20416053	0.379512032	0.107142857	0.027740642
13	0.294734904	0.314004011	0.121870398	0.117981283
13	0.727724595	0.444184492	0.196980854	0.120320856
13	0.239874816	0.666610963	0.09904271	0.07921123
10	0.805412371	0.740975936	0.062960236	0.082219251
10	0.122054492	0.849933155	0.053387334	0.089572193
