5	1.705685618729097	1.3498613037447988	0.10702341137123746	1.3498613037447988
5	0.4439799331103679	1.3200416088765603	0.15802675585284282	1.3200416088765603
0	1.229515050167224	0.7465325936199723	0.1358695652173913	0.7465325936199723
5	1.705685618729097	1.3498613037447988	0.10702341137123746	1.3498613037447988
5	0.4439799331103679	1.3200416088765603	0.15802675585284282	1.3200416088765603
0	1.229515050167224	0.7465325936199723	0.1358695652173913	0.7465325936199723
5	0.8528428093645485	0.6749306518723994	0.10702341137123746	0.2992371705963939
5	0.22198996655518394	0.6600208044382802	0.15802675585284282	0.26386962552011095
0	0.614757525083612	0.37326629680998613	0.1358695652173913	0.11615811373092927
5	0.8528428093645485	0.6749306518723994	0.10702341137123746	0.2992371705963939
0	0.614757525083612	0.37326629680998613	0.1358695652173913	0.11615811373092927
