13	0.6609424920127795	0.4955573505654281	0.20407348242811502	0.4955573505654281
13	1.4233226837060702	0.5161550888529887	0.21805111821086262	0.5161550888529887
7	1.4233226837060702	0.5161550888529887	0.21805111821086262	0.5161550888529887
7	0.6609424920127795	0.4955573505654281	0.20407348242811502	0.4955573505654281
2	0.6609424920127795	0.4955573505654281	0.20407348242811502	0.4955573505654281
2	1.4233226837060702	0.5161550888529887	0.21805111821086262	0.5161550888529887
6	0.6405750798722045	0.49636510500807757	0.24600638977635783	0.49636510500807757
6	1.410143769968051	0.44426494345718903	0.2511980830670926	0.44426494345718903
5	0.639776357827476	0.45032310177705975	0.2987220447284345	0.45032310177705975
5	1.479632587859425	0.6308562197092084	0.2016773162939297	0.6308562197092084
13	0.6609424920127795	0.4955573505654281	0.20407348242811502	0.4955573505654281
13	1.4233226837060702	0.5161550888529887	0.21805111821086262	0.5161550888529887
7	1.4233226837060702	0.5161550888529887	0.21805111821086262	0.5161550888529887
7	0.6609424920127795	0.4955573505654281	0.20407348242811502	0.4955573505654281
2	0.6609424920127795	0.4955573505654281	0.20407348242811502	0.4955573505654281
2	1.4233226837060702	0.5161550888529887	0.21805111821086262	0.5161550888529887
6	0.6405750798722045	0.49636510500807757	0.24600638977635783	0.49636510500807757
6	1.410143769968051	0.44426494345718903	0.2511980830670926	0.44426494345718903
5	0.639776357827476	0.45032310177705975	0.2987220447284345	0.45032310177705975
5	1.479632587859425	0.6308562197092084	0.2016773162939297	0.6308562197092084
13	0.3304712460063898	0.24777867528271405	0.20407348242811502	0.2588852988691438
13	0.7116613418530351	0.25807754442649433	0.21805111821086262	0.2592891760904685
7	0.7116613418530351	0.25807754442649433	0.21805111821086262	0.2592891760904685
7	0.3304712460063898	0.24777867528271405	0.20407348242811502	0.2588852988691438
2	0.3304712460063898	0.24777867528271405	0.20407348242811502	0.2588852988691438
2	0.7116613418530351	0.25807754442649433	0.21805111821086262	0.2592891760904685
6	0.32028753993610226	0.24818255250403878	0.24600638977635783	0.24676898222940227
6	0.7050718849840255	0.22213247172859452	0.2511980830670926	0.22213247172859452
5	0.319888178913738	0.22516155088852988	0.2987220447284345	0.2831179321486268
5	0.7398162939297125	0.3154281098546042	0.2016773162939297	0.38287560581583197
6	0.32028753993610226	0.24818255250403878	0.24600638977635783	0.24676898222940227
5	0.319888178913738	0.22516155088852988	0.2987220447284345	0.2831179321486268
9	0.3953674121405751	0.7223344103392568	0.13178913738019168	0.17649434571890146
13	0.3304712460063898	0.24777867528271405	0.20407348242811502	0.2588852988691438
7	0.7116613418530351	0.25807754442649433	0.21805111821086262	0.2592891760904685
2	0.3304712460063898	0.24777867528271405	0.20407348242811502	0.2588852988691438
