7	1.5173611111111112	1.1416666666666666	0.2387152777777778	1.1416666666666666
7	1.375	0.6777777777777778	0.17274305555555555	0.6777777777777778
3	1.1966145833333333	1.321875	0.5681423611111112	1.321875
7	1.5173611111111112	1.1416666666666666	0.2387152777777778	1.1416666666666666
7	1.375	0.6777777777777778	0.17274305555555555	0.6777777777777778
3	1.1966145833333333	1.321875	0.5681423611111112	1.321875
7	0.7586805555555556	0.5708333333333333	0.2387152777777778	0.13958333333333334
7	0.6875	0.3388888888888889	0.17274305555555555	0.06041666666666667
3	0.5983072916666666	0.6609375	0.5681423611111112	0.18368055555555557
7	0.7586805555555556	0.5708333333333333	0.2387152777777778	0.13958333333333334
9	0.7309027777777778	0.6831597222222222	0.3923611111111111	0.20451388888888888
3	0.5983072916666666	0.6609375	0.5681423611111112	0.18368055555555557
4	0.693359375	0.5208333333333334	0.2669270833333333	0.11805555555555555
