13	0.6571180555555556	1.053125	0.2630208333333333	1.053125
13	1.7513020833333333	1.257638888888889	0.04383680555555555	1.257638888888889
5	1.7513020833333333	1.257638888888889	0.04383680555555555	1.257638888888889
5	0.5616319444444444	1.042361111111111	0.1623263888888889	1.042361111111111
5	1.5863715277777777	1.0951388888888889	0.23307291666666666	1.0951388888888889
13	0.6571180555555556	1.053125	0.2630208333333333	1.053125
13	1.7513020833333333	1.257638888888889	0.04383680555555555	1.257638888888889
5	1.7513020833333333	1.257638888888889	0.04383680555555555	1.257638888888889
5	0.5616319444444444	1.042361111111111	0.1623263888888889	1.042361111111111
5	1.5863715277777777	1.0951388888888889	0.23307291666666666	1.0951388888888889
13	0.3285590277777778	0.5265625	0.2630208333333333	0.1579861111111111
13	0.8756510416666666	0.6288194444444445	0.04383680555555555	0.07083333333333333
5	0.8756510416666666	0.6288194444444445	0.04383680555555555	0.07083333333333333
5	0.2808159722222222	0.5211805555555555	0.1623263888888889	0.19930555555555557
5	0.7931857638888888	0.5475694444444444	0.23307291666666666	0.22152777777777777
13	0.3285590277777778	0.5265625	0.2630208333333333	0.1579861111111111
5	0.8756510416666666	0.6288194444444445	0.04383680555555555	0.07083333333333333
