3	1.255716463414634	1.1396484375	0.42416158536585363	1.1396484375
11	0.40396341463414637	0.7535807291666666	0.03429878048780488	0.7535807291666666
11	0.7153201219512195	0.3577473958333333	0.12461890243902439	0.3577473958333333
11	1.4249237804878048	0.3235677083333333	0.1055640243902439	0.3235677083333333
0	1.1878810975609757	0.5921223958333334	0.09641768292682927	0.5921223958333334
3	1.255716463414634	1.1396484375	0.42416158536585363	1.1396484375
11	0.40396341463414637	0.7535807291666666	0.03429878048780488	0.7535807291666666
11	0.7153201219512195	0.3577473958333333	0.12461890243902439	0.3577473958333333
11	1.4249237804878048	0.3235677083333333	0.1055640243902439	0.3235677083333333
0	1.1878810975609757	0.5921223958333334	0.09641768292682927	0.5921223958333334
3	0.627858231707317	0.56982421875	0.42416158536585363	0.09537760416666667
11	0.20198170731707318	0.3767903645833333	0.03429878048780488	0.06998697916666667
11	0.35766006097560976	0.17887369791666666	0.12461890243902439	0.0615234375
11	0.7124618902439024	0.16178385416666666	0.1055640243902439	0.045572916666666664
0	0.5939405487804879	0.2960611979166667	0.09641768292682927	0.09537760416666667
0	0.5939405487804879	0.2960611979166667	0.09641768292682927	0.09537760416666667
3	0.627858231707317	0.56982421875	0.42416158536585363	0.09537760416666667
11	0.20198170731707318	0.3767903645833333	0.03429878048780488	0.06998697916666667
