0	1.210725075528701	0.5876826722338204	0.12462235649546828	0.5876826722338204
3	1.1544561933534743	1.1753653444676408	0.4898036253776435	1.1753653444676408
0	1.210725075528701	0.5876826722338204	0.12462235649546828	0.5876826722338204
3	1.1544561933534743	1.1753653444676408	0.4898036253776435	1.1753653444676408
0	0.6053625377643505	0.2938413361169102	0.12462235649546828	0.12839248434237996
3	0.5772280966767371	0.5876826722338204	0.4898036253776435	0.10786360473208072
11	0.866880664652568	0.6271746694502436	0.04267371601208459	0.09777313848295059
10	0.866880664652568	0.6271746694502436	0.04267371601208459	0.09777313848295059
0	0.6053625377643505	0.2938413361169102	0.12462235649546828	0.12839248434237996
3	0.5772280966767371	0.5876826722338204	0.4898036253776435	0.10786360473208072
7	0.866880664652568	0.6271746694502436	0.04267371601208459	0.09777313848295059
