11	1.5115	1.2647058823529411	0.1565	1.2647058823529411
11	1.6665	1.3513071895424837	0.0495	1.3513071895424837
11	1.733	1.5077614379084967	0.067	1.5077614379084967
13	1.6915	1.3423202614379084	0.0475	1.3423202614379084
13	0.437	1.1205065359477124	0.17	1.1205065359477124
13	1.5605	1.2630718954248366	0.0935	1.2630718954248366
13	1.593	1.3129084967320261	0.148	1.3129084967320261
11	1.5115	1.2647058823529411	0.1565	1.2647058823529411
11	1.6665	1.3513071895424837	0.0495	1.3513071895424837
11	1.733	1.5077614379084967	0.067	1.5077614379084967
13	1.6915	1.3423202614379084	0.0475	1.3423202614379084
13	0.437	1.1205065359477124	0.17	1.1205065359477124
13	1.5605	1.2630718954248366	0.0935	1.2630718954248366
13	1.593	1.3129084967320261	0.148	1.3129084967320261
11	0.75575	0.6323529411764706	0.1565	0.03676470588235294
11	0.83325	0.6756535947712419	0.0495	0.04330065359477124
11	0.8665	0.7538807189542484	0.067	0.09109477124183006
13	0.84575	0.6711601307189542	0.0475	0.05310457516339869
13	0.2185	0.5602532679738562	0.17	0.06740196078431372
13	0.78025	0.6315359477124183	0.0935	0.025326797385620915
13	0.7965	0.6564542483660131	0.148	0.0784313725490196
11	0.75575	0.6323529411764706	0.1565	0.03676470588235294
13	0.84575	0.6711601307189542	0.0475	0.05310457516339869
9	0.708	0.7075163398692811	0.335	0.14215686274509803
3	0.5275	0.7113970588235294	0.457	0.1948529411764706
10	0.8665	0.7538807189542484	0.067	0.09109477124183006
