3	1.0894097222222223	1.3107638888888888	0.4019097222222222	1.3107638888888888
11	0.6271701388888888	0.3059027777777778	0.1714409722222222	0.3059027777777778
11	1.3372395833333333	0.3388888888888889	0.1584201388888889	0.3388888888888889
3	1.0894097222222223	1.3107638888888888	0.4019097222222222	1.3107638888888888
11	0.6271701388888888	0.3059027777777778	0.1714409722222222	0.3059027777777778
11	1.3372395833333333	0.3388888888888889	0.1584201388888889	0.3388888888888889
3	0.5447048611111112	0.6553819444444444	0.4019097222222222	0.14201388888888888
11	0.3135850694444444	0.1529513888888889	0.1714409722222222	0.03090277777777778
11	0.6686197916666666	0.16944444444444445	0.1584201388888889	0.03611111111111111
3	0.5447048611111112	0.6553819444444444	0.4019097222222222	0.14201388888888888
11	0.3135850694444444	0.1529513888888889	0.1714409722222222	0.03090277777777778
0	0.5336371527777778	0.3342013888888889	0.08550347222222222	0.08576388888888889
13	0.7838541666666666	0.665625	0.0546875	0.019444444444444445
