5	0.5049471170249061	1.5131321050568405	0.0791538723984988	1.5131321050568405
5	0.5329239167519618	1.3441787534300274	0.13442511088365747	1.3441787534300274
13	0.5049471170249061	1.5131321050568405	0.0791538723984988	1.5131321050568405
13	0.4844762879563289	1.3226185809486475	0.12282497441146366	1.3226185809486475
9	1.5748891163425451	1.5931007448059584	0.07437734561583077	1.5931007448059584
9	1.0143295803480041	1.1583692669541357	0.1245308768338451	1.1583692669541357
10	0.29000341180484474	1.7934143473147786	0.04844762879563289	1.7934143473147786
10	1.7366086659843056	1.8279106232849862	0.029341521664960766	1.8279106232849862
11	0.2917093142272262	1.7808702469619757	0.032412146025247356	1.7808702469619757
11	1.7366086659843056	1.8279106232849862	0.029341521664960766	1.8279106232849862
5	0.5049471170249061	1.5131321050568405	0.0791538723984988	1.5131321050568405
5	0.5329239167519618	1.3441787534300274	0.13442511088365747	1.3441787534300274
13	0.5049471170249061	1.5131321050568405	0.0791538723984988	1.5131321050568405
13	0.4844762879563289	1.3226185809486475	0.12282497441146366	1.3226185809486475
9	1.5748891163425451	1.5931007448059584	0.07437734561583077	1.5931007448059584
9	1.0143295803480041	1.1583692669541357	0.1245308768338451	1.1583692669541357
10	0.29000341180484474	1.7934143473147786	0.04844762879563289	1.7934143473147786
10	1.7366086659843056	1.8279106232849862	0.029341521664960766	1.8279106232849862
11	0.2917093142272262	1.7808702469619757	0.032412146025247356	1.7808702469619757
11	1.7366086659843056	1.8279106232849862	0.029341521664960766	1.8279106232849862
5	0.25247355851245307	0.7565660525284202	0.0791538723984988	0.1128969031752254
5	0.2664619583759809	0.6720893767150137	0.13442511088365747	0.32810662485299885
13	0.25247355851245307	0.7565660525284202	0.0791538723984988	0.1128969031752254
13	0.24223814397816446	0.6613092904743237	0.12282497441146366	0.3120344962759702
9	0.7874445581712726	0.7965503724029792	0.07437734561583077	0.0831046648373187
9	0.5071647901740021	0.5791846334770678	0.1245308768338451	0.5437083496667974
10	0.14500170590242237	0.8967071736573893	0.04844762879563289	0.05840846726773814
10	0.8683043329921528	0.9139553116424931	0.029341521664960766	0.05840846726773814
11	0.1458546571136131	0.8904351234809879	0.032412146025247356	0.12426499411995295
11	0.8683043329921528	0.9139553116424931	0.029341521664960766	0.05840846726773814
5	0.25247355851245307	0.7565660525284202	0.0791538723984988	0.1128969031752254
13	0.25247355851245307	0.7565660525284202	0.0791538723984988	0.1128969031752254
3	0.5837598089389286	0.7469619756958056	0.40668713749573526	0.2261858094864759
9	0.7874445581712726	0.7965503724029792	0.07437734561583077	0.0831046648373187
10	0.14500170590242237	0.8967071736573893	0.04844762879563289	0.05840846726773814
11	0.1458546571136131	0.8904351234809879	0.032412146025247356	0.12426499411995295
7	0.7874445581712726	0.7965503724029792	0.07437734561583077	0.0831046648373187
