13	0.653483073	0.334147135	0.198242188	0.395507813
13	0.3359375	0.33984375	0.207682292	0.439453125
13	0.344401042	0.373209635	0.194661458	0.133789063
6	0.65625	0.372395833	0.199869792	0.526041667
6	0.347167969	0.347981771	0.215820313	0.494791667
5	0.3359375	0.33984375	0.207682292	0.439453125
5	0.653483073	0.334147135	0.198242188	0.395507813
10	0.754394531	0.701660156	0.047200521	0.062174479
10	0.25406901	0.686197917	0.050455729	0.0703125
9	0.653483073	0.334147135	0.198242188	0.395507813
9	0.3359375	0.33984375	0.207682292	0.439453125
11	0.720703125	0.207845052	0.095052083	0.159179688
11	0.25406901	0.686197917	0.050455729	0.0703125
11	0.392740885	0.082682292	0.140950521	0.055989583
11	0.753417969	0.69140625	0.030273438	0.064453125
11	0.61344401	0.072428385	0.144205729	0.078450521
11	0.268066406	0.288574219	0.067382813	0.348632813
