0	1.1272530641672676	0.7260106165781952	0.11571737563085796	0.7260106165781952
13	1.4816149963950973	0.6815026541445488	0.09228550829127613	0.6815026541445488
13	0.5634462869502523	0.5986116782360147	0.10922855082912761	0.5986116782360147
13	1.3356164383561644	0.9011841567986933	0.07317952415284787	0.9011841567986933
11	0.5201874549387167	0.48223764801959984	0.0955299206921413	0.48223764801959984
0	1.1272530641672676	0.7260106165781952	0.11571737563085796	0.7260106165781952
13	1.4816149963950973	0.6815026541445488	0.09228550829127613	0.6815026541445488
13	0.5634462869502523	0.5986116782360147	0.10922855082912761	0.5986116782360147
13	1.3356164383561644	0.9011841567986933	0.07317952415284787	0.9011841567986933
11	0.5201874549387167	0.48223764801959984	0.0955299206921413	0.48223764801959984
11	0.2600937274693583	0.24111882400979992	0.0955299206921413	0.0518579011841568
0	0.5636265320836338	0.3630053082890976	0.11571737563085796	0.14373213556553696
13	0.7408074981975487	0.3407513270722744	0.09228550829127613	0.049407921600653326
13	0.28172314347512617	0.29930583911800734	0.10922855082912761	0.09146590445079625
13	0.6678082191780822	0.4505920783993467	0.07317952415284787	0.08779093507554103
0	0.5636265320836338	0.3630053082890976	0.11571737563085796	0.14373213556553696
13	0.7408074981975487	0.3407513270722744	0.09228550829127613	0.049407921600653326
11	0.2600937274693583	0.24111882400979992	0.0955299206921413	0.0518579011841568
2	0.5998558038932948	0.37750102082482645	0.03460706560922855	0.06655777868517762
