10	1.4943576388888888	1.5142361111111111	0.11675347222222222	1.5142361111111111
10	1.3307291666666667	1.4760416666666667	0.2821180555555556	1.4760416666666667
0	1.0959201388888888	0.8166666666666667	0.1115451388888889	0.8166666666666667
13	0.24913194444444445	1.3416666666666666	0.1154513888888889	1.3416666666666666
10	1.4943576388888888	1.5142361111111111	0.11675347222222222	1.5142361111111111
10	1.3307291666666667	1.4760416666666667	0.2821180555555556	1.4760416666666667
0	1.0959201388888888	0.8166666666666667	0.1115451388888889	0.8166666666666667
13	0.24913194444444445	1.3416666666666666	0.1154513888888889	1.3416666666666666
10	0.7471788194444444	0.7571180555555556	0.11675347222222222	0.13020833333333334
10	0.6653645833333334	0.7380208333333333	0.2821180555555556	0.2795138888888889
0	0.5479600694444444	0.4083333333333333	0.1115451388888889	0.08402777777777778
13	0.12456597222222222	0.6708333333333333	0.1154513888888889	0.024305555555555556
11	0.3606770833333333	0.2230902777777778	0.0798611111111111	0.012152777777777778
10	0.7471788194444444	0.7571180555555556	0.11675347222222222	0.13020833333333334
0	0.5479600694444444	0.4083333333333333	0.1115451388888889	0.08402777777777778
13	0.12456597222222222	0.6708333333333333	0.1154513888888889	0.024305555555555556
