13	1.2429764616552772	0.3818537859007833	0.06454062262718299	0.3818537859007833
13	0.6738800303720577	0.35509138381201044	0.055049354593773726	0.35509138381201044
3	1.0466970387243735	1.360313315926893	0.4635535307517084	1.360313315926893
0	1.1317388003037205	0.6511096605744126	0.13705391040242976	0.6511096605744126
13	1.2429764616552772	0.3818537859007833	0.06454062262718299	0.3818537859007833
13	0.6738800303720577	0.35509138381201044	0.055049354593773726	0.35509138381201044
3	1.0466970387243735	1.360313315926893	0.4635535307517084	1.360313315926893
0	1.1317388003037205	0.6511096605744126	0.13705391040242976	0.6511096605744126
13	0.6214882308276386	0.19092689295039164	0.06454062262718299	0.11357702349869452
13	0.33694001518602884	0.17754569190600522	0.055049354593773726	0.09399477806788512
3	0.5233485193621867	0.6801566579634465	0.4635535307517084	0.12140992167101827
0	0.5658694001518603	0.3255548302872063	0.13705391040242976	0.1400130548302872
13	0.6214882308276386	0.19092689295039164	0.06454062262718299	0.11357702349869452
3	0.5233485193621867	0.6801566579634465	0.4635535307517084	0.12140992167101827
0	0.5658694001518603	0.3255548302872063	0.13705391040242976	0.1400130548302872
