11	1.1996527777777777	0.3333333333333333	0.17447916666666666	0.3333333333333333
11	0.5833333333333334	0.3038194444444444	0.09375	0.3038194444444444
0	1.1141493055555556	0.6121527777777778	0.09678819444444445	0.6121527777777778
11	1.1996527777777777	0.3333333333333333	0.17447916666666666	0.3333333333333333
11	0.5833333333333334	0.3038194444444444	0.09375	0.3038194444444444
0	1.1141493055555556	0.6121527777777778	0.09678819444444445	0.6121527777777778
11	0.5998263888888888	0.16666666666666666	0.17447916666666666	0.04861111111111111
11	0.2916666666666667	0.1519097222222222	0.09375	0.028125
0	0.5570746527777778	0.3060763888888889	0.09678819444444445	0.0954861111111111
11	0.5998263888888888	0.16666666666666666	0.17447916666666666	0.04861111111111111
0	0.5570746527777778	0.3060763888888889	0.09678819444444445	0.0954861111111111
