9	0.19940915805022155	1.2579318448883667	0.025110782865583457	1.2579318448883667
9	0.29911373707533234	1.1383666274970623	0.04357459379615953	1.1383666274970623
8	1.2821270310192023	1.0828437132784958	0.16912850812407682	1.0828437132784958
8	1.463810930576071	1.2905405405405406	0.09527326440177253	1.2905405405405406
8	0.604135893648449	1.0763807285546416	0.23855243722304284	1.0763807285546416
8	0.29911373707533234	1.1383666274970623	0.04357459379615953	1.1383666274970623
8	0.41986706056129985	0.7314923619271445	0.09268833087149188	0.7314923619271445
8	0.19940915805022155	1.2579318448883667	0.025110782865583457	1.2579318448883667
8	1.6484490398818317	0.8860164512338425	0.0310192023633678	0.8860164512338425
8	1.5901033973412113	1.336662749706228	0.1831610044313146	1.336662749706228
7	1.5446824224519942	1.3155111633372503	0.18353028064992616	1.3155111633372503
7	0.40731166912850814	0.7326674500587544	0.10228951255539143	0.7326674500587544
7	0.604135893648449	1.0763807285546416	0.23855243722304284	1.0763807285546416
7	1.2418759231905465	1.0616921269095183	0.20199409158050222	1.0616921269095183
7	0.30096011816838997	1.1304347826086956	0.04985228951255539	1.1304347826086956
9	0.19940915805022155	1.2579318448883667	0.025110782865583457	1.2579318448883667
9	0.29911373707533234	1.1383666274970623	0.04357459379615953	1.1383666274970623
8	1.2821270310192023	1.0828437132784958	0.16912850812407682	1.0828437132784958
8	1.463810930576071	1.2905405405405406	0.09527326440177253	1.2905405405405406
8	0.604135893648449	1.0763807285546416	0.23855243722304284	1.0763807285546416
8	0.29911373707533234	1.1383666274970623	0.04357459379615953	1.1383666274970623
8	0.41986706056129985	0.7314923619271445	0.09268833087149188	0.7314923619271445
8	0.19940915805022155	1.2579318448883667	0.025110782865583457	1.2579318448883667
8	1.6484490398818317	0.8860164512338425	0.0310192023633678	0.8860164512338425
8	1.5901033973412113	1.336662749706228	0.1831610044313146	1.336662749706228
7	1.5446824224519942	1.3155111633372503	0.18353028064992616	1.3155111633372503
7	0.40731166912850814	0.7326674500587544	0.10228951255539143	0.7326674500587544
7	0.604135893648449	1.0763807285546416	0.23855243722304284	1.0763807285546416
7	1.2418759231905465	1.0616921269095183	0.20199409158050222	1.0616921269095183
7	0.30096011816838997	1.1304347826086956	0.04985228951255539	1.1304347826086956
9	0.09970457902511078	0.6289659224441834	0.025110782865583457	0.03290246768507638
9	0.14955686853766617	0.5691833137485312	0.04357459379615953	0.02144535840188014
8	0.6410635155096012	0.5414218566392479	0.16912850812407682	0.14864864864864866
8	0.7319054652880355	0.6452702702702703	0.09527326440177253	0.11016451233842538
8	0.3020679468242245	0.5381903642773208	0.23855243722304284	0.26439482961222094
8	0.14955686853766617	0.5691833137485312	0.04357459379615953	0.02144535840188014
8	0.20993353028064993	0.36574618096357225	0.09268833087149188	0.08578143360752057
8	0.09970457902511078	0.6289659224441834	0.025110782865583457	0.03290246768507638
8	0.8242245199409158	0.44300822561692127	0.0310192023633678	0.02526439482961222
8	0.7950516986706057	0.668331374853114	0.1831610044313146	0.09224441833137485
7	0.7723412112259971	0.6577555816686251	0.18353028064992616	0.14159811985898943
7	0.20365583456425407	0.3663337250293772	0.10228951255539143	0.058166862514688604
7	0.3020679468242245	0.5381903642773208	0.23855243722304284	0.26439482961222094
7	0.6209379615952733	0.5308460634547592	0.20199409158050222	0.1627497062279671
7	0.15048005908419498	0.5652173913043478	0.04985228951255539	0.03760282021151586
8	0.6410635155096012	0.5414218566392479	0.16912850812407682	0.14864864864864866
7	0.7723412112259971	0.6577555816686251	0.18353028064992616	0.14159811985898943
0	0.5788404726735599	0.28980611045828436	0.10081240768094535	0.07961222091656875
9	0.09970457902511078	0.6289659224441834	0.025110782865583457	0.03290246768507638
