3	1.1304185351270553	1.3952898550724637	0.4435724962630792	1.3952898550724637
11	0.15433482810164426	1.4960144927536232	0.03624813153961136	1.4960144927536232
11	1.7085201793721974	1.393840579710145	0.0343796711509716	1.393840579710145
0	1.1681614349775784	0.8278985507246377	0.15695067264573992	0.8278985507246377
3	1.1304185351270553	1.3952898550724637	0.4435724962630792	1.3952898550724637
11	0.15433482810164426	1.4960144927536232	0.03624813153961136	1.4960144927536232
11	1.7085201793721974	1.393840579710145	0.0343796711509716	1.393840579710145
0	1.1681614349775784	0.8278985507246377	0.15695067264573992	0.8278985507246377
3	0.5652092675635276	0.6976449275362319	0.4435724962630792	0.12717391304347825
11	0.07716741405082213	0.7480072463768116	0.03624813153961136	0.09456521739130434
11	0.8542600896860987	0.6969202898550725	0.0343796711509716	0.09746376811594203
0	0.5840807174887892	0.41394927536231885	0.15695067264573992	0.21340579710144927
0	0.5840807174887892	0.41394927536231885	0.15695067264573992	0.21340579710144927
3	0.5652092675635276	0.6976449275362319	0.4435724962630792	0.12717391304347825
9	0.19824364723467863	0.6985507246376812	0.15732436472346786	0.07536231884057971
11	0.07716741405082213	0.7480072463768116	0.03624813153961136	0.09456521739130434
10	0.07716741405082213	0.7480072463768116	0.03624813153961136	0.09456521739130434
