0	1.1098090277777777	0.603125	0.09071180555555555	0.603125
11	0.6067708333333334	0.32534722222222223	0.1467013888888889	0.32534722222222223
11	0.20442708333333334	1.5493055555555555	0.09244791666666667	1.5493055555555555
0	1.1098090277777777	0.603125	0.09071180555555555	0.603125
11	0.6067708333333334	0.32534722222222223	0.1467013888888889	0.32534722222222223
11	0.20442708333333334	1.5493055555555555	0.09244791666666667	1.5493055555555555
0	0.5549045138888888	0.3015625	0.09071180555555555	0.06979166666666667
11	0.3033854166666667	0.16267361111111112	0.1467013888888889	0.04895833333333333
11	0.10221354166666667	0.7746527777777777	0.09244791666666667	0.06527777777777778
0	0.5549045138888888	0.3015625	0.09071180555555555	0.06979166666666667
11	0.3033854166666667	0.16267361111111112	0.1467013888888889	0.04895833333333333
10	0.10221354166666667	0.7746527777777777	0.09244791666666667	0.06527777777777778
