13	0.7532869296210364	0.3864719904648391	0.02165506573859242	0.3864719904648391
13	1.105568445475638	0.6069725864123957	0.03209590100541377	0.6069725864123957
11	0.23433874709976799	1.4722884386174018	0.030935808197989172	1.4722884386174018
11	0.662799690641918	0.3045292014302741	0.14694508894044858	0.3045292014302741
8	0.4899458623356535	0.5464839094159714	0.036736272235112145	0.5464839094159714
8	1.360402165506574	0.533969010727056	0.027842227378190254	0.533969010727056
8	0.43039443155452434	1.2386769964243147	0.03441608662026296	1.2386769964243147
8	1.5564578499613302	1.217222884386174	0.03982985305491106	1.217222884386174
13	0.7532869296210364	0.3864719904648391	0.02165506573859242	0.3864719904648391
13	1.105568445475638	0.6069725864123957	0.03209590100541377	0.6069725864123957
11	0.23433874709976799	1.4722884386174018	0.030935808197989172	1.4722884386174018
11	0.662799690641918	0.3045292014302741	0.14694508894044858	0.3045292014302741
8	0.4899458623356535	0.5464839094159714	0.036736272235112145	0.5464839094159714
8	1.360402165506574	0.533969010727056	0.027842227378190254	0.533969010727056
8	0.43039443155452434	1.2386769964243147	0.03441608662026296	1.2386769964243147
8	1.5564578499613302	1.217222884386174	0.03982985305491106	1.217222884386174
13	0.3766434648105182	0.19323599523241955	0.02165506573859242	0.022943980929678188
13	0.552784222737819	0.30348629320619785	0.03209590100541377	0.03128724672228844
11	0.11716937354988399	0.7361442193087009	0.030935808197989172	0.04797377830750894
11	0.331399845320959	0.15226460071513706	0.14694508894044858	0.02205005959475566
8	0.24497293116782676	0.2732419547079857	0.036736272235112145	0.02562574493444577
8	0.680201082753287	0.266984505363528	0.027842227378190254	0.02800953516090584
8	0.21519721577726217	0.6193384982121574	0.03441608662026296	0.026519666269368296
8	0.7782289249806651	0.608611442193087	0.03982985305491106	0.03069129916567342
13	0.3766434648105182	0.19323599523241955	0.02165506573859242	0.022943980929678188
11	0.11716937354988399	0.7361442193087009	0.030935808197989172	0.04797377830750894
8	0.24497293116782676	0.2732419547079857	0.036736272235112145	0.02562574493444577
10	0.11716937354988399	0.7361442193087009	0.030935808197989172	0.04797377830750894
