10	1.795275590551181	1.4130859375	0.03937007874015748	1.4130859375
10	0.371259842519685	1.4173177083333333	0.046850393700787404	1.4173177083333333
8	1.374015748031496	0.6061197916666666	0.14015748031496064	0.6061197916666666
9	1.7263779527559056	1.1966145833333333	0.03818897637795276	1.1966145833333333
9	1.6688976377952756	1.0052083333333333	0.05551181102362205	1.0052083333333333
9	1.6822834645669291	0.7646484375	0.06496062992125984	0.7646484375
9	1.6070866141732283	0.6256510416666666	0.04251968503937008	0.6256510416666666
9	1.7992125984251968	1.4290364583333333	0.01889763779527559	1.4290364583333333
9	1.8425196850393701	1.578125	0.025196850393700787	1.578125
9	1.8393700787401575	1.4378255208333333	0.02047244094488189	1.4378255208333333
9	0.5578740157480315	1.005859375	0.02795275590551181	1.005859375
9	1.8192913385826772	1.7366536458333333	0.03267716535433071	1.7366536458333333
11	1.4031496062992126	0.14615885416666666	0.12913385826771653	0.14615885416666666
11	1.795275590551181	1.4130859375	0.03937007874015748	1.4130859375
11	0.371259842519685	1.4173177083333333	0.046850393700787404	1.4173177083333333
11	0.8	0.17513020833333334	0.20551181102362204	0.17513020833333334
0	1.2366141732283464	0.482421875	0.13582677165354332	0.482421875
10	1.795275590551181	1.4130859375	0.03937007874015748	1.4130859375
10	0.371259842519685	1.4173177083333333	0.046850393700787404	1.4173177083333333
8	1.374015748031496	0.6061197916666666	0.14015748031496064	0.6061197916666666
9	1.7263779527559056	1.1966145833333333	0.03818897637795276	1.1966145833333333
9	1.6688976377952756	1.0052083333333333	0.05551181102362205	1.0052083333333333
9	1.6822834645669291	0.7646484375	0.06496062992125984	0.7646484375
9	1.6070866141732283	0.6256510416666666	0.04251968503937008	0.6256510416666666
9	1.7992125984251968	1.4290364583333333	0.01889763779527559	1.4290364583333333
9	1.8425196850393701	1.578125	0.025196850393700787	1.578125
9	1.8393700787401575	1.4378255208333333	0.02047244094488189	1.4378255208333333
9	0.5578740157480315	1.005859375	0.02795275590551181	1.005859375
9	1.8192913385826772	1.7366536458333333	0.03267716535433071	1.7366536458333333
11	1.4031496062992126	0.14615885416666666	0.12913385826771653	0.14615885416666666
11	1.795275590551181	1.4130859375	0.03937007874015748	1.4130859375
11	0.371259842519685	1.4173177083333333	0.046850393700787404	1.4173177083333333
11	0.8	0.17513020833333334	0.20551181102362204	0.17513020833333334
0	1.2366141732283464	0.482421875	0.13582677165354332	0.482421875
10	0.8976377952755905	0.70654296875	0.03937007874015748	0.07063802083333333
10	0.1856299212598425	0.7086588541666666	0.046850393700787404	0.060546875
8	0.687007874015748	0.3030598958333333	0.14015748031496064	0.125
9	0.8631889763779528	0.5983072916666666	0.03818897637795276	0.042317708333333336
9	0.8344488188976378	0.5026041666666666	0.05551181102362205	0.047526041666666664
9	0.8411417322834646	0.38232421875	0.06496062992125984	0.0517578125
9	0.8035433070866141	0.3128255208333333	0.04251968503937008	0.048828125
9	0.8996062992125984	0.7145182291666666	0.01889763779527559	0.024739583333333332
9	0.9212598425196851	0.7890625	0.025196850393700787	0.033854166666666664
9	0.9196850393700787	0.7189127604166666	0.02047244094488189	0.025065104166666668
9	0.27893700787401576	0.5029296875	0.02795275590551181	0.05078125
9	0.9096456692913386	0.8683268229166666	0.03267716535433071	0.048502604166666664
11	0.7015748031496063	0.07307942708333333	0.12913385826771653	0.015950520833333332
11	0.8976377952755905	0.70654296875	0.03937007874015748	0.07063802083333333
11	0.1856299212598425	0.7086588541666666	0.046850393700787404	0.060546875
11	0.4	0.08756510416666667	0.20551181102362204	0.0703125
0	0.6183070866141732	0.2412109375	0.13582677165354332	0.10872395833333333
9	0.8631889763779528	0.5983072916666666	0.03818897637795276	0.042317708333333336
11	0.7015748031496063	0.07307942708333333	0.12913385826771653	0.015950520833333332
0	0.6183070866141732	0.2412109375	0.13582677165354332	0.10872395833333333
10	0.8976377952755905	0.70654296875	0.03937007874015748	0.07063802083333333
7	0.687007874015748	0.3030598958333333	0.14015748031496064	0.125
13	0.369488188976378	0.15934244791666666	0.21614173228346456	0.0400390625
8	0.687007874015748	0.3030598958333333	0.14015748031496064	0.125
