7	0.5293650793650794	0.6271658415841584	0.22936507936507936	0.6271658415841584
7	1.5257936507936507	0.9709158415841584	0.22023809523809523	0.9709158415841584
10	0.5218253968253969	0.7728960396039604	0.3416666666666667	0.7728960396039604
4	0.5293650793650794	0.6271658415841584	0.22936507936507936	0.6271658415841584
7	0.5293650793650794	0.6271658415841584	0.22936507936507936	0.6271658415841584
7	1.5257936507936507	0.9709158415841584	0.22023809523809523	0.9709158415841584
10	0.5218253968253969	0.7728960396039604	0.3416666666666667	0.7728960396039604
4	0.5293650793650794	0.6271658415841584	0.22936507936507936	0.6271658415841584
4	0.2646825396825397	0.3135829207920792	0.22936507936507936	0.22679455445544555
7	0.2646825396825397	0.3135829207920792	0.22936507936507936	0.22679455445544555
7	0.7628968253968254	0.4854579207920792	0.22023809523809523	0.29764851485148514
10	0.26091269841269843	0.3864480198019802	0.3416666666666667	0.5
7	0.2646825396825397	0.3135829207920792	0.22936507936507936	0.22679455445544555
10	0.26091269841269843	0.3864480198019802	0.3416666666666667	0.5
4	0.2646825396825397	0.3135829207920792	0.22936507936507936	0.22679455445544555
6	0.2988095238095238	0.25696163366336633	0.2523809523809524	0.307240099009901
11	0.2787698412698413	0.1745049504950495	0.2726190476190476	0.12376237623762376
