10	1.7134615384615384	1.3558588548601864	0.09807692307692308	1.3558588548601864
11	1.7134615384615384	1.3558588548601864	0.09807692307692308	1.3558588548601864
11	1.1657692307692307	0.3621837549933422	0.125	0.3621837549933422
11	0.5980769230769231	0.3229027962716378	0.07730769230769231	0.3229027962716378
10	1.7134615384615384	1.3558588548601864	0.09807692307692308	1.3558588548601864
11	1.7134615384615384	1.3558588548601864	0.09807692307692308	1.3558588548601864
11	1.1657692307692307	0.3621837549933422	0.125	0.3621837549933422
11	0.5980769230769231	0.3229027962716378	0.07730769230769231	0.3229027962716378
10	0.8567307692307692	0.6779294274300932	0.09807692307692308	0.11750998668442077
11	0.8567307692307692	0.6779294274300932	0.09807692307692308	0.11750998668442077
11	0.5828846153846153	0.1810918774966711	0.125	0.041944074567243674
11	0.29903846153846153	0.1614513981358189	0.07730769230769231	0.016644474034620507
10	0.8567307692307692	0.6779294274300932	0.09807692307692308	0.11750998668442077
13	0.6421153846153846	0.33338881491344874	0.19346153846153846	0.2073901464713715
0	0.5409615384615385	0.34320905459387485	0.11423076923076923	0.09720372836218376
11	0.8567307692307692	0.6779294274300932	0.09807692307692308	0.11750998668442077
5	0.7538461538461538	0.5381158455392809	0.17923076923076922	0.2966045272969374
