0	1.141260162601626	0.6859540636042403	0.11585365853658537	0.6859540636042403
10	1.7992886178861789	1.747791519434629	0.046239837398373985	1.747791519434629
10	0.13414634146341464	1.7358657243816253	0.044715447154471545	1.7358657243816253
11	0.13414634146341464	1.7358657243816253	0.044715447154471545	1.7358657243816253
11	1.7992886178861789	1.747791519434629	0.046239837398373985	1.747791519434629
0	1.141260162601626	0.6859540636042403	0.11585365853658537	0.6859540636042403
10	1.7992886178861789	1.747791519434629	0.046239837398373985	1.747791519434629
10	0.13414634146341464	1.7358657243816253	0.044715447154471545	1.7358657243816253
11	0.13414634146341464	1.7358657243816253	0.044715447154471545	1.7358657243816253
11	1.7992886178861789	1.747791519434629	0.046239837398373985	1.747791519434629
11	0.06707317073170732	0.8679328621908127	0.044715447154471545	0.054770318021201414
11	0.8996443089430894	0.8738957597173145	0.046239837398373985	0.08613074204946997
0	0.570630081300813	0.34297703180212014	0.11585365853658537	0.08524734982332155
10	0.8996443089430894	0.8738957597173145	0.046239837398373985	0.08613074204946997
10	0.06707317073170732	0.8679328621908127	0.044715447154471545	0.054770318021201414
0	0.570630081300813	0.34297703180212014	0.11585365853658537	0.08524734982332155
10	0.8996443089430894	0.8738957597173145	0.046239837398373985	0.08613074204946997
11	0.06707317073170732	0.8679328621908127	0.044715447154471545	0.054770318021201414
