11	0.266794626	0.231702963	0.099040307	0.102820421
11	0.852591171	0.931988576	0.059117083	0.056765441
11	0.108637236	0.889860764	0.037619962	0.031774366
11	0.127639155	0.897358086	0.083301344	0.094609068
6	0.710364683	0.42163513	0.269097889	0.450553374
6	0.307485605	0.347375937	0.211900192	0.335594431
5	0.321497121	0.26115673	0.242994242	0.230988933
5	0.710364683	0.42163513	0.269097889	0.450553374
13	0.734548944	0.4139593	0.285988484	0.488754016
13	0.319577735	0.290610496	0.257581574	0.319171724
10	0.127639155	0.897358086	0.083301344	0.094609068
10	0.852591171	0.931988576	0.059117083	0.056765441
10	0.111324376	0.877722242	0.049136276	0.042484827
