0	1.2108433734939759	0.62982900569981	0.1280120481927711	0.62982900569981
10	0.5135542168674698	1.0962634578847372	0.3546686746987952	1.0962634578847372
7	0.5963855421686747	0.7982900569981001	0.17996987951807228	0.7982900569981001
7	0.5651355421686747	1.097213426219126	0.22477409638554216	1.097213426219126
0	1.2108433734939759	0.62982900569981	0.1280120481927711	0.62982900569981
10	0.5135542168674698	1.0962634578847372	0.3546686746987952	1.0962634578847372
7	0.5963855421686747	0.7982900569981001	0.17996987951807228	0.7982900569981001
7	0.5651355421686747	1.097213426219126	0.22477409638554216	1.097213426219126
0	0.6054216867469879	0.314914502849905	0.1280120481927711	0.10101329955668144
10	0.2567771084337349	0.5481317289423686	0.3546686746987952	0.3229892336922103
7	0.29819277108433734	0.39914502849905004	0.17996987951807228	0.19854338188727041
7	0.28256777108433734	0.548606713109563	0.22477409638554216	0.06111462951234959
7	0.29819277108433734	0.39914502849905004	0.17996987951807228	0.19854338188727041
0	0.6054216867469879	0.314914502849905	0.1280120481927711	0.10101329955668144
10	0.2567771084337349	0.5481317289423686	0.3546686746987952	0.3229892336922103
4	0.29819277108433734	0.39914502849905004	0.17996987951807228	0.19854338188727041
