13	0.7604166666666666	0.44131944444444443	0.0798611111111111	0.44131944444444443
13	0.6006944444444444	0.546875	0.23697916666666666	0.546875
13	0.5013020833333334	0.6163194444444444	0.10546875	0.6163194444444444
11	0.6471354166666666	0.39166666666666666	0.16102430555555555	0.39166666666666666
13	0.7604166666666666	0.44131944444444443	0.0798611111111111	0.44131944444444443
13	0.6006944444444444	0.546875	0.23697916666666666	0.546875
13	0.5013020833333334	0.6163194444444444	0.10546875	0.6163194444444444
11	0.6471354166666666	0.39166666666666666	0.16102430555555555	0.39166666666666666
13	0.3802083333333333	0.22065972222222222	0.0798611111111111	0.05451388888888889
13	0.3003472222222222	0.2734375	0.23697916666666666	0.17118055555555556
13	0.2506510416666667	0.3081597222222222	0.10546875	0.13020833333333334
11	0.3235677083333333	0.19583333333333333	0.16102430555555555	0.05277777777777778
13	0.3802083333333333	0.22065972222222222	0.0798611111111111	0.05451388888888889
0	0.5442708333333334	0.35399305555555555	0.1267361111111111	0.10520833333333333
11	0.3235677083333333	0.19583333333333333	0.16102430555555555	0.05277777777777778
