13	0.5986328125	0.8268229166666666	0.15787760416666666	0.8268229166666666
13	0.5657552083333334	0.4466145833333333	0.046875	0.4466145833333333
11	0.5143229166666666	0.4111328125	0.029296875	0.4111328125
11	1.4560546875	0.34765625	0.035481770833333336	0.34765625
11	0.4326171875	1.1575520833333333	0.023111979166666668	1.1575520833333333
13	0.5986328125	0.8268229166666666	0.15787760416666666	0.8268229166666666
13	0.5657552083333334	0.4466145833333333	0.046875	0.4466145833333333
11	0.5143229166666666	0.4111328125	0.029296875	0.4111328125
11	1.4560546875	0.34765625	0.035481770833333336	0.34765625
11	0.4326171875	1.1575520833333333	0.023111979166666668	1.1575520833333333
13	0.29931640625	0.4134114583333333	0.15787760416666666	0.11002604166666667
13	0.2828776041666667	0.22330729166666666	0.046875	0.037109375
11	0.2571614583333333	0.20556640625	0.029296875	0.046549479166666664
11	0.72802734375	0.173828125	0.035481770833333336	0.038411458333333336
11	0.21630859375	0.5787760416666666	0.023111979166666668	0.053385416666666664
13	0.29931640625	0.4134114583333333	0.15787760416666666	0.11002604166666667
11	0.2571614583333333	0.20556640625	0.029296875	0.046549479166666664
10	0.21630859375	0.5787760416666666	0.023111979166666668	0.053385416666666664
