13	0.4279935275080906	0.9767520215633423	0.1343042071197411	0.9767520215633423
3	1.1169093851132685	1.0734501347708896	0.4534789644012945	1.0734501347708896
0	1.1601941747572815	0.6681266846361186	0.1156957928802589	0.6681266846361186
13	0.4279935275080906	0.9767520215633423	0.1343042071197411	0.9767520215633423
3	1.1169093851132685	1.0734501347708896	0.4534789644012945	1.0734501347708896
0	1.1601941747572815	0.6681266846361186	0.1156957928802589	0.6681266846361186
13	0.2139967637540453	0.48837601078167114	0.1343042071197411	0.023921832884097036
3	0.5584546925566343	0.5367250673854448	0.4534789644012945	0.14285714285714285
0	0.5800970873786407	0.3340633423180593	0.1156957928802589	0.11084905660377359
3	0.5584546925566343	0.5367250673854448	0.4534789644012945	0.14285714285714285
0	0.5800970873786407	0.3340633423180593	0.1156957928802589	0.11084905660377359
5	0.23948220064724918	0.39049865229110514	0.29854368932038833	0.38477088948787064
13	0.2139967637540453	0.48837601078167114	0.1343042071197411	0.023921832884097036
