8	0.780550459	0.66784518	0.017614679	0.033866766
8	0.602201835	0.414774842	0.032293578	0.021213249
8	0.745688073	0.692966133	0.039633028	0.027540007
13	0.691376147	0.348157797	0.088807339	0.107554894
13	0.685504587	0.298101972	0.068990826	0.034238928
10	0.847706422	0.717714924	0.039633028	0.071082992
11	0.849724771	0.724786007	0.051009174	0.0591738
11	0.762201835	0.679382211	0.068256881	0.047264607
11	0.68	0.254186825	0.254678899	0.174171939
2	0.762201835	0.679382211	0.068256881	0.047264607
2	0.624587156	0.217901005	0.044770642	0.032378117
1	0.679266055	0.244324525	0.243669725	0.154447339
3	0.613761468	0.668031262	0.35559633	0.116858951
