0	1.21044921875	0.6168	0.08544921875	0.6168
13	1.7509765625	1.2092	0.0224609375	1.2092
2	1.18994140625	0.6016	0.11083984375	0.6016
11	1.203125	0.2652	0.0849609375	0.2652
11	0.71875	0.3344	0.076171875	0.3344
0	1.21044921875	0.6168	0.08544921875	0.6168
13	1.7509765625	1.2092	0.0224609375	1.2092
2	1.18994140625	0.6016	0.11083984375	0.6016
11	1.203125	0.2652	0.0849609375	0.2652
11	0.71875	0.3344	0.076171875	0.3344
0	0.605224609375	0.3084	0.08544921875	0.0968
13	0.87548828125	0.6046	0.0224609375	0.0332
2	0.594970703125	0.3008	0.11083984375	0.0792
11	0.6015625	0.1326	0.0849609375	0.0196
11	0.359375	0.1672	0.076171875	0.036
0	0.605224609375	0.3084	0.08544921875	0.0968
13	0.87548828125	0.6046	0.0224609375	0.0332
2	0.594970703125	0.3008	0.11083984375	0.0792
11	0.6015625	0.1326	0.0849609375	0.0196
9	0.87353515625	0.6042	0.0234375	0.0276
