6	0.5980902777777778	0.953125	0.18836805555555555	0.953125
6	0.6840277777777778	0.6902777777777778	0.09461805555555555	0.6902777777777778
13	0.5980902777777778	0.953125	0.18836805555555555	0.953125
13	1.4114583333333333	0.8920138888888889	0.1449652777777778	0.8920138888888889
13	0.6783854166666666	0.6548611111111111	0.08116319444444445	0.6548611111111111
0	1.08203125	0.7548611111111111	0.12890625	0.7548611111111111
1	0.6124131944444444	0.9385416666666667	0.1723090277777778	0.9385416666666667
1	0.6783854166666666	0.6548611111111111	0.08116319444444445	0.6548611111111111
6	0.5980902777777778	0.953125	0.18836805555555555	0.953125
6	0.6840277777777778	0.6902777777777778	0.09461805555555555	0.6902777777777778
13	0.5980902777777778	0.953125	0.18836805555555555	0.953125
13	1.4114583333333333	0.8920138888888889	0.1449652777777778	0.8920138888888889
13	0.6783854166666666	0.6548611111111111	0.08116319444444445	0.6548611111111111
0	1.08203125	0.7548611111111111	0.12890625	0.7548611111111111
1	0.6124131944444444	0.9385416666666667	0.1723090277777778	0.9385416666666667
1	0.6783854166666666	0.6548611111111111	0.08116319444444445	0.6548611111111111
6	0.2990451388888889	0.4765625	0.18836805555555555	0.09756944444444444
6	0.3420138888888889	0.3451388888888889	0.09461805555555555	0.16111111111111112
13	0.2990451388888889	0.4765625	0.18836805555555555	0.09756944444444444
13	0.7057291666666666	0.44600694444444444	0.1449652777777778	0.05798611111111111
13	0.3391927083333333	0.32743055555555556	0.08116319444444445	0.12430555555555556
0	0.541015625	0.37743055555555555	0.12890625	0.10277777777777777
1	0.3062065972222222	0.46927083333333336	0.1723090277777778	0.115625
1	0.3391927083333333	0.32743055555555556	0.08116319444444445	0.12430555555555556
6	0.2990451388888889	0.4765625	0.18836805555555555	0.09756944444444444
11	0.3257378472222222	0.40208333333333335	0.1896701388888889	0.26319444444444445
13	0.2990451388888889	0.4765625	0.18836805555555555	0.09756944444444444
0	0.541015625	0.37743055555555555	0.12890625	0.10277777777777777
2	0.3257378472222222	0.40208333333333335	0.1896701388888889	0.26319444444444445
1	0.3062065972222222	0.46927083333333336	0.1723090277777778	0.115625
