9	0.2668585526315789	1.0591337099811675	0.17146381578947367	1.0591337099811675
9	0.5024671052631579	0.49981167608286253	0.26644736842105265	0.49981167608286253
13	0.5020559210526315	1.2583804143126176	0.04975328947368421	1.2583804143126176
13	0.5024671052631579	0.49981167608286253	0.26644736842105265	0.49981167608286253
11	0.4761513157894737	0.303954802259887	0.24671052631578946	0.303954802259887
11	0.48725328947368424	1.4497175141242937	0.3861019736842105	1.4497175141242937
9	0.2668585526315789	1.0591337099811675	0.17146381578947367	1.0591337099811675
9	0.5024671052631579	0.49981167608286253	0.26644736842105265	0.49981167608286253
13	0.5020559210526315	1.2583804143126176	0.04975328947368421	1.2583804143126176
13	0.5024671052631579	0.49981167608286253	0.26644736842105265	0.49981167608286253
11	0.4761513157894737	0.303954802259887	0.24671052631578946	0.303954802259887
11	0.48725328947368424	1.4497175141242937	0.3861019736842105	1.4497175141242937
9	0.13342927631578946	0.5295668549905838	0.17146381578947367	0.14915254237288136
9	0.2512335526315789	0.24990583804143127	0.26644736842105265	0.2760828625235405
13	0.25102796052631576	0.6291902071563088	0.04975328947368421	0.16534839924670433
13	0.2512335526315789	0.24990583804143127	0.26644736842105265	0.2760828625235405
11	0.23807565789473684	0.1519774011299435	0.24671052631578946	0.0696798493408663
11	0.24362664473684212	0.7248587570621469	0.3861019736842105	0.10583804143126177
13	0.25102796052631576	0.6291902071563088	0.04975328947368421	0.16534839924670433
11	0.23807565789473684	0.1519774011299435	0.24671052631578946	0.0696798493408663
7	0.28536184210526316	0.2674199623352166	0.25493421052631576	0.3126177024482109
6	0.28536184210526316	0.2674199623352166	0.25493421052631576	0.3126177024482109
9	0.13342927631578946	0.5295668549905838	0.17146381578947367	0.14915254237288136
