10	1.8036496350364963	1.4426934097421202	0.05401459854014599	1.4426934097421202
11	1.7952554744525548	1.464541547277937	0.04927007299270073	1.464541547277937
11	1.204014598540146	0.3227077363896848	0.07116788321167883	0.3227077363896848
10	1.8036496350364963	1.4426934097421202	0.05401459854014599	1.4426934097421202
11	1.7952554744525548	1.464541547277937	0.04927007299270073	1.464541547277937
11	1.204014598540146	0.3227077363896848	0.07116788321167883	0.3227077363896848
11	0.8976277372262774	0.7322707736389685	0.04927007299270073	0.06267908309455587
11	0.602007299270073	0.1613538681948424	0.07116788321167883	0.16583094555873926
10	0.9018248175182482	0.7213467048710601	0.05401459854014599	0.11246418338108882
10	0.9018248175182482	0.7213467048710601	0.05401459854014599	0.11246418338108882
3	0.5720802919708029	0.6237464183381088	0.41788321167883213	0.18875358166189113
11	0.8976277372262774	0.7322707736389685	0.04927007299270073	0.06267908309455587
7	0.602007299270073	0.1613538681948424	0.07116788321167883	0.16583094555873926
8	0.6631386861313868	0.3758954154727794	0.07153284671532846	0.06984240687679083
