2	1.2889990982867447	1.197594501718213	0.0175834084761046	1.197594501718213
2	1.1149684400360684	0.627147766323024	0.22587917042380523	0.627147766323024
0	1.166366095581605	0.6945876288659794	0.1988277727682597	0.6945876288659794
2	1.2889990982867447	1.197594501718213	0.0175834084761046	1.197594501718213
2	1.1149684400360684	0.627147766323024	0.22587917042380523	0.627147766323024
0	1.166366095581605	0.6945876288659794	0.1988277727682597	0.6945876288659794
2	0.6444995491433724	0.5987972508591065	0.0175834084761046	0.0627147766323024
2	0.5574842200180342	0.313573883161512	0.22587917042380523	0.14347079037800686
0	0.5831830477908025	0.3472938144329897	0.1988277727682597	0.24441580756013745
2	0.6444995491433724	0.5987972508591065	0.0175834084761046	0.0627147766323024
0	0.5831830477908025	0.3472938144329897	0.1988277727682597	0.24441580756013745
7	0.4276375112714157	0.21713917525773196	0.08340847610459874	0.24699312714776633
