13	1.4078776041666667	0.9368489583333334	0.10774739583333333	0.9368489583333334
0	1.0511067708333333	0.5660807291666666	0.0986328125	0.5660807291666666
3	1.0364583333333333	1.1123046875	0.3958333333333333	1.1123046875
13	1.4078776041666667	0.9368489583333334	0.10774739583333333	0.9368489583333334
0	1.0511067708333333	0.5660807291666666	0.0986328125	0.5660807291666666
3	1.0364583333333333	1.1123046875	0.3958333333333333	1.1123046875
0	0.5255533854166666	0.2830403645833333	0.0986328125	0.10774739583333333
3	0.5182291666666666	0.55615234375	0.3958333333333333	0.1123046875
13	0.7039388020833334	0.4684244791666667	0.10774739583333333	0.041015625
13	0.7039388020833334	0.4684244791666667	0.10774739583333333	0.041015625
0	0.5255533854166666	0.2830403645833333	0.0986328125	0.10774739583333333
3	0.5182291666666666	0.55615234375	0.3958333333333333	0.1123046875
