11	0.7745504840940526	0.25597014925373135	0.11756569847856155	0.25597014925373135
11	1.3312586445366528	0.30261194029850746	0.11756569847856155	0.30261194029850746
0	1.144536652835408	0.7014925373134329	0.12863070539419086	0.7014925373134329
11	0.7745504840940526	0.25597014925373135	0.11756569847856155	0.25597014925373135
11	1.3312586445366528	0.30261194029850746	0.11756569847856155	0.30261194029850746
0	1.144536652835408	0.7014925373134329	0.12863070539419086	0.7014925373134329
11	0.3872752420470263	0.12798507462686567	0.11756569847856155	0.033582089552238806
11	0.6656293222683264	0.15130597014925373	0.11756569847856155	0.038432835820895524
0	0.572268326417704	0.35074626865671643	0.12863070539419086	0.11641791044776119
7	0.3480290456431535	0.2669776119402985	0.045988934993084374	0.03619402985074627
11	0.3872752420470263	0.12798507462686567	0.11756569847856155	0.033582089552238806
0	0.572268326417704	0.35074626865671643	0.12863070539419086	0.11641791044776119
8	0.3504495159059474	0.2710820895522388	0.04253112033195021	0.03171641791044776
