2	0.7177055103884372	1.0338245144005358	0.03297199638663053	1.0338245144005358
2	1.3577235772357723	0.9115874079035499	0.07497741644083107	0.9115874079035499
2	0.8757904245709124	0.7488278633623576	0.02122854561878952	0.7488278633623576
8	0.34688346883468835	1.3613529805760214	0.03974706413730804	1.3613529805760214
8	0.8757904245709124	0.7488278633623576	0.02122854561878952	0.7488278633623576
2	0.7177055103884372	1.0338245144005358	0.03297199638663053	1.0338245144005358
2	1.3577235772357723	0.9115874079035499	0.07497741644083107	0.9115874079035499
2	0.8757904245709124	0.7488278633623576	0.02122854561878952	0.7488278633623576
8	0.34688346883468835	1.3613529805760214	0.03974706413730804	1.3613529805760214
8	0.8757904245709124	0.7488278633623576	0.02122854561878952	0.7488278633623576
2	0.3588527551942186	0.5169122572002679	0.03297199638663053	0.023777628935030142
2	0.6788617886178862	0.45579370395177493	0.07497741644083107	0.10247823174815807
2	0.4378952122854562	0.3744139316811788	0.02122854561878952	0.03750837240455459
8	0.17344173441734417	0.6806764902880107	0.03974706413730804	0.03248492967180174
8	0.4378952122854562	0.3744139316811788	0.02122854561878952	0.03750837240455459
10	0.0989159891598916	0.8399196249162759	0.05058717253839205	0.0535833891493637
0	0.6126919602529358	0.36905559276624245	0.11427280939476062	0.11855324849296718
2	0.3588527551942186	0.5169122572002679	0.03297199638663053	0.023777628935030142
8	0.17344173441734417	0.6806764902880107	0.03974706413730804	0.03248492967180174
11	0.0989159891598916	0.8399196249162759	0.05058717253839205	0.0535833891493637
