0	1.0837673611111112	0.7	0.11328125	0.7
5	1.4049479166666667	0.6638888888888889	0.0724826388888889	0.6638888888888889
5	0.5863715277777778	0.7597222222222222	0.14713541666666666	0.7597222222222222
5	1.5086805555555556	1.0583333333333333	0.0920138888888889	1.0583333333333333
0	1.0837673611111112	0.7	0.11328125	0.7
5	1.4049479166666667	0.6638888888888889	0.0724826388888889	0.6638888888888889
5	0.5863715277777778	0.7597222222222222	0.14713541666666666	0.7597222222222222
5	1.5086805555555556	1.0583333333333333	0.0920138888888889	1.0583333333333333
0	0.5418836805555556	0.35	0.11328125	0.09861111111111111
5	0.7024739583333334	0.33194444444444443	0.0724826388888889	0.09027777777777778
5	0.2931857638888889	0.3798611111111111	0.14713541666666666	0.08680555555555555
5	0.7543402777777778	0.5291666666666667	0.0920138888888889	0.08680555555555555
0	0.5418836805555556	0.35	0.11328125	0.09861111111111111
7	0.7593315972222222	0.5272569444444445	0.12196180555555555	0.10520833333333333
5	0.7024739583333334	0.33194444444444443	0.0724826388888889	0.09027777777777778
