0	1.2387152777777777	0.5673611111111111	0.11197916666666667	0.5673611111111111
3	1.2873263888888888	1.0065972222222221	0.4210069444444444	1.0065972222222221
0	1.2387152777777777	0.5673611111111111	0.11197916666666667	0.5673611111111111
3	1.2873263888888888	1.0065972222222221	0.4210069444444444	1.0065972222222221
0	0.6193576388888888	0.28368055555555555	0.11197916666666667	0.10277777777777777
3	0.6436631944444444	0.5032986111111111	0.4210069444444444	0.11840277777777777
0	0.6193576388888888	0.28368055555555555	0.11197916666666667	0.10277777777777777
13	0.345703125	0.18541666666666667	0.03602430555555555	0.02847222222222222
3	0.6436631944444444	0.5032986111111111	0.4210069444444444	0.11840277777777777
8	0.7853732638888888	0.21805555555555556	0.01171875	0.009027777777777777
