2	1.4097222222222223	0.2569444444444444	0.03819444444444445	0.2569444444444444
0	1.1753472222222223	0.6166666666666667	0.11371527777777778	0.6166666666666667
4	1.5073784722222223	1.054513888888889	0.1254340277777778	1.054513888888889
2	1.4097222222222223	0.2569444444444444	0.03819444444444445	0.2569444444444444
0	1.1753472222222223	0.6166666666666667	0.11371527777777778	0.6166666666666667
4	1.5073784722222223	1.054513888888889	0.1254340277777778	1.054513888888889
2	0.7048611111111112	0.1284722222222222	0.03819444444444445	0.029166666666666667
0	0.5876736111111112	0.30833333333333335	0.11371527777777778	0.22361111111111112
4	0.7536892361111112	0.5272569444444445	0.1254340277777778	0.128125
2	0.7048611111111112	0.1284722222222222	0.03819444444444445	0.029166666666666667
0	0.5876736111111112	0.30833333333333335	0.11371527777777778	0.22361111111111112
8	0.7573784722222222	0.5241319444444444	0.11631944444444445	0.11423611111111111
4	0.7536892361111112	0.5272569444444445	0.1254340277777778	0.128125
