8	0.8235677083333334	0.5732421875	0.2649739583333333	0.5732421875
7	0.8235677083333334	0.5732421875	0.2649739583333333	0.5732421875
7	0.6923828125	1.056640625	0.16048177083333334	1.056640625
4	0.8235677083333334	0.5732421875	0.2649739583333333	0.5732421875
8	0.8235677083333334	0.5732421875	0.2649739583333333	0.5732421875
7	0.8235677083333334	0.5732421875	0.2649739583333333	0.5732421875
7	0.6923828125	1.056640625	0.16048177083333334	1.056640625
4	0.8235677083333334	0.5732421875	0.2649739583333333	0.5732421875
8	0.4117838541666667	0.28662109375	0.2649739583333333	0.4059244791666667
7	0.4117838541666667	0.28662109375	0.2649739583333333	0.4059244791666667
7	0.34619140625	0.5283203125	0.16048177083333334	0.21614583333333334
4	0.4117838541666667	0.28662109375	0.2649739583333333	0.4059244791666667
8	0.4117838541666667	0.28662109375	0.2649739583333333	0.4059244791666667
7	0.4117838541666667	0.28662109375	0.2649739583333333	0.4059244791666667
4	0.4117838541666667	0.28662109375	0.2649739583333333	0.4059244791666667
6	0.34619140625	0.5283203125	0.16048177083333334	0.21614583333333334
0	0.61328125	0.2835286458333333	0.09765625	0.125
9	0.53125	0.22965494791666666	0.07552083333333333	0.2542317708333333
1	0.3907877604166667	0.2976888020833333	0.24772135416666666	0.4033203125
