7	0.5430194805194806	1.3152728700431882	0.2532467532467532	1.3152728700431882
7	1.6306818181818181	1.299175500588928	0.11931818181818182	1.299175500588928
3	1.1988636363636365	1.34314880251276	0.4407467532467532	1.34314880251276
7	0.5430194805194806	1.3152728700431882	0.2532467532467532	1.3152728700431882
7	1.6306818181818181	1.299175500588928	0.11931818181818182	1.299175500588928
3	1.1988636363636365	1.34314880251276	0.4407467532467532	1.34314880251276
7	0.2715097402597403	0.6576364350215941	0.2532467532467532	0.12328229289360032
7	0.8153409090909091	0.649587750294464	0.11931818181818182	0.15508441303494308
3	0.5994318181818182	0.67157440125638	0.4407467532467532	0.12917157440125637
10	0.8810876623376623	0.7606988614055752	0.03409090909090909	0.06399685904986259
7	0.2715097402597403	0.6576364350215941	0.2532467532467532	0.12328229289360032
3	0.5994318181818182	0.67157440125638	0.4407467532467532	0.12917157440125637
11	0.8810876623376623	0.7606988614055752	0.03409090909090909	0.06399685904986259
0	0.560064935064935	0.39595602669807617	0.10957792207792208	0.10561444837063212
