7	0.4620580055621772	1.060435931307794	0.12673818037346046	1.060435931307794
7	0.4934445768772348	0.797225891677675	0.060389352403655144	0.797225891677675
2	1.2268573698847836	0.9514531043593131	0.06436233611442194	0.9514531043593131
2	0.39968216130313866	1.045904887714663	0.08581644815256258	1.045904887714663
7	0.4620580055621772	1.060435931307794	0.12673818037346046	1.060435931307794
7	0.4934445768772348	0.797225891677675	0.060389352403655144	0.797225891677675
2	1.2268573698847836	0.9514531043593131	0.06436233611442194	0.9514531043593131
2	0.39968216130313866	1.045904887714663	0.08581644815256258	1.045904887714663
7	0.2310290027810886	0.530217965653897	0.12673818037346046	0.055812417437252314
7	0.2467222884386174	0.3986129458388375	0.060389352403655144	0.0416116248348745
2	0.6134286849423918	0.47572655217965654	0.06436233611442194	0.061756935270805814
2	0.19984108065156933	0.5229524438573315	0.08581644815256258	0.04392338177014531
8	0.8087008343265792	0.6761889035667107	0.08303535955502582	0.10865257595772787
3	0.599523241954708	0.6974900924702774	0.5633690901867302	0.22787318361955086
7	0.2310290027810886	0.530217965653897	0.12673818037346046	0.055812417437252314
2	0.6134286849423918	0.47572655217965654	0.06436233611442194	0.061756935270805814
11	0.23500198649185539	0.5317040951122853	0.1839491458085022	0.0653896961690885
0	0.4954310687326182	0.4730845442536328	0.3289630512514899	0.1502642007926024
9	0.45073500198649186	0.8738441215323646	0.15613825983313467	0.08190224570673713
