3	1.1446564885496182	1.0646446078431373	0.4568702290076336	1.0646446078431373
10	1.7446564885496183	1.0741421568627452	0.10877862595419847	1.0741421568627452
7	0.46984732824427483	0.9794730392156863	0.1736641221374046	0.9794730392156863
3	1.1446564885496182	1.0646446078431373	0.4568702290076336	1.0646446078431373
10	1.7446564885496183	1.0741421568627452	0.10877862595419847	1.0741421568627452
7	0.46984732824427483	0.9794730392156863	0.1736641221374046	0.9794730392156863
3	0.5723282442748091	0.5323223039215687	0.4568702290076336	0.15471813725490197
10	0.8723282442748092	0.5370710784313726	0.10877862595419847	0.17830882352941177
7	0.23492366412213742	0.48973651960784315	0.1736641221374046	0.06770833333333333
3	0.5723282442748091	0.5323223039215687	0.4568702290076336	0.15471813725490197
10	0.8723282442748092	0.5370710784313726	0.10877862595419847	0.17830882352941177
0	0.5772900763358778	0.3449754901960784	0.1049618320610687	0.11090686274509803
6	0.27041984732824426	0.49892769607843135	0.2729007633587786	0.10263480392156862
7	0.23492366412213742	0.48973651960784315	0.1736641221374046	0.06770833333333333
