11	0.6725543478260869	0.40811011904761907	0.22509057971014493	0.40811011904761907
10	0.5421195652173914	1.0699404761904763	0.3491847826086957	1.0699404761904763
10	1.8147644927536233	1.7686011904761905	0.04121376811594203	1.7686011904761905
7	0.6725543478260869	0.40811011904761907	0.22509057971014493	0.40811011904761907
7	1.6870471014492754	0.9412202380952381	0.10914855072463768	0.9412202380952381
7	0.3451086956521739	0.8232886904761905	0.13134057971014493	0.8232886904761905
7	0.5692934782608695	0.9133184523809523	0.18070652173913043	0.9133184523809523
8	0.3451086956521739	0.8232886904761905	0.13134057971014493	0.8232886904761905
11	0.6725543478260869	0.40811011904761907	0.22509057971014493	0.40811011904761907
10	0.5421195652173914	1.0699404761904763	0.3491847826086957	1.0699404761904763
10	1.8147644927536233	1.7686011904761905	0.04121376811594203	1.7686011904761905
7	0.6725543478260869	0.40811011904761907	0.22509057971014493	0.40811011904761907
7	1.6870471014492754	0.9412202380952381	0.10914855072463768	0.9412202380952381
7	0.3451086956521739	0.8232886904761905	0.13134057971014493	0.8232886904761905
7	0.5692934782608695	0.9133184523809523	0.18070652173913043	0.9133184523809523
8	0.3451086956521739	0.8232886904761905	0.13134057971014493	0.8232886904761905
11	0.33627717391304346	0.20405505952380953	0.22509057971014493	0.07775297619047619
10	0.2710597826086957	0.5349702380952381	0.3491847826086957	0.47023809523809523
10	0.9073822463768116	0.8843005952380952	0.04121376811594203	0.05357142857142857
7	0.33627717391304346	0.20405505952380953	0.22509057971014493	0.07775297619047619
7	0.8435235507246377	0.47061011904761907	0.10914855072463768	0.20089285714285715
7	0.17255434782608695	0.41164434523809523	0.13134057971014493	0.11793154761904762
7	0.28464673913043476	0.45665922619047616	0.18070652173913043	0.16034226190476192
8	0.17255434782608695	0.41164434523809523	0.13134057971014493	0.11793154761904762
10	0.2710597826086957	0.5349702380952381	0.3491847826086957	0.47023809523809523
7	0.33627717391304346	0.20405505952380953	0.22509057971014493	0.07775297619047619
8	0.17255434782608695	0.41164434523809523	0.13134057971014493	0.11793154761904762
6	0.3217844202898551	0.43861607142857145	0.23233695652173914	0.36755952380952384
11	0.33627717391304346	0.20405505952380953	0.22509057971014493	0.07775297619047619
