1	0.4765625	0.9444444444444444	0.4019097222222222	0.9444444444444444
7	0.4765625	0.9444444444444444	0.4019097222222222	0.9444444444444444
11	0.06510416666666667	1.4916666666666667	0.0546875	1.4916666666666667
11	0.4361979166666667	0.9208333333333333	0.3997395833333333	0.9208333333333333
1	0.4765625	0.9444444444444444	0.4019097222222222	0.9444444444444444
7	0.4765625	0.9444444444444444	0.4019097222222222	0.9444444444444444
11	0.06510416666666667	1.4916666666666667	0.0546875	1.4916666666666667
11	0.4361979166666667	0.9208333333333333	0.3997395833333333	0.9208333333333333
1	0.23828125	0.4722222222222222	0.4019097222222222	0.5506944444444445
7	0.23828125	0.4722222222222222	0.4019097222222222	0.5506944444444445
11	0.032552083333333336	0.7458333333333333	0.0546875	0.09583333333333334
11	0.21809895833333334	0.46041666666666664	0.3997395833333333	0.5486111111111112
1	0.23828125	0.4722222222222222	0.4019097222222222	0.5506944444444445
7	0.23828125	0.4722222222222222	0.4019097222222222	0.5506944444444445
11	0.032552083333333336	0.7458333333333333	0.0546875	0.09583333333333334
10	0.032552083333333336	0.7458333333333333	0.0546875	0.09583333333333334
2	0.21809895833333334	0.46041666666666664	0.3997395833333333	0.5486111111111112
9	0.23828125	0.4722222222222222	0.4019097222222222	0.5506944444444445
