10	1.7426215277777777	1.370486111111111	0.07161458333333333	1.370486111111111
0	1.2274305555555556	0.7319444444444444	0.1267361111111111	0.7319444444444444
13	1.6349826388888888	0.7743055555555556	0.10460069444444445	0.7743055555555556
10	1.7426215277777777	1.370486111111111	0.07161458333333333	1.370486111111111
0	1.2274305555555556	0.7319444444444444	0.1267361111111111	0.7319444444444444
13	1.6349826388888888	0.7743055555555556	0.10460069444444445	0.7743055555555556
10	0.8713107638888888	0.6852430555555555	0.07161458333333333	0.10173611111111111
0	0.6137152777777778	0.3659722222222222	0.1267361111111111	0.1326388888888889
13	0.8174913194444444	0.3871527777777778	0.10460069444444445	0.049305555555555554
10	0.8713107638888888	0.6852430555555555	0.07161458333333333	0.10173611111111111
0	0.6137152777777778	0.3659722222222222	0.1267361111111111	0.1326388888888889
13	0.8174913194444444	0.3871527777777778	0.10460069444444445	0.049305555555555554
3	0.6046006944444444	0.6553819444444444	0.4887152777777778	0.13020833333333334
