11	1.5163793103448275	0.3323913811374073	0.07155172413793104	0.3323913811374073
11	0.7831896551724138	0.2839985870717061	0.13491379310344828	0.2839985870717061
6	1.7137931034482758	1.3602967149417167	0.12155172413793103	1.3602967149417167
6	1.555603448275862	0.8601200989049805	0.09956896551724138	0.8601200989049805
11	1.5163793103448275	0.3323913811374073	0.07155172413793104	0.3323913811374073
11	0.7831896551724138	0.2839985870717061	0.13491379310344828	0.2839985870717061
6	1.7137931034482758	1.3602967149417167	0.12155172413793103	1.3602967149417167
6	1.555603448275862	0.8601200989049805	0.09956896551724138	0.8601200989049805
11	0.7581896551724138	0.16619569056870365	0.07155172413793104	0.04697986577181208
11	0.3915948275862069	0.14199929353585306	0.13491379310344828	0.012009890498057224
6	0.8568965517241379	0.6801483574708583	0.12155172413793103	0.252560932532674
6	0.777801724137931	0.43006004945249027	0.09956896551724138	0.13175556340515718
7	0.28943965517241377	0.2507947721653126	0.09698275862068965	0.0798304486047333
11	0.7581896551724138	0.16619569056870365	0.07155172413793104	0.04697986577181208
6	0.8568965517241379	0.6801483574708583	0.12155172413793103	0.252560932532674
4	0.6993534482758621	0.3747792299540798	0.10818965517241379	0.12080536912751678
13	0.28943965517241377	0.2507947721653126	0.09698275862068965	0.0798304486047333
0	0.5946120689655172	0.3334510773578241	0.11077586206896552	0.07771105616389969
