3	1.0360243055555556	1.1809027777777779	0.5056423611111112	1.1809027777777779
0	1.0160590277777777	0.7118055555555556	0.12369791666666667	0.7118055555555556
11	0.5512152777777778	0.41909722222222223	0.11631944444444445	0.41909722222222223
11	1.1744791666666667	0.40208333333333335	0.1605902777777778	0.40208333333333335
3	1.0360243055555556	1.1809027777777779	0.5056423611111112	1.1809027777777779
0	1.0160590277777777	0.7118055555555556	0.12369791666666667	0.7118055555555556
11	0.5512152777777778	0.41909722222222223	0.11631944444444445	0.41909722222222223
11	1.1744791666666667	0.40208333333333335	0.1605902777777778	0.40208333333333335
3	0.5180121527777778	0.5904513888888889	0.5056423611111112	0.15729166666666666
0	0.5080295138888888	0.3559027777777778	0.12369791666666667	0.10902777777777778
11	0.2756076388888889	0.20954861111111112	0.11631944444444445	0.033680555555555554
11	0.5872395833333334	0.20104166666666667	0.1605902777777778	0.029166666666666667
3	0.5180121527777778	0.5904513888888889	0.5056423611111112	0.15729166666666666
0	0.5080295138888888	0.3559027777777778	0.12369791666666667	0.10902777777777778
11	0.2756076388888889	0.20954861111111112	0.11631944444444445	0.033680555555555554
