4	0.6846456692913386	0.7041015625	0.16653543307086613	0.7041015625
7	0.6846456692913386	0.7041015625	0.16653543307086613	0.7041015625
8	0.6846456692913386	0.7041015625	0.16653543307086613	0.7041015625
4	0.6846456692913386	0.7041015625	0.16653543307086613	0.7041015625
7	0.6846456692913386	0.7041015625	0.16653543307086613	0.7041015625
8	0.6846456692913386	0.7041015625	0.16653543307086613	0.7041015625
4	0.3423228346456693	0.35205078125	0.16653543307086613	0.11360677083333333
7	0.3423228346456693	0.35205078125	0.16653543307086613	0.11360677083333333
8	0.3423228346456693	0.35205078125	0.16653543307086613	0.11360677083333333
4	0.3423228346456693	0.35205078125	0.16653543307086613	0.11360677083333333
7	0.3423228346456693	0.35205078125	0.16653543307086613	0.11360677083333333
8	0.3423228346456693	0.35205078125	0.16653543307086613	0.11360677083333333
