7	0.6943430656934306	1.184481146774696	0.1055352798053528	1.184481146774696
7	0.5815085158150851	0.9289498286070427	0.12104622871046229	0.9289498286070427
6	0.5815085158150851	0.9289498286070427	0.12104622871046229	0.9289498286070427
6	0.6067518248175182	1.1667186039264568	0.20894160583941607	1.1667186039264568
7	0.6943430656934306	1.184481146774696	0.1055352798053528	1.184481146774696
7	0.5815085158150851	0.9289498286070427	0.12104622871046229	0.9289498286070427
6	0.5815085158150851	0.9289498286070427	0.12104622871046229	0.9289498286070427
6	0.6067518248175182	1.1667186039264568	0.20894160583941607	1.1667186039264568
7	0.3471715328467153	0.592240573387348	0.1055352798053528	0.2147086319725771
7	0.29075425790754256	0.46447491430352134	0.12104622871046229	0.10875662200062325
6	0.29075425790754256	0.46447491430352134	0.12104622871046229	0.10875662200062325
6	0.3033759124087591	0.5833593019632284	0.20894160583941607	0.3533811156123403
7	0.3471715328467153	0.592240573387348	0.1055352798053528	0.2147086319725771
6	0.29075425790754256	0.46447491430352134	0.12104622871046229	0.10875662200062325
4	0.3333333333333333	0.6096914926768464	0.11435523114355231	0.20473667809286383
11	0.3474756690997567	0.2320037394827049	0.11587591240875912	0.058273605484574637
