0	1.14013671875	0.708	0.09521484375	0.708
11	0.57275390625	0.4204	0.23681640625	0.4204
11	0.3837890625	0.468	0.0732421875	0.468
11	1.2841796875	0.3904	0.1640625	0.3904
11	0.671875	0.3568	0.1240234375	0.3568
0	1.14013671875	0.708	0.09521484375	0.708
11	0.57275390625	0.4204	0.23681640625	0.4204
11	0.3837890625	0.468	0.0732421875	0.468
11	1.2841796875	0.3904	0.1640625	0.3904
11	0.671875	0.3568	0.1240234375	0.3568
0	0.570068359375	0.354	0.09521484375	0.1024
11	0.286376953125	0.2102	0.23681640625	0.0804
11	0.19189453125	0.234	0.0732421875	0.0528
11	0.64208984375	0.1952	0.1640625	0.032
11	0.3359375	0.1784	0.1240234375	0.044
0	0.570068359375	0.354	0.09521484375	0.1024
11	0.286376953125	0.2102	0.23681640625	0.0804
5	0.217041015625	0.504	0.18798828125	0.3952
