7	0.16571835	0.499112216	0.011379801	0.024502841
7	0.326635846	0.222301136	0.230796586	0.291903409
1	0.311522048	0.24272017	0.236842105	0.24609375
8	0.605796586	0.542791193	0.035206259	0.047230114
8	0.677809388	0.653053977	0.021337127	0.021306818
8	0.168385491	0.49946733	0.016002845	0.030894886
8	0.58125889	0.571732955	0.016002845	0.019886364
3	0.545874822	0.650213068	0.413940256	0.216619318
2	0.676920341	0.650745739	0.021692745	0.020951705
2	0.166785206	0.501065341	0.012091038	0.025568182
2	0.603307255	0.546164773	0.056543385	0.080255682
