9	0.8082682291666666	0.296875	0.013997395833333334	0.296875
9	1.3404947916666667	0.2838541666666667	0.009114583333333334	0.2838541666666667
3	1.0472005208333333	1.2194010416666667	0.3707682291666667	1.2194010416666667
0	1.1155598958333333	0.5810546875	0.10709635416666667	0.5810546875
9	0.8082682291666666	0.296875	0.013997395833333334	0.296875
9	1.3404947916666667	0.2838541666666667	0.009114583333333334	0.2838541666666667
3	1.0472005208333333	1.2194010416666667	0.3707682291666667	1.2194010416666667
0	1.1155598958333333	0.5810546875	0.10709635416666667	0.5810546875
9	0.4041341145833333	0.1484375	0.013997395833333334	0.008463541666666666
9	0.6702473958333334	0.14192708333333334	0.009114583333333334	0.008463541666666666
3	0.5236002604166666	0.6097005208333334	0.3707682291666667	0.17708333333333334
0	0.5577799479166666	0.29052734375	0.10709635416666667	0.10579427083333333
0	0.5577799479166666	0.29052734375	0.10709635416666667	0.10579427083333333
9	0.4041341145833333	0.1484375	0.013997395833333334	0.008463541666666666
3	0.5236002604166666	0.6097005208333334	0.3707682291666667	0.17708333333333334
8	0.3416341145833333	0.12434895833333333	0.007486979166666667	0.007161458333333333
