12	1.5113221329437545	1.06651376146789	0.3418553688823959	1.06651376146789
12	1.4802775748721695	0.5724115334207077	0.2713659605551497	0.5724115334207077
12	1.6260043827611395	1.4764089121887287	0.20525931336742148	1.4764089121887287
12	1.5113221329437545	1.06651376146789	0.3418553688823959	1.06651376146789
12	1.4802775748721695	0.5724115334207077	0.2713659605551497	0.5724115334207077
12	1.6260043827611395	1.4764089121887287	0.20525931336742148	1.4764089121887287
12	0.7556610664718773	0.533256880733945	0.3418553688823959	0.7250982961992136
12	0.7401387874360847	0.28620576671035386	0.2713659605551497	0.21330275229357798
12	0.8130021913805697	0.7382044560943644	0.20525931336742148	0.2634338138925295
12	0.7556610664718773	0.533256880733945	0.3418553688823959	0.7250982961992136
13	0.7543827611395179	0.5109764089121888	0.1997808619430241	0.06913499344692005
