3	1.1368	1.3078231292517006	0.424	1.3078231292517006
0	1.138	0.7547619047619047	0.1132	0.7547619047619047
3	1.1368	1.3078231292517006	0.424	1.3078231292517006
0	1.138	0.7547619047619047	0.1132	0.7547619047619047
3	0.5684	0.6539115646258503	0.424	0.17312925170068028
0	0.569	0.3773809523809524	0.1132	0.09829931972789116
3	0.5684	0.6539115646258503	0.424	0.17312925170068028
0	0.569	0.3773809523809524	0.1132	0.09829931972789116
11	0.1176	0.7173469387755103	0.0544	0.05918367346938776
10	0.1176	0.7173469387755103	0.0544	0.05918367346938776
