0	1.118238557558946	0.639589905362776	0.12864077669902912	0.639589905362776
0	0.9642857142857143	0.7957413249211357	0.2721914008321775	0.7957413249211357
3	1.065880721220527	1.1222397476340693	0.45145631067961167	1.1222397476340693
0	1.118238557558946	0.639589905362776	0.12864077669902912	0.639589905362776
0	0.9642857142857143	0.7957413249211357	0.2721914008321775	0.7957413249211357
3	1.065880721220527	1.1222397476340693	0.45145631067961167	1.1222397476340693
0	0.559119278779473	0.319794952681388	0.12864077669902912	0.18769716088328076
0	0.48214285714285715	0.39787066246056785	0.2721914008321775	0.3280757097791798
3	0.5329403606102635	0.5611198738170347	0.45145631067961167	0.16167192429022081
0	0.559119278779473	0.319794952681388	0.12864077669902912	0.18769716088328076
8	0.3893897364771151	0.44597791798107256	0.10194174757281553	0.15615141955835962
9	0.3893897364771151	0.44597791798107256	0.10194174757281553	0.15615141955835962
3	0.5329403606102635	0.5611198738170347	0.45145631067961167	0.16167192429022081
