13	1.3304036458333333	0.7255859375	0.0966796875	0.7255859375
13	0.501953125	0.6015625	0.051432291666666664	0.6015625
13	0.5729166666666666	0.5859375	0.099609375	0.5859375
13	1.4173177083333333	0.8590494791666666	0.045572916666666664	0.8590494791666666
13	1.1429036458333333	0.419921875	0.036783854166666664	0.419921875
13	1.3304036458333333	0.7255859375	0.0966796875	0.7255859375
13	0.501953125	0.6015625	0.051432291666666664	0.6015625
13	0.5729166666666666	0.5859375	0.099609375	0.5859375
13	1.4173177083333333	0.8590494791666666	0.045572916666666664	0.8590494791666666
13	1.1429036458333333	0.419921875	0.036783854166666664	0.419921875
13	0.6652018229166666	0.36279296875	0.0966796875	0.08040364583333333
13	0.2509765625	0.30078125	0.051432291666666664	0.041666666666666664
13	0.2864583333333333	0.29296875	0.099609375	0.053385416666666664
13	0.7086588541666666	0.4295247395833333	0.045572916666666664	0.021158854166666668
13	0.5714518229166666	0.2099609375	0.036783854166666664	0.037760416666666664
0	0.5109049479166666	0.30908203125	0.08561197916666667	0.09537760416666667
13	0.6652018229166666	0.36279296875	0.0966796875	0.08040364583333333
3	0.5305989583333334	0.56103515625	0.3782552083333333	0.09602864583333333
