3	1.180197268588771	1.0430729668916747	0.5163125948406677	1.0430729668916747
0	1.1874051593323216	0.5631629701060752	0.14871016691957512	0.5631629701060752
11	0.7511380880121397	0.14625522340083574	0.14036418816388468	0.14625522340083574
11	1.3493930197268589	0.1761491481838637	0.1270864946889226	0.1761491481838637
3	1.180197268588771	1.0430729668916747	0.5163125948406677	1.0430729668916747
0	1.1874051593323216	0.5631629701060752	0.14871016691957512	0.5631629701060752
11	0.7511380880121397	0.14625522340083574	0.14036418816388468	0.14625522340083574
11	1.3493930197268589	0.1761491481838637	0.1270864946889226	0.1761491481838637
3	0.5900986342943855	0.5215364834458374	0.5163125948406677	0.11925425908068145
0	0.5937025796661608	0.2815814850530376	0.14871016691957512	0.1478624236579878
11	0.37556904400606983	0.07312761170041787	0.14036418816388468	0.027965284474445518
11	0.6746965098634294	0.08807457409193185	0.1270864946889226	0.02185792349726776
3	0.5900986342943855	0.5215364834458374	0.5163125948406677	0.11925425908068145
0	0.5937025796661608	0.2815814850530376	0.14871016691957512	0.1478624236579878
11	0.37556904400606983	0.07312761170041787	0.14036418816388468	0.027965284474445518
2	0.6193095599393019	0.2307939569270331	0.051213960546282244	0.04628736740597879
