11	0.56396484375	0.252	0.07568359375	0.252
11	1.44970703125	0.2596	0.05224609375	0.2596
11	1.76904296875	1.4856	0.03759765625	1.4856
11	0.56396484375	0.252	0.07568359375	0.252
11	1.44970703125	0.2596	0.05224609375	0.2596
11	1.76904296875	1.4856	0.03759765625	1.4856
11	0.281982421875	0.126	0.07568359375	0.064
11	0.724853515625	0.1298	0.05224609375	0.046
11	0.884521484375	0.7428	0.03759765625	0.0368
11	0.281982421875	0.126	0.07568359375	0.064
3	0.5947265625	0.5764	0.3896484375	0.1752
10	0.884521484375	0.7428	0.03759765625	0.0368
