0	1.1725908372827805	0.6299852289512555	0.12045813586097946	0.6299852289512555
3	1.0035545023696681	1.223781388478582	0.4206161137440758	1.223781388478582
0	1.1725908372827805	0.6299852289512555	0.12045813586097946	0.6299852289512555
3	1.0035545023696681	1.223781388478582	0.4206161137440758	1.223781388478582
0	0.5862954186413902	0.31499261447562776	0.12045813586097946	0.13220088626292467
3	0.5017772511848341	0.611890694239291	0.4206161137440758	0.13220088626292467
0	0.5862954186413902	0.31499261447562776	0.12045813586097946	0.13220088626292467
7	0.3862559241706161	0.38940177252584934	0.13270142180094788	0.1879615952732644
3	0.5017772511848341	0.611890694239291	0.4206161137440758	0.13220088626292467
9	0.3862559241706161	0.38940177252584934	0.13270142180094788	0.1879615952732644
