12	0.4019685039370079	1.0611979166666667	0.17204724409448818	1.0611979166666667
10	0.2559055118110236	1.564453125	0.06771653543307087	1.564453125
10	0.42559055118110234	1.5895182291666667	0.21929133858267716	1.5895182291666667
12	0.4019685039370079	1.0611979166666667	0.17204724409448818	1.0611979166666667
10	0.2559055118110236	1.564453125	0.06771653543307087	1.564453125
10	0.42559055118110234	1.5895182291666667	0.21929133858267716	1.5895182291666667
12	0.20098425196850395	0.5305989583333334	0.17204724409448818	0.5032552083333334
10	0.1279527559055118	0.7822265625	0.06771653543307087	0.059244791666666664
10	0.21279527559055117	0.7947591145833334	0.21929133858267716	0.039388020833333336
12	0.20098425196850395	0.5305989583333334	0.17204724409448818	0.5032552083333334
10	0.1279527559055118	0.7822265625	0.06771653543307087	0.059244791666666664
