0	1.1066768994627783	0.5777582159624414	0.15502686108979277	0.5777582159624414
11	0.7229470452801228	0.31572769953051644	0.07597851112816577	0.31572769953051644
0	1.1066768994627783	0.5777582159624414	0.15502686108979277	0.5777582159624414
11	0.7229470452801228	0.31572769953051644	0.07597851112816577	0.31572769953051644
11	0.3614735226400614	0.15786384976525822	0.07597851112816577	0.036384976525821594
0	0.5533384497313891	0.2888791079812207	0.15502686108979277	0.12822769953051644
0	0.5533384497313891	0.2888791079812207	0.15502686108979277	0.12822769953051644
3	0.5429777436684574	0.5149647887323944	0.39217191097467385	0.10269953051643192
11	0.3614735226400614	0.15786384976525822	0.07597851112816577	0.036384976525821594
9	0.7714888718342287	0.5274354460093896	0.2659247889485802	0.10181924882629108
