13	0.688476563	0.268229167	0.218098958	0.259114583
13	0.311197917	0.30061849	0.203776042	0.371419271
11	0.145996094	0.708658854	0.036783854	0.0390625
11	0.63264974	0.130045573	0.140950521	0.058919271
11	0.666178385	0.192545573	0.228190104	0.151367188
6	0.307942708	0.27734375	0.172526042	0.262369792
6	0.69514974	0.390136719	0.170247396	0.308919271
4	0.328938802	0.249348958	0.258138021	0.283203125
4	0.696289063	0.211425781	0.124348958	0.114908854
7	0.69514974	0.390136719	0.170247396	0.308919271
7	0.311197917	0.30061849	0.203776042	0.371419271
10	0.135579427	0.71500651	0.028320313	0.038085938
0	0.568684896	0.279622396	0.102213542	0.100911458
5	0.665039063	0.396647135	0.23828125	0.395507813
5	0.311197917	0.30061849	0.203776042	0.371419271
