11	0.46755277560594216	1.0307336417713153	0.06724003127443315	1.0307336417713153
11	0.4218139171227521	1.03172504957039	0.03401094605160281	1.03172504957039
0	1.2275215011727914	0.44282881692002646	0.13995308835027365	0.44282881692002646
10	0.4218139171227521	1.03172504957039	0.03401094605160281	1.03172504957039
10	0.46755277560594216	1.0307336417713153	0.06724003127443315	1.0307336417713153
3	1.2314308053166536	0.9272967614011897	0.45582486317435494	0.9272967614011897
11	0.46755277560594216	1.0307336417713153	0.06724003127443315	1.0307336417713153
11	0.4218139171227521	1.03172504957039	0.03401094605160281	1.03172504957039
0	1.2275215011727914	0.44282881692002646	0.13995308835027365	0.44282881692002646
10	0.4218139171227521	1.03172504957039	0.03401094605160281	1.03172504957039
10	0.46755277560594216	1.0307336417713153	0.06724003127443315	1.0307336417713153
3	1.2314308053166536	0.9272967614011897	0.45582486317435494	0.9272967614011897
11	0.23377638780297108	0.5153668208856577	0.06724003127443315	0.06972901520158625
11	0.21090695856137606	0.515862524785195	0.03401094605160281	0.043621943159286185
0	0.6137607505863957	0.22141440846001323	0.13995308835027365	0.1348314606741573
10	0.21090695856137606	0.515862524785195	0.03401094605160281	0.043621943159286185
10	0.23377638780297108	0.5153668208856577	0.06724003127443315	0.06972901520158625
3	0.6157154026583268	0.46364838070059483	0.45582486317435494	0.11566424322538003
11	0.23377638780297108	0.5153668208856577	0.06724003127443315	0.06972901520158625
0	0.6137607505863957	0.22141440846001323	0.13995308835027365	0.1348314606741573
10	0.21090695856137606	0.515862524785195	0.03401094605160281	0.043621943159286185
3	0.6157154026583268	0.46364838070059483	0.45582486317435494	0.11566424322538003
