6	0.5098425196850394	0.8089192708333334	0.13267716535433072	0.8089192708333334
6	0.7098425196850394	0.4182942708333333	0.1704724409448819	0.4182942708333333
13	1.5775590551181102	0.5589192708333334	0.16889763779527558	0.5589192708333334
13	0.7098425196850394	0.4182942708333333	0.1704724409448819	0.4182942708333333
13	0.402755905511811	0.658203125	0.06968503937007874	0.658203125
13	1.662992125984252	0.5325520833333334	0.07480314960629922	0.5325520833333334
7	0.7066929133858267	0.4143880208333333	0.22559055118110236	0.4143880208333333
7	0.4322834645669291	0.8050130208333334	0.11968503937007874	0.8050130208333334
6	0.5098425196850394	0.8089192708333334	0.13267716535433072	0.8089192708333334
6	0.7098425196850394	0.4182942708333333	0.1704724409448819	0.4182942708333333
13	1.5775590551181102	0.5589192708333334	0.16889763779527558	0.5589192708333334
13	0.7098425196850394	0.4182942708333333	0.1704724409448819	0.4182942708333333
13	0.402755905511811	0.658203125	0.06968503937007874	0.658203125
13	1.662992125984252	0.5325520833333334	0.07480314960629922	0.5325520833333334
7	0.7066929133858267	0.4143880208333333	0.22559055118110236	0.4143880208333333
7	0.4322834645669291	0.8050130208333334	0.11968503937007874	0.8050130208333334
6	0.2549212598425197	0.4044596354166667	0.13267716535433072	0.06282552083333333
6	0.3549212598425197	0.20914713541666666	0.1704724409448819	0.1943359375
13	0.7887795275590551	0.2794596354166667	0.16889763779527558	0.0908203125
13	0.3549212598425197	0.20914713541666666	0.1704724409448819	0.1943359375
13	0.2013779527559055	0.3291015625	0.06968503937007874	0.048828125
13	0.831496062992126	0.2662760416666667	0.07480314960629922	0.041015625
7	0.35334645669291337	0.20719401041666666	0.22559055118110236	0.19173177083333334
7	0.21614173228346456	0.4025065104166667	0.11968503937007874	0.1005859375
6	0.2549212598425197	0.4044596354166667	0.13267716535433072	0.06282552083333333
13	0.7887795275590551	0.2794596354166667	0.16889763779527558	0.0908203125
7	0.35334645669291337	0.20719401041666666	0.22559055118110236	0.19173177083333334
