13	0.5390625	0.5427083333333333	0.03993055555555555	0.5427083333333333
13	0.23741319444444445	0.8194444444444444	0.048177083333333336	0.8194444444444444
13	0.3815104166666667	0.69375	0.18880208333333334	0.69375
5	1.3038194444444444	1.0493055555555555	0.1753472222222222	1.0493055555555555
5	0.3784722222222222	0.9399305555555556	0.20052083333333334	0.9399305555555556
0	0.9396701388888888	0.7583333333333333	0.11762152777777778	0.7583333333333333
13	0.5390625	0.5427083333333333	0.03993055555555555	0.5427083333333333
13	0.23741319444444445	0.8194444444444444	0.048177083333333336	0.8194444444444444
13	0.3815104166666667	0.69375	0.18880208333333334	0.69375
5	1.3038194444444444	1.0493055555555555	0.1753472222222222	1.0493055555555555
5	0.3784722222222222	0.9399305555555556	0.20052083333333334	0.9399305555555556
0	0.9396701388888888	0.7583333333333333	0.11762152777777778	0.7583333333333333
0	0.4698350694444444	0.37916666666666665	0.11762152777777778	0.12222222222222222
13	0.26953125	0.2713541666666667	0.03993055555555555	0.021875
13	0.11870659722222222	0.4097222222222222	0.048177083333333336	0.025694444444444443
13	0.19075520833333334	0.346875	0.18880208333333334	0.21319444444444444
5	0.6519097222222222	0.5246527777777777	0.1753472222222222	0.2611111111111111
5	0.1892361111111111	0.4699652777777778	0.20052083333333334	0.271875
7	0.5824652777777778	0.2760416666666667	0.0859375	0.06180555555555556
13	0.26953125	0.2713541666666667	0.03993055555555555	0.021875
5	0.6519097222222222	0.5246527777777777	0.1753472222222222	0.2611111111111111
9	0.5824652777777778	0.2760416666666667	0.0859375	0.06180555555555556
0	0.4698350694444444	0.37916666666666665	0.11762152777777778	0.12222222222222222
3	0.4539930555555556	0.6104166666666667	0.3741319444444444	0.14305555555555555
6	0.19075520833333334	0.346875	0.18880208333333334	0.21319444444444444
