10	0.137429264349232	1.647918188458729	0.09862570735650768	1.647918188458729
10	1.7635408245755861	1.4149013878743608	0.10145513338722716	1.4149013878743608
3	1.101050929668553	1.508400292184076	0.608730800323363	1.508400292184076
7	0.34438156831042843	1.368882395909423	0.20129345189975748	1.368882395909423
7	1.7562651576394503	1.4079620160701243	0.15561843168957154	1.4079620160701243
10	0.137429264349232	1.647918188458729	0.09862570735650768	1.647918188458729
10	1.7635408245755861	1.4149013878743608	0.10145513338722716	1.4149013878743608
3	1.101050929668553	1.508400292184076	0.608730800323363	1.508400292184076
7	0.34438156831042843	1.368882395909423	0.20129345189975748	1.368882395909423
7	1.7562651576394503	1.4079620160701243	0.15561843168957154	1.4079620160701243
10	0.068714632174616	0.8239590942293645	0.09862570735650768	0.16654492330168005
10	0.8817704122877931	0.7074506939371804	0.10145513338722716	0.19503287070854639
3	0.5505254648342764	0.754200146092038	0.608730800323363	0.3060628195763331
7	0.17219078415521422	0.6844411979547115	0.20129345189975748	0.24616508400292184
7	0.8781325788197252	0.7039810080350621	0.15561843168957154	0.23703433162892623
10	0.068714632174616	0.8239590942293645	0.09862570735650768	0.16654492330168005
3	0.5505254648342764	0.754200146092038	0.608730800323363	0.3060628195763331
7	0.17219078415521422	0.6844411979547115	0.20129345189975748	0.24616508400292184
9	0.39632174616006466	0.40157048940832724	0.08690379951495554	0.1778670562454346
