11	0.739247311827957	0.2210806697108067	0.15015360983102918	0.2210806697108067
11	1.4162826420890937	0.2853881278538813	0.16282642089093702	0.2853881278538813
11	1.3390937019969278	0.256468797564688	0.12864823348694315	0.256468797564688
11	0.739247311827957	0.2210806697108067	0.15015360983102918	0.2210806697108067
11	1.4162826420890937	0.2853881278538813	0.16282642089093702	0.2853881278538813
11	1.3390937019969278	0.256468797564688	0.12864823348694315	0.256468797564688
11	0.3696236559139785	0.11054033485540335	0.15015360983102918	0.05136986301369863
11	0.7081413210445469	0.14269406392694065	0.16282642089093702	0.0974124809741248
11	0.6695468509984639	0.128234398782344	0.12864823348694315	0.02815829528158295
11	0.3696236559139785	0.11054033485540335	0.15015360983102918	0.05136986301369863
0	0.603494623655914	0.292427701674277	0.08870967741935484	0.09931506849315068
