11	1.779296875	1.4236	0.0556640625	1.4236
11	0.80126953125	0.3196	0.08544921875	0.3196
11	1.3544921875	0.2776	0.1328125	0.2776
13	1.599609375	1.2892	0.21875	1.2892
13	0.6279296875	1.2204	0.2919921875	1.2204
6	0.58984375	1.3412	0.22265625	1.3412
6	1.599609375	1.2892	0.21875	1.2892
11	1.779296875	1.4236	0.0556640625	1.4236
11	0.80126953125	0.3196	0.08544921875	0.3196
11	1.3544921875	0.2776	0.1328125	0.2776
13	1.599609375	1.2892	0.21875	1.2892
13	0.6279296875	1.2204	0.2919921875	1.2204
6	0.58984375	1.3412	0.22265625	1.3412
6	1.599609375	1.2892	0.21875	1.2892
11	0.8896484375	0.7118	0.0556640625	0.0508
11	0.400634765625	0.1598	0.08544921875	0.054
11	0.67724609375	0.1388	0.1328125	0.032
13	0.7998046875	0.6446	0.21875	0.1804
13	0.31396484375	0.6102	0.2919921875	0.234
6	0.294921875	0.6706	0.22265625	0.1876
6	0.7998046875	0.6446	0.21875	0.1804
11	0.8896484375	0.7118	0.0556640625	0.0508
10	0.8896484375	0.7118	0.0556640625	0.0508
13	0.7998046875	0.6446	0.21875	0.1804
6	0.294921875	0.6706	0.22265625	0.1876
9	0.822998046875	0.1022	0.05712890625	0.0092
7	0.294921875	0.6706	0.22265625	0.1876
3	0.60205078125	0.6788	0.421875	0.2112
