9	0.9042553191489362	1.2743127401714454	0.19072948328267478	1.2743127401714454
9	0.5512917933130699	0.6488323972805202	0.1865501519756839	0.6488323972805202
0	1.202127659574468	0.5725687259828555	0.11930091185410334	0.5725687259828555
9	0.9042553191489362	1.2743127401714454	0.19072948328267478	1.2743127401714454
9	0.5512917933130699	0.6488323972805202	0.1865501519756839	0.6488323972805202
0	1.202127659574468	0.5725687259828555	0.11930091185410334	0.5725687259828555
0	0.601063829787234	0.28628436299142773	0.11930091185410334	0.08720070942950044
9	0.4521276595744681	0.6371563700857227	0.19072948328267478	0.40939994088087495
9	0.27564589665653494	0.3244161986402601	0.1865501519756839	0.12799290570499558
9	0.4521276595744681	0.6371563700857227	0.19072948328267478	0.40939994088087495
0	0.601063829787234	0.28628436299142773	0.11930091185410334	0.08720070942950044
11	0.06022036474164134	0.6801655335501035	0.03001519756838906	0.027785988767366245
5	0.27564589665653494	0.3244161986402601	0.1865501519756839	0.12799290570499558
10	0.06022036474164134	0.6801655335501035	0.03001519756838906	0.027785988767366245
6	0.3117401215805471	0.24800472953000297	0.31876899696048633	0.31096659769435414
7	0.3117401215805471	0.24800472953000297	0.31876899696048633	0.31096659769435414
