0	1.126953125	0.6129557291666666	0.09244791666666667	0.6129557291666666
13	1.5380859375	1.1985677083333333	0.08951822916666667	1.1985677083333333
13	0.5517578125	1.1904296875	0.047200520833333336	1.1904296875
13	0.6204427083333334	1.2164713541666667	0.16080729166666666	1.2164713541666667
11	1.2594401041666667	0.3186848958333333	0.08430989583333333	0.3186848958333333
11	0.7731119791666666	0.3362630208333333	0.09016927083333333	0.3362630208333333
0	1.126953125	0.6129557291666666	0.09244791666666667	0.6129557291666666
13	1.5380859375	1.1985677083333333	0.08951822916666667	1.1985677083333333
13	0.5517578125	1.1904296875	0.047200520833333336	1.1904296875
13	0.6204427083333334	1.2164713541666667	0.16080729166666666	1.2164713541666667
11	1.2594401041666667	0.3186848958333333	0.08430989583333333	0.3186848958333333
11	0.7731119791666666	0.3362630208333333	0.09016927083333333	0.3362630208333333
0	0.5634765625	0.3064778645833333	0.09244791666666667	0.0732421875
13	0.76904296875	0.5992838541666666	0.08951822916666667	0.040364583333333336
13	0.27587890625	0.59521484375	0.047200520833333336	0.0419921875
13	0.3102213541666667	0.6082356770833334	0.16080729166666666	0.0732421875
11	0.6297200520833334	0.15934244791666666	0.08430989583333333	0.021158854166666668
11	0.3865559895833333	0.16813151041666666	0.09016927083333333	0.0166015625
0	0.5634765625	0.3064778645833333	0.09244791666666667	0.0732421875
13	0.76904296875	0.5992838541666666	0.08951822916666667	0.040364583333333336
11	0.6297200520833334	0.15934244791666666	0.08430989583333333	0.021158854166666668
