0	0.9262152777777778	0.484375	0.09288194444444445	0.484375
13	1.3572048611111112	0.6166666666666667	0.05772569444444445	0.6166666666666667
0	0.9262152777777778	0.484375	0.09288194444444445	0.484375
13	1.3572048611111112	0.6166666666666667	0.05772569444444445	0.6166666666666667
0	0.4631076388888889	0.2421875	0.09288194444444445	0.09895833333333333
13	0.6786024305555556	0.30833333333333335	0.05772569444444445	0.03125
0	0.4631076388888889	0.2421875	0.09288194444444445	0.09895833333333333
13	0.6786024305555556	0.30833333333333335	0.05772569444444445	0.03125
3	0.4848090277777778	0.46284722222222224	0.3758680555555556	0.12222222222222222
11	0.7445746527777778	0.5092013888888889	0.07942708333333333	0.07951388888888888
10	0.7445746527777778	0.5092013888888889	0.07942708333333333	0.07951388888888888
