10	1.4029255319148937	0.8836978131212724	0.3410904255319149	0.8836978131212724
7	0.6156914893617021	0.8889993373094764	0.18882978723404256	0.8889993373094764
7	1.40625	0.8836978131212724	0.35305851063829785	0.8836978131212724
6	0.6156914893617021	0.8889993373094764	0.18882978723404256	0.8889993373094764
10	1.4029255319148937	0.8836978131212724	0.3410904255319149	0.8836978131212724
7	0.6156914893617021	0.8889993373094764	0.18882978723404256	0.8889993373094764
7	1.40625	0.8836978131212724	0.35305851063829785	0.8836978131212724
6	0.6156914893617021	0.8889993373094764	0.18882978723404256	0.8889993373094764
10	0.7014627659574468	0.4418489065606362	0.3410904255319149	0.5994035785288271
7	0.3078457446808511	0.4444996686547382	0.18882978723404256	0.4430086149768058
7	0.703125	0.4418489065606362	0.35305851063829785	0.6060304837640822
6	0.3078457446808511	0.4444996686547382	0.18882978723404256	0.4430086149768058
10	0.7014627659574468	0.4418489065606362	0.3410904255319149	0.5994035785288271
7	0.3078457446808511	0.4444996686547382	0.18882978723404256	0.4430086149768058
6	0.3078457446808511	0.4444996686547382	0.18882978723404256	0.4430086149768058
