0	1.3333333333333333	0.6708333333333333	0.1267361111111111	0.6708333333333333
13	0.7578125	1.1645833333333333	0.2265625	1.1645833333333333
13	0.5798611111111112	0.9326388888888889	0.1467013888888889	0.9326388888888889
13	1.5794270833333333	0.61875	0.023003472222222224	0.61875
10	0.5394965277777778	1.2840277777777778	0.2903645833333333	1.2840277777777778
7	0.7395833333333334	0.9260416666666667	0.3237847222222222	0.9260416666666667
7	0.8446180555555556	0.47673611111111114	0.16493055555555555	0.47673611111111114
6	1.6158854166666667	1.1524305555555556	0.19661458333333334	1.1524305555555556
6	1.7647569444444444	0.7302083333333333	0.09635416666666667	0.7302083333333333
6	0.6614583333333334	1.0090277777777779	0.2907986111111111	1.0090277777777779
5	1.7430555555555556	1.2951388888888888	0.2465277777777778	1.2951388888888888
5	0.6948784722222222	0.8295138888888889	0.2599826388888889	0.8295138888888889
11	0.6666666666666666	0.4857638888888889	0.19444444444444445	0.4857638888888889
11	0.6171875	1.3305555555555555	0.3680555555555556	1.3305555555555555
0	1.3333333333333333	0.6708333333333333	0.1267361111111111	0.6708333333333333
13	0.7578125	1.1645833333333333	0.2265625	1.1645833333333333
13	0.5798611111111112	0.9326388888888889	0.1467013888888889	0.9326388888888889
13	1.5794270833333333	0.61875	0.023003472222222224	0.61875
10	0.5394965277777778	1.2840277777777778	0.2903645833333333	1.2840277777777778
7	0.7395833333333334	0.9260416666666667	0.3237847222222222	0.9260416666666667
7	0.8446180555555556	0.47673611111111114	0.16493055555555555	0.47673611111111114
6	1.6158854166666667	1.1524305555555556	0.19661458333333334	1.1524305555555556
6	1.7647569444444444	0.7302083333333333	0.09635416666666667	0.7302083333333333
6	0.6614583333333334	1.0090277777777779	0.2907986111111111	1.0090277777777779
5	1.7430555555555556	1.2951388888888888	0.2465277777777778	1.2951388888888888
5	0.6948784722222222	0.8295138888888889	0.2599826388888889	0.8295138888888889
11	0.6666666666666666	0.4857638888888889	0.19444444444444445	0.4857638888888889
11	0.6171875	1.3305555555555555	0.3680555555555556	1.3305555555555555
0	0.6666666666666666	0.33541666666666664	0.1267361111111111	0.13194444444444445
13	0.37890625	0.5822916666666667	0.2265625	0.029166666666666667
13	0.2899305555555556	0.46631944444444445	0.1467013888888889	0.02847222222222222
13	0.7897135416666666	0.309375	0.023003472222222224	0.025
10	0.2697482638888889	0.6420138888888889	0.2903645833333333	0.27569444444444446
7	0.3697916666666667	0.4630208333333333	0.3237847222222222	0.484375
7	0.4223090277777778	0.23836805555555557	0.16493055555555555	0.13576388888888888
6	0.8079427083333334	0.5762152777777778	0.19661458333333334	0.246875
6	0.8823784722222222	0.3651041666666667	0.09635416666666667	0.10243055555555555
6	0.3307291666666667	0.5045138888888889	0.2907986111111111	0.44930555555555557
5	0.8715277777777778	0.6475694444444444	0.2465277777777778	0.22083333333333333
5	0.3474392361111111	0.41475694444444444	0.2599826388888889	0.3440972222222222
11	0.3333333333333333	0.24288194444444444	0.19444444444444445	0.14270833333333333
11	0.30859375	0.6652777777777777	0.3680555555555556	0.2875
13	0.37890625	0.5822916666666667	0.2265625	0.029166666666666667
10	0.2697482638888889	0.6420138888888889	0.2903645833333333	0.27569444444444446
7	0.3697916666666667	0.4630208333333333	0.3237847222222222	0.484375
6	0.8079427083333334	0.5762152777777778	0.19661458333333334	0.246875
5	0.8715277777777778	0.6475694444444444	0.2465277777777778	0.22083333333333333
11	0.3333333333333333	0.24288194444444444	0.19444444444444445	0.14270833333333333
1	0.3333333333333333	0.24288194444444444	0.19444444444444445	0.14270833333333333
0	0.6666666666666666	0.33541666666666664	0.1267361111111111	0.13194444444444445
