10	1.6939655172413792	1.7061688311688312	0.05890804597701149	1.7061688311688312
10	0.31800766283524906	1.8056006493506493	0.08620689655172414	1.8056006493506493
13	1.5799808429118773	0.5202922077922078	0.22940613026819923	0.5202922077922078
1	1.5799808429118773	0.5202922077922078	0.22940613026819923	0.5202922077922078
11	1.6939655172413792	1.7061688311688312	0.05890804597701149	1.7061688311688312
11	0.6264367816091954	0.2840909090909091	0.09865900383141762	0.2840909090909091
11	0.31800766283524906	1.8056006493506493	0.08620689655172414	1.8056006493506493
11	0.32662835249042144	1.8271103896103895	0.038314176245210725	1.8271103896103895
10	1.6939655172413792	1.7061688311688312	0.05890804597701149	1.7061688311688312
10	0.31800766283524906	1.8056006493506493	0.08620689655172414	1.8056006493506493
13	1.5799808429118773	0.5202922077922078	0.22940613026819923	0.5202922077922078
1	1.5799808429118773	0.5202922077922078	0.22940613026819923	0.5202922077922078
11	1.6939655172413792	1.7061688311688312	0.05890804597701149	1.7061688311688312
11	0.6264367816091954	0.2840909090909091	0.09865900383141762	0.2840909090909091
11	0.31800766283524906	1.8056006493506493	0.08620689655172414	1.8056006493506493
11	0.32662835249042144	1.8271103896103895	0.038314176245210725	1.8271103896103895
1	0.7899904214559387	0.2601461038961039	0.22940613026819923	0.18425324675324675
11	0.8469827586206896	0.8530844155844156	0.05890804597701149	0.05113636363636364
11	0.3132183908045977	0.14204545454545456	0.09865900383141762	0.07142857142857142
11	0.15900383141762453	0.9028003246753247	0.08620689655172414	0.07589285714285714
11	0.16331417624521072	0.9135551948051948	0.038314176245210725	0.041396103896103896
10	0.8469827586206896	0.8530844155844156	0.05890804597701149	0.05113636363636364
10	0.15900383141762453	0.9028003246753247	0.08620689655172414	0.07589285714285714
13	0.7899904214559387	0.2601461038961039	0.22940613026819923	0.18425324675324675
10	0.8469827586206896	0.8530844155844156	0.05890804597701149	0.05113636363636364
13	0.7899904214559387	0.2601461038961039	0.22940613026819923	0.18425324675324675
1	0.7899904214559387	0.2601461038961039	0.22940613026819923	0.18425324675324675
11	0.8469827586206896	0.8530844155844156	0.05890804597701149	0.05113636363636364
6	0.8283045977011494	0.403612012987013	0.12308429118773946	0.14082792207792208
