7	0.8594249201277955	0.4325463743676223	0.09345047923322684	0.4325463743676223
7	1.7180511182108626	1.4144182124789206	0.10782747603833866	1.4144182124789206
3	1.1908945686900958	1.2381956155143339	0.5710862619808307	1.2381956155143339
7	0.8594249201277955	0.4325463743676223	0.09345047923322684	0.4325463743676223
7	1.7180511182108626	1.4144182124789206	0.10782747603833866	1.4144182124789206
3	1.1908945686900958	1.2381956155143339	0.5710862619808307	1.2381956155143339
7	0.42971246006389774	0.21627318718381114	0.09345047923322684	0.2436762225969646
7	0.8590255591054313	0.7072091062394603	0.10782747603833866	0.11003372681281619
3	0.5954472843450479	0.6190978077571669	0.5710862619808307	0.29553119730185495
7	0.42971246006389774	0.21627318718381114	0.09345047923322684	0.2436762225969646
3	0.5954472843450479	0.6190978077571669	0.5710862619808307	0.29553119730185495
