11	1.25	0.14965277777777777	0.052083333333333336	0.14965277777777777
11	0.6228298611111112	0.1753472222222222	0.08289930555555555	0.1753472222222222
13	0.6623263888888888	0.6302083333333334	0.06510416666666667	0.6302083333333334
13	0.578125	0.8722222222222222	0.049479166666666664	0.8722222222222222
13	0.6254340277777778	0.6864583333333333	0.1115451388888889	0.6864583333333333
11	1.25	0.14965277777777777	0.052083333333333336	0.14965277777777777
11	0.6228298611111112	0.1753472222222222	0.08289930555555555	0.1753472222222222
13	0.6623263888888888	0.6302083333333334	0.06510416666666667	0.6302083333333334
13	0.578125	0.8722222222222222	0.049479166666666664	0.8722222222222222
13	0.6254340277777778	0.6864583333333333	0.1115451388888889	0.6864583333333333
11	0.625	0.07482638888888889	0.052083333333333336	0.015625
11	0.3114149305555556	0.0876736111111111	0.08289930555555555	0.028819444444444446
13	0.3311631944444444	0.3151041666666667	0.06510416666666667	0.09618055555555556
13	0.2890625	0.4361111111111111	0.049479166666666664	0.06319444444444444
13	0.3127170138888889	0.34322916666666664	0.1115451388888889	0.23368055555555556
13	0.3311631944444444	0.3151041666666667	0.06510416666666667	0.09618055555555556
3	0.4646267361111111	0.4684027777777778	0.3606770833333333	0.125
11	0.625	0.07482638888888889	0.052083333333333336	0.015625
