3	1.1833404894804638	1.2271438695960313	0.5487333619579219	1.2271438695960313
9	1.185057964791756	1.2236002834868887	0.1210820094461142	1.2236002834868887
9	1.021468441391155	0.945074415308292	0.09317303563761271	0.945074415308292
3	1.1833404894804638	1.2271438695960313	0.5487333619579219	1.2271438695960313
9	1.185057964791756	1.2236002834868887	0.1210820094461142	1.2236002834868887
9	1.021468441391155	0.945074415308292	0.09317303563761271	0.945074415308292
3	0.5916702447402319	0.6135719347980156	0.5487333619579219	0.18816442239546421
9	0.592528982395878	0.6118001417434443	0.1210820094461142	0.0995747696669029
9	0.5107342206955775	0.472537207654146	0.09317303563761271	0.3568391211906449
3	0.5916702447402319	0.6135719347980156	0.5487333619579219	0.18816442239546421
9	0.592528982395878	0.6118001417434443	0.1210820094461142	0.0995747696669029
