13	0.8012152777777778	0.5819444444444445	0.1345486111111111	0.5819444444444445
13	0.7608506944444444	0.8111111111111111	0.11067708333333333	0.8111111111111111
8	0.8828125	0.6142361111111111	0.0642361111111111	0.6142361111111111
9	0.7026909722222222	0.9722222222222222	0.3155381944444444	0.9722222222222222
9	0.8828125	0.6142361111111111	0.0642361111111111	0.6142361111111111
13	0.8012152777777778	0.5819444444444445	0.1345486111111111	0.5819444444444445
13	0.7608506944444444	0.8111111111111111	0.11067708333333333	0.8111111111111111
8	0.8828125	0.6142361111111111	0.0642361111111111	0.6142361111111111
9	0.7026909722222222	0.9722222222222222	0.3155381944444444	0.9722222222222222
9	0.8828125	0.6142361111111111	0.0642361111111111	0.6142361111111111
13	0.4006076388888889	0.29097222222222224	0.1345486111111111	0.11527777777777778
13	0.3804253472222222	0.40555555555555556	0.11067708333333333	0.08125
8	0.44140625	0.30711805555555555	0.0642361111111111	0.06979166666666667
9	0.3513454861111111	0.4861111111111111	0.3155381944444444	0.10833333333333334
9	0.44140625	0.30711805555555555	0.0642361111111111	0.06979166666666667
13	0.4006076388888889	0.29097222222222224	0.1345486111111111	0.11527777777777778
8	0.44140625	0.30711805555555555	0.0642361111111111	0.06979166666666667
9	0.3513454861111111	0.4861111111111111	0.3155381944444444	0.10833333333333334
7	0.4372829861111111	0.30746527777777777	0.05859375	0.06354166666666666
11	0.3342013888888889	0.1625	0.09722222222222222	0.06388888888888888
