11	0.6491935483870968	0.3550675675675676	0.17661290322580644	0.3550675675675676
11	0.3233870967741935	1.5638513513513514	0.11935483870967742	1.5638513513513514
11	0.5782258064516129	0.3358108108108108	0.08064516129032258	0.3358108108108108
11	1.4213709677419355	0.31148648648648647	0.10524193548387097	0.31148648648648647
0	1.0995967741935484	0.6787162162162163	0.13266129032258064	0.6787162162162163
13	0.42620967741935484	0.9875	0.09475806451612903	0.9875
13	0.5548387096774193	0.47905405405405405	0.11209677419354838	0.47905405405405405
10	0.3233870967741935	1.5638513513513514	0.11935483870967742	1.5638513513513514
11	0.6491935483870968	0.3550675675675676	0.17661290322580644	0.3550675675675676
11	0.3233870967741935	1.5638513513513514	0.11935483870967742	1.5638513513513514
11	0.5782258064516129	0.3358108108108108	0.08064516129032258	0.3358108108108108
11	1.4213709677419355	0.31148648648648647	0.10524193548387097	0.31148648648648647
0	1.0995967741935484	0.6787162162162163	0.13266129032258064	0.6787162162162163
13	0.42620967741935484	0.9875	0.09475806451612903	0.9875
13	0.5548387096774193	0.47905405405405405	0.11209677419354838	0.47905405405405405
10	0.3233870967741935	1.5638513513513514	0.11935483870967742	1.5638513513513514
11	0.3245967741935484	0.1775337837837838	0.17661290322580644	0.07533783783783783
11	0.16169354838709676	0.7819256756756757	0.11935483870967742	0.14425675675675675
11	0.28911290322580646	0.1679054054054054	0.08064516129032258	0.0445945945945946
11	0.7106854838709677	0.15574324324324323	0.10524193548387097	0.06891891891891892
0	0.5497983870967742	0.3393581081081081	0.13266129032258064	0.11317567567567567
13	0.21310483870967742	0.49375	0.09475806451612903	0.13682432432432431
13	0.27741935483870966	0.23952702702702702	0.11209677419354838	0.09662162162162162
10	0.16169354838709676	0.7819256756756757	0.11935483870967742	0.14425675675675675
11	0.3245967741935484	0.1775337837837838	0.17661290322580644	0.07533783783783783
0	0.5497983870967742	0.3393581081081081	0.13266129032258064	0.11317567567567567
13	0.21310483870967742	0.49375	0.09475806451612903	0.13682432432432431
10	0.16169354838709676	0.7819256756756757	0.11935483870967742	0.14425675675675675
