7	1.6618923611111112	1.145138888888889	0.13585069444444445	1.145138888888889
7	0.5850694444444444	1.1059027777777777	0.12239583333333333	1.1059027777777777
13	1.6822916666666667	1.121875	0.10850694444444445	1.121875
13	0.5850694444444444	1.1059027777777777	0.12239583333333333	1.1059027777777777
0	1.1197916666666667	0.746875	0.14583333333333334	0.746875
4	0.5104166666666666	1.1145833333333333	0.16493055555555555	1.1145833333333333
4	1.6618923611111112	1.145138888888889	0.13585069444444445	1.145138888888889
11	0.3381076388888889	1.1586805555555555	0.1037326388888889	1.1586805555555555
11	1.8016493055555556	1.1888888888888889	0.045572916666666664	1.1888888888888889
3	1.1245659722222223	1.1288194444444444	0.4440104166666667	1.1288194444444444
10	0.3211805555555556	1.1645833333333333	0.06510416666666667	1.1645833333333333
10	1.8016493055555556	1.1888888888888889	0.045572916666666664	1.1888888888888889
10	0.4796006944444444	1.1385416666666666	0.1957465277777778	1.1385416666666666
7	1.6618923611111112	1.145138888888889	0.13585069444444445	1.145138888888889
7	0.5850694444444444	1.1059027777777777	0.12239583333333333	1.1059027777777777
13	1.6822916666666667	1.121875	0.10850694444444445	1.121875
13	0.5850694444444444	1.1059027777777777	0.12239583333333333	1.1059027777777777
0	1.1197916666666667	0.746875	0.14583333333333334	0.746875
4	0.5104166666666666	1.1145833333333333	0.16493055555555555	1.1145833333333333
4	1.6618923611111112	1.145138888888889	0.13585069444444445	1.145138888888889
11	0.3381076388888889	1.1586805555555555	0.1037326388888889	1.1586805555555555
11	1.8016493055555556	1.1888888888888889	0.045572916666666664	1.1888888888888889
3	1.1245659722222223	1.1288194444444444	0.4440104166666667	1.1288194444444444
10	0.3211805555555556	1.1645833333333333	0.06510416666666667	1.1645833333333333
10	1.8016493055555556	1.1888888888888889	0.045572916666666664	1.1888888888888889
10	0.4796006944444444	1.1385416666666666	0.1957465277777778	1.1385416666666666
10	0.1605902777777778	0.5822916666666667	0.06510416666666667	0.08958333333333333
10	0.9008246527777778	0.5944444444444444	0.045572916666666664	0.08611111111111111
10	0.2398003472222222	0.5692708333333333	0.1957465277777778	0.11076388888888888
7	0.8309461805555556	0.5725694444444445	0.13585069444444445	0.09027777777777778
7	0.2925347222222222	0.5529513888888888	0.12239583333333333	0.028819444444444446
13	0.8411458333333334	0.5609375	0.10850694444444445	0.035069444444444445
13	0.2925347222222222	0.5529513888888888	0.12239583333333333	0.028819444444444446
0	0.5598958333333334	0.3734375	0.14583333333333334	0.08645833333333333
4	0.2552083333333333	0.5572916666666666	0.16493055555555555	0.04722222222222222
4	0.8309461805555556	0.5725694444444445	0.13585069444444445	0.09027777777777778
11	0.16905381944444445	0.5793402777777777	0.1037326388888889	0.09895833333333333
11	0.9008246527777778	0.5944444444444444	0.045572916666666664	0.08611111111111111
3	0.5622829861111112	0.5644097222222222	0.4440104166666667	0.09895833333333333
7	0.8309461805555556	0.5725694444444445	0.13585069444444445	0.09027777777777778
13	0.8411458333333334	0.5609375	0.10850694444444445	0.035069444444444445
0	0.5598958333333334	0.3734375	0.14583333333333334	0.08645833333333333
4	0.2552083333333333	0.5572916666666666	0.16493055555555555	0.04722222222222222
11	0.16905381944444445	0.5793402777777777	0.1037326388888889	0.09895833333333333
3	0.5622829861111112	0.5644097222222222	0.4440104166666667	0.09895833333333333
10	0.1605902777777778	0.5822916666666667	0.06510416666666667	0.08958333333333333
