13	1.3686797752808988	0.2496936274509804	0.051264044943820225	0.2496936274509804
13	1.5112359550561798	0.8128063725490197	0.27808988764044945	0.8128063725490197
13	0.5779494382022472	0.7411151960784313	0.29213483146067415	0.7411151960784313
13	0.4139747191011236	0.6344975490196079	0.10709269662921349	0.6344975490196079
13	1.4757724719101124	0.7487745098039216	0.14501404494382023	0.7487745098039216
0	1.1313202247191012	0.4950980392156863	0.12780898876404495	0.4950980392156863
7	0.4469803370786517	0.9473039215686274	0.16116573033707865	0.9473039215686274
7	0.6871488764044944	0.5042892156862745	0.15976123595505617	0.5042892156862745
7	1.4188904494382022	0.7162990196078431	0.13939606741573032	0.7162990196078431
7	1.5277387640449438	0.7454044117647058	0.2700140449438202	0.7454044117647058
5	1.5277387640449438	0.7454044117647058	0.2700140449438202	0.7454044117647058
5	0.5779494382022472	0.7411151960784313	0.29213483146067415	0.7411151960784313
6	0.5094803370786517	0.9574142156862745	0.20540730337078653	0.9574142156862745
6	1.5277387640449438	0.7454044117647058	0.2700140449438202	0.7454044117647058
6	0.6871488764044944	0.5042892156862745	0.15976123595505617	0.5042892156862745
10	0.2127808988764045	1.3697916666666667	0.03651685393258427	1.3697916666666667
10	1.7945926966292134	1.4610906862745099	0.04178370786516854	1.4610906862745099
11	0.5884831460674157	1.1292892156862746	0.04143258426966292	1.1292892156862746
11	0.2127808988764045	1.3697916666666667	0.03651685393258427	1.3697916666666667
11	1.7945926966292134	1.4610906862745099	0.04178370786516854	1.4610906862745099
13	1.3686797752808988	0.2496936274509804	0.051264044943820225	0.2496936274509804
13	1.5112359550561798	0.8128063725490197	0.27808988764044945	0.8128063725490197
13	0.5779494382022472	0.7411151960784313	0.29213483146067415	0.7411151960784313
13	0.4139747191011236	0.6344975490196079	0.10709269662921349	0.6344975490196079
13	1.4757724719101124	0.7487745098039216	0.14501404494382023	0.7487745098039216
0	1.1313202247191012	0.4950980392156863	0.12780898876404495	0.4950980392156863
7	0.4469803370786517	0.9473039215686274	0.16116573033707865	0.9473039215686274
7	0.6871488764044944	0.5042892156862745	0.15976123595505617	0.5042892156862745
7	1.4188904494382022	0.7162990196078431	0.13939606741573032	0.7162990196078431
7	1.5277387640449438	0.7454044117647058	0.2700140449438202	0.7454044117647058
5	1.5277387640449438	0.7454044117647058	0.2700140449438202	0.7454044117647058
5	0.5779494382022472	0.7411151960784313	0.29213483146067415	0.7411151960784313
6	0.5094803370786517	0.9574142156862745	0.20540730337078653	0.9574142156862745
6	1.5277387640449438	0.7454044117647058	0.2700140449438202	0.7454044117647058
6	0.6871488764044944	0.5042892156862745	0.15976123595505617	0.5042892156862745
10	0.2127808988764045	1.3697916666666667	0.03651685393258427	1.3697916666666667
10	1.7945926966292134	1.4610906862745099	0.04178370786516854	1.4610906862745099
11	0.5884831460674157	1.1292892156862746	0.04143258426966292	1.1292892156862746
11	0.2127808988764045	1.3697916666666667	0.03651685393258427	1.3697916666666667
11	1.7945926966292134	1.4610906862745099	0.04178370786516854	1.4610906862745099
5	0.7638693820224719	0.3727022058823529	0.2700140449438202	0.5327818627450981
5	0.2889747191011236	0.3705575980392157	0.29213483146067415	0.507046568627451
6	0.25474016853932585	0.47870710784313725	0.20540730337078653	0.10814950980392157
6	0.7638693820224719	0.3727022058823529	0.2700140449438202	0.5327818627450981
6	0.3435744382022472	0.25214460784313725	0.15976123595505617	0.22303921568627452
10	0.10639044943820225	0.6848958333333334	0.03651685393258427	0.060355392156862746
10	0.8972963483146067	0.7305453431372549	0.04178370786516854	0.06709558823529412
13	0.6843398876404494	0.1248468137254902	0.051264044943820225	0.08363970588235294
13	0.7556179775280899	0.40640318627450983	0.27808988764044945	0.49417892156862747
13	0.2889747191011236	0.3705575980392157	0.29213483146067415	0.507046568627451
13	0.2069873595505618	0.31724877450980393	0.10709269662921349	0.03155637254901961
13	0.7378862359550562	0.3743872549019608	0.14501404494382023	0.06556372549019608
11	0.29424157303370785	0.5646446078431373	0.04143258426966292	0.04779411764705882
11	0.10639044943820225	0.6848958333333334	0.03651685393258427	0.060355392156862746
11	0.8972963483146067	0.7305453431372549	0.04178370786516854	0.06709558823529412
0	0.5656601123595506	0.24754901960784315	0.12780898876404495	0.11948529411764706
7	0.22349016853932585	0.4736519607843137	0.16116573033707865	0.1053921568627451
7	0.3435744382022472	0.25214460784313725	0.15976123595505617	0.22303921568627452
7	0.7094452247191011	0.3581495098039216	0.13939606741573032	0.2861519607843137
7	0.7638693820224719	0.3727022058823529	0.2700140449438202	0.5327818627450981
13	0.6843398876404494	0.1248468137254902	0.051264044943820225	0.08363970588235294
0	0.5656601123595506	0.24754901960784315	0.12780898876404495	0.11948529411764706
7	0.22349016853932585	0.4736519607843137	0.16116573033707865	0.1053921568627451
2	0.6746839887640449	0.11151960784313726	0.08462078651685394	0.08639705882352941
4	0.32549157303370785	0.2544424019607843	0.14887640449438203	0.14246323529411764
5	0.7638693820224719	0.3727022058823529	0.2700140449438202	0.5327818627450981
6	0.25474016853932585	0.47870710784313725	0.20540730337078653	0.10814950980392157
10	0.10639044943820225	0.6848958333333334	0.03651685393258427	0.060355392156862746
11	0.29424157303370785	0.5646446078431373	0.04143258426966292	0.04779411764705882
