7	1.6835978835978835	1.437206572769953	0.09417989417989418	1.437206572769953
7	0.8320987654320988	0.6434859154929577	0.11534391534391535	0.6434859154929577
7	0.5118165784832451	1.176349765258216	0.21904761904761905	1.176349765258216
11	0.6758377425044092	0.6150234741784038	0.24973544973544973	0.6150234741784038
11	0.2705467372134039	1.091549295774648	0.07160493827160494	1.091549295774648
6	1.6670194003527337	1.4383802816901408	0.10934744268077601	1.4383802816901408
6	0.5118165784832451	1.176349765258216	0.21904761904761905	1.176349765258216
6	0.5873015873015873	0.8697183098591549	0.20423280423280424	0.8697183098591549
10	0.5026455026455027	1.2573356807511737	0.29241622574955906	1.2573356807511737
0	1.1763668430335097	0.7567488262910798	0.10970017636684304	0.7567488262910798
7	1.6835978835978835	1.437206572769953	0.09417989417989418	1.437206572769953
7	0.8320987654320988	0.6434859154929577	0.11534391534391535	0.6434859154929577
7	0.5118165784832451	1.176349765258216	0.21904761904761905	1.176349765258216
11	0.6758377425044092	0.6150234741784038	0.24973544973544973	0.6150234741784038
11	0.2705467372134039	1.091549295774648	0.07160493827160494	1.091549295774648
6	1.6670194003527337	1.4383802816901408	0.10934744268077601	1.4383802816901408
6	0.5118165784832451	1.176349765258216	0.21904761904761905	1.176349765258216
6	0.5873015873015873	0.8697183098591549	0.20423280423280424	0.8697183098591549
10	0.5026455026455027	1.2573356807511737	0.29241622574955906	1.2573356807511737
0	1.1763668430335097	0.7567488262910798	0.10970017636684304	0.7567488262910798
7	0.8417989417989418	0.7186032863849765	0.09417989417989418	0.13380281690140844
7	0.4160493827160494	0.3217429577464789	0.11534391534391535	0.21097417840375587
7	0.25590828924162257	0.588174882629108	0.21904761904761905	0.10299295774647887
11	0.3379188712522046	0.3075117370892019	0.24973544973544973	0.24471830985915494
11	0.13527336860670194	0.545774647887324	0.07160493827160494	0.2476525821596244
6	0.8335097001763668	0.7191901408450704	0.10934744268077601	0.15316901408450703
6	0.25590828924162257	0.588174882629108	0.21904761904761905	0.10299295774647887
6	0.29365079365079366	0.43485915492957744	0.20423280423280424	0.1255868544600939
10	0.25132275132275134	0.6286678403755869	0.29241622574955906	0.46566901408450706
0	0.5881834215167548	0.3783744131455399	0.10970017636684304	0.11120892018779342
6	0.8335097001763668	0.7191901408450704	0.10934744268077601	0.15316901408450703
10	0.25132275132275134	0.6286678403755869	0.29241622574955906	0.46566901408450706
0	0.5881834215167548	0.3783744131455399	0.10970017636684304	0.11120892018779342
13	0.8181657848324515	0.7394366197183099	0.1308641975308642	0.0710093896713615
7	0.8417989417989418	0.7186032863849765	0.09417989417989418	0.13380281690140844
3	0.5871252204585538	0.6650528169014085	0.4292768959435626	0.2056924882629108
11	0.3379188712522046	0.3075117370892019	0.24973544973544973	0.24471830985915494
