13	1.3381076388888888	0.49409722222222224	0.1401909722222222	0.49409722222222224
13	0.6302083333333334	0.5340277777777778	0.15625	0.5340277777777778
13	0.5950520833333334	1.2194444444444446	0.14366319444444445	1.2194444444444446
13	1.3381076388888888	0.49409722222222224	0.1401909722222222	0.49409722222222224
13	0.6302083333333334	0.5340277777777778	0.15625	0.5340277777777778
13	0.5950520833333334	1.2194444444444446	0.14366319444444445	1.2194444444444446
13	0.6690538194444444	0.24704861111111112	0.1401909722222222	0.049652777777777775
13	0.3151041666666667	0.2670138888888889	0.15625	0.14583333333333334
13	0.2975260416666667	0.6097222222222223	0.14366319444444445	0.04097222222222222
13	0.6690538194444444	0.24704861111111112	0.1401909722222222	0.049652777777777775
8	0.7256944444444444	0.26180555555555557	0.015625	0.009722222222222222
6	0.3394097222222222	0.2388888888888889	0.17274305555555555	0.10138888888888889
9	0.2515190972222222	0.7328125	0.20789930555555555	0.06701388888888889
