10	1.7438735177865612	1.5205678922460866	0.09565217391304348	1.5205678922460866
10	1.6798418972332017	1.4160902803057882	0.17391304347826086	1.4160902803057882
10	1.7920948616600791	1.4288314524936294	0.10988142292490119	1.4288314524936294
4	0.5774703557312253	0.3898798689479432	0.3577075098814229	0.3898798689479432
4	1.4766798418972331	0.4372042227884965	0.28695652173913044	0.4372042227884965
6	1.4387351778656126	0.47469967236985805	0.32885375494071145	0.47469967236985805
6	0.5853754940711462	0.46851110302147797	0.3482213438735178	0.46851110302147797
10	1.7438735177865612	1.5205678922460866	0.09565217391304348	1.5205678922460866
10	1.6798418972332017	1.4160902803057882	0.17391304347826086	1.4160902803057882
10	1.7920948616600791	1.4288314524936294	0.10988142292490119	1.4288314524936294
4	0.5774703557312253	0.3898798689479432	0.3577075098814229	0.3898798689479432
4	1.4766798418972331	0.4372042227884965	0.28695652173913044	0.4372042227884965
6	1.4387351778656126	0.47469967236985805	0.32885375494071145	0.47469967236985805
6	0.5853754940711462	0.46851110302147797	0.3482213438735178	0.46851110302147797
10	0.8719367588932806	0.7602839461230433	0.09565217391304348	0.08336366945759009
10	0.8399209486166008	0.7080451401528941	0.17391304347826086	0.2024026210411358
10	0.8960474308300396	0.7144157262468147	0.10988142292490119	0.09646887513651256
4	0.28873517786561265	0.1949399344739716	0.3577075098814229	0.33236257735711683
4	0.7383399209486166	0.21860211139424826	0.28695652173913044	0.336730979250091
6	0.7193675889328063	0.23734983618492903	0.32885375494071145	0.3582089552238806
6	0.2926877470355731	0.23425555151073899	0.3482213438735178	0.3440116490717146
7	0.8144268774703557	0.5977429923552967	0.16956521739130434	0.1951219512195122
10	0.8719367588932806	0.7602839461230433	0.09565217391304348	0.08336366945759009
4	0.28873517786561265	0.1949399344739716	0.3577075098814229	0.33236257735711683
6	0.7193675889328063	0.23734983618492903	0.32885375494071145	0.3582089552238806
