10	0.34765625	1.321875	0.22786458333333334	1.321875
7	0.4461805555555556	1.2555555555555555	0.2482638888888889	1.2555555555555555
13	0.5577256944444444	0.8243055555555555	0.15755208333333334	0.8243055555555555
10	0.34765625	1.321875	0.22786458333333334	1.321875
7	0.4461805555555556	1.2555555555555555	0.2482638888888889	1.2555555555555555
13	0.5577256944444444	0.8243055555555555	0.15755208333333334	0.8243055555555555
10	0.173828125	0.6609375	0.22786458333333334	0.16006944444444443
7	0.2230902777777778	0.6277777777777778	0.2482638888888889	0.13541666666666666
13	0.2788628472222222	0.41215277777777776	0.15755208333333334	0.17708333333333334
10	0.173828125	0.6609375	0.22786458333333334	0.16006944444444443
7	0.2230902777777778	0.6277777777777778	0.2482638888888889	0.13541666666666666
13	0.2788628472222222	0.41215277777777776	0.15755208333333334	0.17708333333333334
