8	1.3250355618776672	0.5822900763358778	0.13726884779516357	0.5822900763358778
7	1.4075391180654337	0.4363358778625954	0.2532005689900427	0.4363358778625954
7	1.302275960170697	0.6280916030534351	0.16714082503556188	0.6280916030534351
8	1.3250355618776672	0.5822900763358778	0.13726884779516357	0.5822900763358778
7	1.4075391180654337	0.4363358778625954	0.2532005689900427	0.4363358778625954
7	1.302275960170697	0.6280916030534351	0.16714082503556188	0.6280916030534351
8	0.6625177809388336	0.2911450381679389	0.13726884779516357	0.2219847328244275
7	0.7037695590327169	0.2181679389312977	0.2532005689900427	0.16885496183206106
7	0.6511379800853485	0.31404580152671757	0.16714082503556188	0.16274809160305342
8	0.6625177809388336	0.2911450381679389	0.13726884779516357	0.2219847328244275
9	0.7094594594594594	0.5387786259541985	0.06827880512091039	0.031450381679389315
7	0.7037695590327169	0.2181679389312977	0.2532005689900427	0.16885496183206106
