11	0.7149253731343284	0.14926289926289926	0.0962686567164179	0.14926289926289926
11	1.2985074626865671	0.14557739557739557	0.10522388059701493	0.14557739557739557
0	1.1597014925373135	0.632985257985258	0.18358208955223881	0.632985257985258
3	1.1171641791044775	1.2914619164619165	0.4671641791044776	1.2914619164619165
11	0.7149253731343284	0.14926289926289926	0.0962686567164179	0.14926289926289926
11	1.2985074626865671	0.14557739557739557	0.10522388059701493	0.14557739557739557
0	1.1597014925373135	0.632985257985258	0.18358208955223881	0.632985257985258
3	1.1171641791044775	1.2914619164619165	0.4671641791044776	1.2914619164619165
0	0.5798507462686567	0.316492628992629	0.18358208955223881	0.18765356265356264
3	0.5585820895522388	0.6457309582309583	0.4671641791044776	0.15264127764127763
11	0.3574626865671642	0.07463144963144963	0.0962686567164179	0.017813267813267815
11	0.6492537313432836	0.07278869778869779	0.10522388059701493	0.019041769041769043
11	0.3574626865671642	0.07463144963144963	0.0962686567164179	0.017813267813267815
0	0.5798507462686567	0.316492628992629	0.18358208955223881	0.18765356265356264
3	0.5585820895522388	0.6457309582309583	0.4671641791044776	0.15264127764127763
