11	0.2404513888888889	1.504513888888889	0.043402777777777776	1.504513888888889
10	0.24522569444444445	1.460763888888889	0.05164930555555555	1.460763888888889
11	0.2404513888888889	1.504513888888889	0.043402777777777776	1.504513888888889
10	0.24522569444444445	1.460763888888889	0.05164930555555555	1.460763888888889
11	0.12022569444444445	0.7522569444444445	0.043402777777777776	0.07118055555555555
10	0.12261284722222222	0.7303819444444445	0.05164930555555555	0.08159722222222222
11	0.12022569444444445	0.7522569444444445	0.043402777777777776	0.07118055555555555
0	0.5492621527777778	0.3637152777777778	0.08723958333333333	0.096875
10	0.12261284722222222	0.7303819444444445	0.05164930555555555	0.08159722222222222
9	0.7157118055555556	0.196875	0.05295138888888889	0.030555555555555555
