0	1.0460069444444444	0.7447916666666666	0.11805555555555555	0.7447916666666666
11	1.5564236111111112	1.2631944444444445	0.06076388888888889	1.2631944444444445
10	1.5703125	1.2506944444444446	0.059027777777777776	1.2506944444444446
3	1.1202256944444444	1.1395833333333334	0.3919270833333333	1.1395833333333334
8	0.4943576388888889	1.1743055555555555	0.11588541666666667	1.1743055555555555
0	1.0460069444444444	0.7447916666666666	0.11805555555555555	0.7447916666666666
11	1.5564236111111112	1.2631944444444445	0.06076388888888889	1.2631944444444445
10	1.5703125	1.2506944444444446	0.059027777777777776	1.2506944444444446
3	1.1202256944444444	1.1395833333333334	0.3919270833333333	1.1395833333333334
8	0.4943576388888889	1.1743055555555555	0.11588541666666667	1.1743055555555555
3	0.5601128472222222	0.5697916666666667	0.3919270833333333	0.1125
8	0.24717881944444445	0.5871527777777777	0.11588541666666667	0.07361111111111111
0	0.5230034722222222	0.3723958333333333	0.11805555555555555	0.134375
11	0.7782118055555556	0.6315972222222223	0.06076388888888889	0.04791666666666667
10	0.78515625	0.6253472222222223	0.059027777777777776	0.05486111111111111
0	0.5230034722222222	0.3723958333333333	0.11805555555555555	0.134375
11	0.7782118055555556	0.6315972222222223	0.06076388888888889	0.04791666666666667
10	0.78515625	0.6253472222222223	0.059027777777777776	0.05486111111111111
7	0.2463107638888889	0.5723958333333333	0.10546875	0.03923611111111111
3	0.5601128472222222	0.5697916666666667	0.3919270833333333	0.1125
8	0.24717881944444445	0.5871527777777777	0.11588541666666667	0.07361111111111111
