7	0.5486111111111112	0.9940972222222222	0.2361111111111111	0.9940972222222222
7	1.50390625	1.0791666666666666	0.20182291666666666	1.0791666666666666
6	0.5238715277777778	1.0131944444444445	0.14973958333333334	1.0131944444444445
6	1.5894097222222223	1.096875	0.12413194444444445	1.096875
0	1.1019965277777777	0.5388888888888889	0.11241319444444445	0.5388888888888889
11	0.6276041666666666	0.3121527777777778	0.1111111111111111	0.3121527777777778
11	1.3276909722222223	0.2902777777777778	0.11067708333333333	0.2902777777777778
7	0.5486111111111112	0.9940972222222222	0.2361111111111111	0.9940972222222222
7	1.50390625	1.0791666666666666	0.20182291666666666	1.0791666666666666
6	0.5238715277777778	1.0131944444444445	0.14973958333333334	1.0131944444444445
6	1.5894097222222223	1.096875	0.12413194444444445	1.096875
0	1.1019965277777777	0.5388888888888889	0.11241319444444445	0.5388888888888889
11	0.6276041666666666	0.3121527777777778	0.1111111111111111	0.3121527777777778
11	1.3276909722222223	0.2902777777777778	0.11067708333333333	0.2902777777777778
7	0.2743055555555556	0.4970486111111111	0.2361111111111111	0.11701388888888889
7	0.751953125	0.5395833333333333	0.20182291666666666	0.1111111111111111
6	0.2619357638888889	0.5065972222222223	0.14973958333333334	0.07083333333333333
6	0.7947048611111112	0.5484375	0.12413194444444445	0.08159722222222222
0	0.5509982638888888	0.26944444444444443	0.11241319444444445	0.1076388888888889
11	0.3138020833333333	0.1560763888888889	0.1111111111111111	0.015625
11	0.6638454861111112	0.1451388888888889	0.11067708333333333	0.02847222222222222
7	0.2743055555555556	0.4970486111111111	0.2361111111111111	0.11701388888888889
6	0.2619357638888889	0.5065972222222223	0.14973958333333334	0.07083333333333333
0	0.5509982638888888	0.26944444444444443	0.11241319444444445	0.1076388888888889
11	0.3138020833333333	0.1560763888888889	0.1111111111111111	0.015625
