10	0.48046875	0.9205729166666666	0.17057291666666666	0.9205729166666666
10	0.58984375	1.3434244791666667	0.3138020833333333	1.3434244791666667
10	0.3623046875	1.349609375	0.07454427083333333	1.349609375
10	0.48046875	0.9205729166666666	0.17057291666666666	0.9205729166666666
10	0.58984375	1.3434244791666667	0.3138020833333333	1.3434244791666667
10	0.3623046875	1.349609375	0.07454427083333333	1.349609375
10	0.240234375	0.4602864583333333	0.17057291666666666	0.5436197916666666
10	0.294921875	0.6717122395833334	0.3138020833333333	0.0986328125
10	0.18115234375	0.6748046875	0.07454427083333333	0.08528645833333333
8	0.3772786458333333	0.4436848958333333	0.048828125	0.04296875
10	0.240234375	0.4602864583333333	0.17057291666666666	0.5436197916666666
9	0.3772786458333333	0.4436848958333333	0.048828125	0.04296875
11	0.18115234375	0.6748046875	0.07454427083333333	0.08528645833333333
