11	0.704766107678729	0.30044998269297335	0.12577228596646073	0.30044998269297335
11	1.3742277140335393	0.32710280373831774	0.2144748455428067	0.32710280373831774
2	1.232568402471315	0.7338179300796123	0.11253309796999117	0.7338179300796123
11	0.704766107678729	0.30044998269297335	0.12577228596646073	0.30044998269297335
11	1.3742277140335393	0.32710280373831774	0.2144748455428067	0.32710280373831774
2	1.232568402471315	0.7338179300796123	0.11253309796999117	0.7338179300796123
2	0.6162842012356575	0.36690896503980613	0.11253309796999117	0.11907234337140879
11	0.3523830538393645	0.15022499134648667	0.12577228596646073	0.04915195569401177
11	0.6871138570167696	0.16355140186915887	0.2144748455428067	0.0647282796815507
11	0.3523830538393645	0.15022499134648667	0.12577228596646073	0.04915195569401177
0	0.6087819947043248	0.37123572170301145	0.16813768755516328	0.12149532710280374
2	0.6162842012356575	0.36690896503980613	0.11253309796999117	0.11907234337140879
