9	0.6901502504173622	1.8734610123119015	0.1639398998330551	1.8734610123119015
9	0.5792988313856428	1.7123803009575924	0.29282136894824706	1.7123803009575924
13	1.512186978297162	0.7681258549931601	0.09582637729549248	0.7681258549931601
9	0.6901502504173622	1.8734610123119015	0.1639398998330551	1.8734610123119015
9	0.5792988313856428	1.7123803009575924	0.29282136894824706	1.7123803009575924
13	1.512186978297162	0.7681258549931601	0.09582637729549248	0.7681258549931601
9	0.3450751252086811	0.9367305061559508	0.1639398998330551	0.11901504787961696
9	0.2896494156928214	0.8561901504787962	0.29282136894824706	0.24931600547195623
13	0.756093489148581	0.38406292749658005	0.09582637729549248	0.07729138166894665
9	0.3450751252086811	0.9367305061559508	0.1639398998330551	0.11901504787961696
13	0.756093489148581	0.38406292749658005	0.09582637729549248	0.07729138166894665
11	0.4360601001669449	0.1417578659370725	0.054090150250417364	0.032489740082079346
