13	0.7721354166666666	0.19305555555555556	0.08637152777777778	0.19305555555555556
13	0.7209201388888888	0.40243055555555557	0.2009548611111111	0.40243055555555557
13	0.7721354166666666	0.19305555555555556	0.08637152777777778	0.19305555555555556
13	0.7209201388888888	0.40243055555555557	0.2009548611111111	0.40243055555555557
13	0.3860677083333333	0.09652777777777778	0.08637152777777778	0.025
13	0.3604600694444444	0.20121527777777778	0.2009548611111111	0.121875
13	0.3860677083333333	0.09652777777777778	0.08637152777777778	0.025
3	0.5631510416666666	0.6192708333333333	0.3797743055555556	0.196875
7	0.2879774305555556	0.6300347222222222	0.1193576388888889	0.0920138888888889
6	0.3604600694444444	0.20121527777777778	0.2009548611111111	0.121875
