0	1.1558219178082192	0.5970764617691154	0.10582191780821917	0.5970764617691154
3	1.1544520547945205	1.1510494752623688	0.3681506849315068	1.1510494752623688
11	1.1897260273972603	0.16979010494752625	0.11164383561643836	0.16979010494752625
11	0.7839041095890411	0.18553223388305848	0.07431506849315068	0.18553223388305848
0	1.1558219178082192	0.5970764617691154	0.10582191780821917	0.5970764617691154
3	1.1544520547945205	1.1510494752623688	0.3681506849315068	1.1510494752623688
11	1.1897260273972603	0.16979010494752625	0.11164383561643836	0.16979010494752625
11	0.7839041095890411	0.18553223388305848	0.07431506849315068	0.18553223388305848
0	0.5779109589041096	0.2985382308845577	0.10582191780821917	0.15929535232383807
3	0.5772260273972603	0.5755247376311844	0.3681506849315068	0.17578710644677661
11	0.5948630136986301	0.08489505247376312	0.11164383561643836	0.02586206896551724
11	0.39195205479452055	0.09276611694152924	0.07431506849315068	0.020614692653673165
0	0.5779109589041096	0.2985382308845577	0.10582191780821917	0.15929535232383807
3	0.5772260273972603	0.5755247376311844	0.3681506849315068	0.17578710644677661
11	0.5948630136986301	0.08489505247376312	0.11164383561643836	0.02586206896551724
