0	1.2135416666666667	0.7420138888888889	0.15625	0.7420138888888889
11	0.6675347222222222	0.4510416666666667	0.09895833333333333	0.4510416666666667
11	1.4665798611111112	0.4517361111111111	0.1506076388888889	0.4517361111111111
0	1.2135416666666667	0.7420138888888889	0.15625	0.7420138888888889
11	0.6675347222222222	0.4510416666666667	0.09895833333333333	0.4510416666666667
11	1.4665798611111112	0.4517361111111111	0.1506076388888889	0.4517361111111111
0	0.6067708333333334	0.37100694444444443	0.15625	0.146875
11	0.3337673611111111	0.22552083333333334	0.09895833333333333	0.04826388888888889
11	0.7332899305555556	0.22586805555555556	0.1506076388888889	0.06840277777777778
0	0.6067708333333334	0.37100694444444443	0.15625	0.146875
11	0.3337673611111111	0.22552083333333334	0.09895833333333333	0.04826388888888889
8	0.3441840277777778	0.49809027777777776	0.027777777777777776	0.021180555555555557
