0	1.1142578125	0.4322916666666667	0.08365885416666667	0.4322916666666667
13	0.7718098958333334	0.8186848958333334	0.10579427083333333	0.8186848958333334
5	1.3671875	0.5244140625	0.12890625	0.5244140625
5	0.685546875	0.5846354166666666	0.146484375	0.5846354166666666
3	1.1009114583333333	0.8772786458333334	0.30078125	0.8772786458333334
0	1.1142578125	0.4322916666666667	0.08365885416666667	0.4322916666666667
13	0.7718098958333334	0.8186848958333334	0.10579427083333333	0.8186848958333334
5	1.3671875	0.5244140625	0.12890625	0.5244140625
5	0.685546875	0.5846354166666666	0.146484375	0.5846354166666666
3	1.1009114583333333	0.8772786458333334	0.30078125	0.8772786458333334
3	0.5504557291666666	0.4386393229166667	0.30078125	0.14420572916666666
0	0.55712890625	0.21614583333333334	0.08365885416666667	0.087890625
13	0.3859049479166667	0.4093424479166667	0.10579427083333333	0.036783854166666664
5	0.68359375	0.26220703125	0.12890625	0.3102213541666667
5	0.3427734375	0.2923177083333333	0.146484375	0.298828125
0	0.55712890625	0.21614583333333334	0.08365885416666667	0.087890625
11	0.24381510416666666	0.4833984375	0.018880208333333332	0.037760416666666664
7	0.7194010416666666	0.4318033854166667	0.06705729166666667	0.0869140625
13	0.3859049479166667	0.4093424479166667	0.10579427083333333	0.036783854166666664
5	0.68359375	0.26220703125	0.12890625	0.3102213541666667
3	0.5504557291666666	0.4386393229166667	0.30078125	0.14420572916666666
