11	1.2984251968503937	0.2897135416666667	0.115748031496063	0.2897135416666667
11	0.3106299212598425	1.3561197916666667	0.04133858267716536	1.3561197916666667
9	0.8704724409448819	0.8011067708333334	0.08858267716535433	0.8011067708333334
9	1.002755905511811	0.8610026041666666	0.28228346456692915	0.8610026041666666
0	1.1358267716535433	0.5768229166666666	0.13031496062992126	0.5768229166666666
3	1.1574803149606299	1.060546875	0.431496062992126	1.060546875
11	1.2984251968503937	0.2897135416666667	0.115748031496063	0.2897135416666667
11	0.3106299212598425	1.3561197916666667	0.04133858267716536	1.3561197916666667
9	0.8704724409448819	0.8011067708333334	0.08858267716535433	0.8011067708333334
9	1.002755905511811	0.8610026041666666	0.28228346456692915	0.8610026041666666
0	1.1358267716535433	0.5768229166666666	0.13031496062992126	0.5768229166666666
3	1.1574803149606299	1.060546875	0.431496062992126	1.060546875
11	0.6492125984251969	0.14485677083333334	0.115748031496063	0.057291666666666664
11	0.15531496062992126	0.6780598958333334	0.04133858267716536	0.059244791666666664
9	0.4352362204724409	0.4005533854166667	0.08858267716535433	0.3727213541666667
9	0.5013779527559055	0.4305013020833333	0.28228346456692915	0.6018880208333334
0	0.5679133858267716	0.2884114583333333	0.13031496062992126	0.14127604166666666
3	0.5787401574803149	0.5302734375	0.431496062992126	0.076171875
11	0.6492125984251969	0.14485677083333334	0.115748031496063	0.057291666666666664
9	0.4352362204724409	0.4005533854166667	0.08858267716535433	0.3727213541666667
0	0.5679133858267716	0.2884114583333333	0.13031496062992126	0.14127604166666666
3	0.5787401574803149	0.5302734375	0.431496062992126	0.076171875
10	0.15531496062992126	0.6780598958333334	0.04133858267716536	0.059244791666666664
