5	0.348470052	0.373697917	0.194335938	0.444010417
5	0.677246094	0.479817708	0.196289063	0.326822917
11	0.3828125	0.148111979	0.084635417	0.014322917
11	0.284016927	0.618815104	0.097981771	0.165364583
11	0.367513021	0.171549479	0.118489583	0.047526042
11	0.270833333	0.462890625	0.0625	0.313151042
11	0.597981771	0.132486979	0.104166667	0.029947917
3	0.551269531	0.589518229	0.317382813	0.099609375
0	0.537760417	0.303059896	0.09375	0.1171875
10	0.330729167	0.625	0.19140625	0.114583333
10	0.268554688	0.603190104	0.061197917	0.098958333
