0	1.1821646341463414	0.6332720588235294	0.14557926829268292	0.6332720588235294
11	0.17416158536585366	1.1832107843137254	0.041539634146341466	1.1832107843137254
11	1.833841463414634	1.1969975490196079	0.0861280487804878	1.1969975490196079
3	1.1993140243902438	1.0520833333333333	0.4493140243902439	1.0520833333333333
0	1.1821646341463414	0.6332720588235294	0.14557926829268292	0.6332720588235294
11	0.17416158536585366	1.1832107843137254	0.041539634146341466	1.1832107843137254
11	1.833841463414634	1.1969975490196079	0.0861280487804878	1.1969975490196079
3	1.1993140243902438	1.0520833333333333	0.4493140243902439	1.0520833333333333
0	0.5910823170731707	0.3166360294117647	0.14557926829268292	0.13878676470588236
11	0.08708079268292683	0.5916053921568627	0.041539634146341466	0.11519607843137254
11	0.916920731707317	0.5984987745098039	0.0861280487804878	0.12408088235294118
3	0.5996570121951219	0.5260416666666666	0.4493140243902439	0.12990196078431374
0	0.5910823170731707	0.3166360294117647	0.14557926829268292	0.13878676470588236
11	0.08708079268292683	0.5916053921568627	0.041539634146341466	0.11519607843137254
8	0.5817454268292683	0.32965686274509803	0.17873475609756098	0.15502450980392157
10	0.08708079268292683	0.5916053921568627	0.041539634146341466	0.11519607843137254
3	0.5996570121951219	0.5260416666666666	0.4493140243902439	0.12990196078431374
12	0.916920731707317	0.5984987745098039	0.0861280487804878	0.12408088235294118
7	0.33384146341463417	0.4518995098039216	0.14329268292682926	0.08026960784313726
