11	1.2352430555555556	0.47291666666666665	0.0859375	0.47291666666666665
11	0.6223958333333334	0.49895833333333334	0.1284722222222222	0.49895833333333334
11	1.8211805555555556	1.7118055555555556	0.04079861111111111	1.7118055555555556
11	1.8433159722222223	1.6965277777777779	0.053385416666666664	1.6965277777777779
13	0.5533854166666666	0.9225694444444444	0.22526041666666666	0.9225694444444444
13	1.3654513888888888	0.6628472222222223	0.1440972222222222	0.6628472222222223
13	1.4739583333333333	0.9038194444444444	0.044270833333333336	0.9038194444444444
11	1.2352430555555556	0.47291666666666665	0.0859375	0.47291666666666665
11	0.6223958333333334	0.49895833333333334	0.1284722222222222	0.49895833333333334
11	1.8211805555555556	1.7118055555555556	0.04079861111111111	1.7118055555555556
11	1.8433159722222223	1.6965277777777779	0.053385416666666664	1.6965277777777779
13	0.5533854166666666	0.9225694444444444	0.22526041666666666	0.9225694444444444
13	1.3654513888888888	0.6628472222222223	0.1440972222222222	0.6628472222222223
13	1.4739583333333333	0.9038194444444444	0.044270833333333336	0.9038194444444444
11	0.6176215277777778	0.23645833333333333	0.0859375	0.022916666666666665
11	0.3111979166666667	0.24947916666666667	0.1284722222222222	0.04618055555555556
11	0.9105902777777778	0.8559027777777778	0.04079861111111111	0.04583333333333333
11	0.9216579861111112	0.8482638888888889	0.053385416666666664	0.10694444444444444
13	0.2766927083333333	0.4612847222222222	0.22526041666666666	0.134375
13	0.6827256944444444	0.3314236111111111	0.1440972222222222	0.1267361111111111
13	0.7369791666666666	0.4519097222222222	0.044270833333333336	0.033680555555555554
11	0.6176215277777778	0.23645833333333333	0.0859375	0.022916666666666665
9	0.3237847222222222	0.4605902777777778	0.171875	0.16145833333333334
13	0.2766927083333333	0.4612847222222222	0.22526041666666666	0.134375
10	0.9216579861111112	0.8482638888888889	0.053385416666666664	0.10694444444444444
