0	1.1444015444015443	0.5216972034715526	0.11969111969111969	0.5216972034715526
13	0.43745173745173743	1.2452587592414015	0.10386100386100386	1.2452587592414015
13	1.4633204633204633	0.6258437801350049	0.08494208494208494	0.6258437801350049
0	1.1444015444015443	0.5216972034715526	0.11969111969111969	0.5216972034715526
13	0.43745173745173743	1.2452587592414015	0.10386100386100386	1.2452587592414015
13	1.4633204633204633	0.6258437801350049	0.08494208494208494	0.6258437801350049
13	0.21872586872586872	0.6226293796207008	0.10386100386100386	0.02700096432015429
13	0.7316602316602316	0.31292189006750243	0.08494208494208494	0.05625200900032144
0	0.5722007722007721	0.2608486017357763	0.11969111969111969	0.0935390549662488
0	0.5722007722007721	0.2608486017357763	0.11969111969111969	0.0935390549662488
11	0.1194980694980695	0.6951141112182578	0.05057915057915058	0.028608164577306333
13	0.21872586872586872	0.6226293796207008	0.10386100386100386	0.02700096432015429
10	0.1194980694980695	0.6951141112182578	0.05057915057915058	0.028608164577306333
