11	1.385643375334097	0.3589653967144355	0.2325315005727377	0.3589653967144355
11	0.699885452462772	0.376092275428172	0.19969453990072547	0.376092275428172
7	1.385643375334097	0.3589653967144355	0.2325315005727377	0.3589653967144355
7	0.699885452462772	0.376092275428172	0.19969453990072547	0.376092275428172
8	1.7380679648720885	1.1866480251660259	0.027491408934707903	1.1866480251660259
8	0.5463917525773195	0.4306186648025166	0.03245513554791905	0.4306186648025166
11	1.385643375334097	0.3589653967144355	0.2325315005727377	0.3589653967144355
11	0.699885452462772	0.376092275428172	0.19969453990072547	0.376092275428172
7	1.385643375334097	0.3589653967144355	0.2325315005727377	0.3589653967144355
7	0.699885452462772	0.376092275428172	0.19969453990072547	0.376092275428172
8	1.7380679648720885	1.1866480251660259	0.027491408934707903	1.1866480251660259
8	0.5463917525773195	0.4306186648025166	0.03245513554791905	0.4306186648025166
11	0.6928216876670485	0.17948269835721775	0.2325315005727377	0.1128975882558546
11	0.349942726231386	0.188046137714086	0.19969453990072547	0.1188395665851101
7	0.6928216876670485	0.17948269835721775	0.2325315005727377	0.1128975882558546
7	0.349942726231386	0.188046137714086	0.19969453990072547	0.1188395665851101
8	0.8690339824360442	0.5933240125830129	0.027491408934707903	0.028311779098217405
8	0.27319587628865977	0.2153093324012583	0.03245513554791905	0.027263194687172317
11	0.6928216876670485	0.17948269835721775	0.2325315005727377	0.1128975882558546
7	0.6928216876670485	0.17948269835721775	0.2325315005727377	0.1128975882558546
8	0.8690339824360442	0.5933240125830129	0.027491408934707903	0.028311779098217405
13	0.31099656357388317	0.6265291855994407	0.09201985490645284	0.08633344984271234
