7	0.7873003506038176	1.056631455399061	0.1460849240358395	1.056631455399061
12	0.5987534086482275	0.733274647887324	0.32684067004285156	0.733274647887324
12	1.489287105570705	0.6326291079812206	0.30970003895597975	0.6326291079812206
12	0.38371640046747174	1.4791666666666667	0.3432021815348656	1.4791666666666667
10	1.852356836774445	1.477699530516432	0.043241137514608494	1.477699530516432
11	1.852356836774445	1.477699530516432	0.043241137514608494	1.477699530516432
7	0.7873003506038176	1.056631455399061	0.1460849240358395	1.056631455399061
12	0.5987534086482275	0.733274647887324	0.32684067004285156	0.733274647887324
12	1.489287105570705	0.6326291079812206	0.30970003895597975	0.6326291079812206
12	0.38371640046747174	1.4791666666666667	0.3432021815348656	1.4791666666666667
10	1.852356836774445	1.477699530516432	0.043241137514608494	1.477699530516432
11	1.852356836774445	1.477699530516432	0.043241137514608494	1.477699530516432
7	0.3936501753019088	0.5283157276995305	0.1460849240358395	0.21038732394366197
12	0.29937670432411373	0.366637323943662	0.32684067004285156	0.2262323943661972
12	0.7446435527853525	0.3163145539906103	0.30970003895597975	0.22711267605633803
12	0.19185820023373587	0.7395833333333334	0.3432021815348656	0.238556338028169
10	0.9261784183872225	0.738849765258216	0.043241137514608494	0.058098591549295774
11	0.9261784183872225	0.738849765258216	0.043241137514608494	0.058098591549295774
7	0.3936501753019088	0.5283157276995305	0.1460849240358395	0.21038732394366197
12	0.29937670432411373	0.366637323943662	0.32684067004285156	0.2262323943661972
10	0.9261784183872225	0.738849765258216	0.043241137514608494	0.058098591549295774
11	0.9261784183872225	0.738849765258216	0.043241137514608494	0.058098591549295774
1	0.3936501753019088	0.5283157276995305	0.1460849240358395	0.21038732394366197
