11	1.271112600536193	0.5582107843137255	0.10221179624664879	0.5582107843137255
11	1.5479222520107239	0.5848651960784313	0.08746648793565684	0.5848651960784313
3	1.145107238605898	1.5422794117647058	0.4252680965147453	1.5422794117647058
11	1.271112600536193	0.5582107843137255	0.10221179624664879	0.5582107843137255
11	1.5479222520107239	0.5848651960784313	0.08746648793565684	0.5848651960784313
3	1.145107238605898	1.5422794117647058	0.4252680965147453	1.5422794117647058
11	0.6355563002680965	0.27910539215686275	0.10221179624664879	0.044730392156862746
11	0.7739611260053619	0.2924325980392157	0.08746648793565684	0.06341911764705882
3	0.572553619302949	0.7711397058823529	0.4252680965147453	0.12438725490196079
3	0.572553619302949	0.7711397058823529	0.4252680965147453	0.12438725490196079
11	0.6355563002680965	0.27910539215686275	0.10221179624664879	0.044730392156862746
0	0.5831099195710456	0.4643075980392157	0.128686327077748	0.12714460784313725
