3	1.2666309012875536	1.273966165413534	0.476931330472103	1.273966165413534
11	0.7103004291845494	0.33270676691729323	0.1405579399141631	0.33270676691729323
11	1.5144849785407726	0.31954887218045114	0.08637339055793991	0.31954887218045114
0	1.2821888412017168	0.6884398496240601	0.13733905579399142	0.6884398496240601
3	1.2666309012875536	1.273966165413534	0.476931330472103	1.273966165413534
11	0.7103004291845494	0.33270676691729323	0.1405579399141631	0.33270676691729323
11	1.5144849785407726	0.31954887218045114	0.08637339055793991	0.31954887218045114
0	1.2821888412017168	0.6884398496240601	0.13733905579399142	0.6884398496240601
3	0.6333154506437768	0.636983082706767	0.476931330472103	0.14050751879699247
11	0.3551502145922747	0.16635338345864661	0.1405579399141631	0.06954887218045112
11	0.7572424892703863	0.15977443609022557	0.08637339055793991	0.04981203007518797
0	0.6410944206008584	0.34421992481203006	0.13733905579399142	0.15178571428571427
3	0.6333154506437768	0.636983082706767	0.476931330472103	0.14050751879699247
11	0.3551502145922747	0.16635338345864661	0.1405579399141631	0.06954887218045112
0	0.6410944206008584	0.34421992481203006	0.13733905579399142	0.15178571428571427
