2	1.2829787234042553	0.5689594356261023	0.10085106382978723	0.5689594356261023
2	1.181276595744681	1.5865961199294532	0.33872340425531916	1.5865961199294532
2	1.2506382978723405	0.6208112874779541	0.14851063829787234	0.6208112874779541
5	1.6391489361702127	1.365432098765432	0.20085106382978724	1.365432098765432
5	0.3276595744680851	1.4324514991181658	0.2119148936170213	1.4324514991181658
2	1.2829787234042553	0.5689594356261023	0.10085106382978723	0.5689594356261023
2	1.181276595744681	1.5865961199294532	0.33872340425531916	1.5865961199294532
2	1.2506382978723405	0.6208112874779541	0.14851063829787234	0.6208112874779541
5	1.6391489361702127	1.365432098765432	0.20085106382978724	1.365432098765432
5	0.3276595744680851	1.4324514991181658	0.2119148936170213	1.4324514991181658
2	0.6414893617021277	0.28447971781305115	0.10085106382978723	0.06948853615520283
2	0.5906382978723405	0.7932980599647266	0.33872340425531916	0.12345679012345678
2	0.6253191489361702	0.31040564373897706	0.14851063829787234	0.17918871252204585
5	0.8195744680851064	0.682716049382716	0.20085106382978724	0.3255731922398589
5	0.16382978723404254	0.7162257495590829	0.2119148936170213	0.19858906525573192
2	0.6414893617021277	0.28447971781305115	0.10085106382978723	0.06948853615520283
11	0.8787234042553191	0.827336860670194	0.10638297872340426	0.10123456790123457
5	0.8195744680851064	0.682716049382716	0.20085106382978724	0.3255731922398589
3	0.6393617021276595	0.6996472663139329	0.5034042553191489	0.29171075837742505
