9	0.4779735682819383	1.3580572289156627	0.28634361233480177	1.3580572289156627
9	0.7518355359765051	1.1246234939759037	0.14390602055800295	1.1246234939759037
8	1.6806167400881058	1.0865963855421688	0.04405286343612335	1.0865963855421688
10	0.5587371512481645	1.3204066265060241	0.328928046989721	1.3204066265060241
9	0.4779735682819383	1.3580572289156627	0.28634361233480177	1.3580572289156627
9	0.7518355359765051	1.1246234939759037	0.14390602055800295	1.1246234939759037
8	1.6806167400881058	1.0865963855421688	0.04405286343612335	1.0865963855421688
10	0.5587371512481645	1.3204066265060241	0.328928046989721	1.3204066265060241
9	0.23898678414096916	0.6790286144578314	0.28634361233480177	0.24134036144578314
9	0.37591776798825255	0.5623117469879518	0.14390602055800295	0.12688253012048192
8	0.8403083700440529	0.5432981927710844	0.04405286343612335	0.04216867469879518
10	0.27936857562408224	0.6602033132530121	0.328928046989721	0.2345632530120482
9	0.23898678414096916	0.6790286144578314	0.28634361233480177	0.24134036144578314
8	0.8403083700440529	0.5432981927710844	0.04405286343612335	0.04216867469879518
10	0.27936857562408224	0.6602033132530121	0.328928046989721	0.2345632530120482
11	0.3146108663729809	0.14175451807228914	0.22540381791483113	0.05082831325301205
