11	1.2704672096013716	0.4535967200894521	0.1363051864552079	0.4535967200894521
11	0.6459494213459066	0.33320909429742823	0.09301328761251608	0.33320909429742823
9	1.491213030432919	1.4103615355944839	0.24474924989284183	1.4103615355944839
11	1.2704672096013716	0.4535967200894521	0.1363051864552079	0.4535967200894521
11	0.6459494213459066	0.33320909429742823	0.09301328761251608	0.33320909429742823
9	1.491213030432919	1.4103615355944839	0.24474924989284183	1.4103615355944839
11	0.6352336048006858	0.22679836004472606	0.1363051864552079	0.11218784942228849
11	0.3229747106729533	0.16660454714871412	0.09301328761251608	0.02236302646291465
9	0.7456065152164595	0.7051807677972419	0.24474924989284183	0.24524785687663064
11	0.6352336048006858	0.22679836004472606	0.1363051864552079	0.11218784942228849
9	0.7456065152164595	0.7051807677972419	0.24474924989284183	0.24524785687663064
5	0.727818259751393	0.6912038762579202	0.327475353621946	0.26500186358553857
13	0.7826832404629233	0.5009317927692881	0.07715387912558937	0.013417815877748788
7	0.7359622803257608	0.6865449124114796	0.26318045435062154	0.2288483041371599
