0	1.130197396052079	0.8394415357766143	0.08441831163376733	0.8394415357766143
3	1.1747165056698865	1.4742582897033158	0.4758504829903402	1.4742582897033158
0	1.130197396052079	0.8394415357766143	0.08441831163376733	0.8394415357766143
3	1.1747165056698865	1.4742582897033158	0.4758504829903402	1.4742582897033158
3	0.5873582528349433	0.7371291448516579	0.4758504829903402	0.16535776614310646
0	0.5650986980260395	0.41972076788830714	0.08441831163376733	0.09336823734729494
0	0.5650986980260395	0.41972076788830714	0.08441831163376733	0.09336823734729494
3	0.5873582528349433	0.7371291448516579	0.4758504829903402	0.16535776614310646
11	0.5928181436371273	0.2513089005235602	0.04325913481730365	0.04013961605584642
13	0.22574548509029818	0.39659685863874344	0.08525829483410331	0.08551483420593368
