10	1.753326509723644	1.046008651199371	0.13510747185261002	1.046008651199371
10	1.4759467758444218	1.0247738891073535	0.4483111566018424	1.0247738891073535
4	1.4759467758444218	1.0247738891073535	0.4483111566018424	1.0247738891073535
4	1.538894575230297	1.0243806527723163	0.19191402251791198	1.0243806527723163
7	1.3428863868986693	0.38458513566653557	0.11770726714431934	0.38458513566653557
7	0.35516888433981575	0.966968147856862	0.1842374616171955	0.966968147856862
7	1.7610030706243602	1.0892646480534802	0.14278403275332652	1.0892646480534802
10	1.753326509723644	1.046008651199371	0.13510747185261002	1.046008651199371
10	1.4759467758444218	1.0247738891073535	0.4483111566018424	1.0247738891073535
4	1.4759467758444218	1.0247738891073535	0.4483111566018424	1.0247738891073535
4	1.538894575230297	1.0243806527723163	0.19191402251791198	1.0243806527723163
7	1.3428863868986693	0.38458513566653557	0.11770726714431934	0.38458513566653557
7	0.35516888433981575	0.966968147856862	0.1842374616171955	0.966968147856862
7	1.7610030706243602	1.0892646480534802	0.14278403275332652	1.0892646480534802
10	0.876663254861822	0.5230043255996855	0.13510747185261002	0.2595359811246559
10	0.7379733879222109	0.5123869445536767	0.4483111566018424	0.4097522611089265
4	0.7379733879222109	0.5123869445536767	0.4483111566018424	0.4097522611089265
4	0.7694472876151485	0.5121903263861581	0.19191402251791198	0.2788045615414864
7	0.6714431934493347	0.19229256783326779	0.11770726714431934	0.09123082972866693
7	0.17758444216990787	0.483484073928431	0.1842374616171955	0.18600078647267007
7	0.8805015353121801	0.5446323240267401	0.14278403275332652	0.2540306724341329
10	0.876663254861822	0.5230043255996855	0.13510747185261002	0.2595359811246559
4	0.7379733879222109	0.5123869445536767	0.4483111566018424	0.4097522611089265
7	0.6714431934493347	0.19229256783326779	0.11770726714431934	0.09123082972866693
11	0.7285056294779939	0.16417616987809674	0.21545547594677583	0.09398348407392842
