3	1.251908396946565	1.2151248164464024	0.4541984732824427	1.2151248164464024
9	0.5015267175572519	1.248898678414097	0.3183206106870229	1.248898678414097
9	1.900381679389313	1.2577092511013215	0.09427480916030534	1.2577092511013215
0	1.1522900763358779	0.6284875183553598	0.14465648854961832	0.6284875183553598
3	1.251908396946565	1.2151248164464024	0.4541984732824427	1.2151248164464024
9	0.5015267175572519	1.248898678414097	0.3183206106870229	1.248898678414097
9	1.900381679389313	1.2577092511013215	0.09427480916030534	1.2577092511013215
0	1.1522900763358779	0.6284875183553598	0.14465648854961832	0.6284875183553598
3	0.6259541984732825	0.6075624082232012	0.4541984732824427	0.24008810572687225
9	0.25076335877862593	0.6244493392070485	0.3183206106870229	0.22834067547723935
9	0.9501908396946565	0.6288546255506607	0.09427480916030534	0.5315712187958884
0	0.5761450381679389	0.3142437591776799	0.14465648854961832	0.13876651982378854
9	0.25076335877862593	0.6244493392070485	0.3183206106870229	0.22834067547723935
11	0.13034351145038167	0.5225770925110133	0.09580152671755725	0.10242290748898679
0	0.5761450381679389	0.3142437591776799	0.14465648854961832	0.13876651982378854
10	0.13034351145038167	0.5225770925110133	0.09580152671755725	0.10242290748898679
3	0.6259541984732825	0.6075624082232012	0.4541984732824427	0.24008810572687225
