8	0.5794270833333334	0.9864583333333333	0.029947916666666668	0.9864583333333333
8	1.5789930555555556	0.425	0.033854166666666664	0.425
8	1.8407118055555556	1.0072916666666667	0.020399305555555556	1.0072916666666667
8	0.9001736111111112	1.1131944444444444	0.04774305555555555	1.1131944444444444
8	1.6150173611111112	0.36354166666666665	0.031684027777777776	0.36354166666666665
0	1.2322048611111112	0.6211805555555555	0.11241319444444445	0.6211805555555555
8	0.5794270833333334	0.9864583333333333	0.029947916666666668	0.9864583333333333
8	1.5789930555555556	0.425	0.033854166666666664	0.425
8	1.8407118055555556	1.0072916666666667	0.020399305555555556	1.0072916666666667
8	0.9001736111111112	1.1131944444444444	0.04774305555555555	1.1131944444444444
8	1.6150173611111112	0.36354166666666665	0.031684027777777776	0.36354166666666665
0	1.2322048611111112	0.6211805555555555	0.11241319444444445	0.6211805555555555
0	0.6161024305555556	0.31059027777777776	0.11241319444444445	0.10104166666666667
8	0.2897135416666667	0.49322916666666666	0.029947916666666668	0.022569444444444444
8	0.7894965277777778	0.2125	0.033854166666666664	0.021527777777777778
8	0.9203559027777778	0.5036458333333333	0.020399305555555556	0.013541666666666667
8	0.4500868055555556	0.5565972222222222	0.04774305555555555	0.034027777777777775
8	0.8075086805555556	0.18177083333333333	0.031684027777777776	0.024652777777777777
8	0.2897135416666667	0.49322916666666666	0.029947916666666668	0.022569444444444444
7	0.8068576388888888	0.19809027777777777	0.06597222222222222	0.05659722222222222
9	0.7944878472222222	0.19739583333333333	0.04991319444444445	0.057291666666666664
13	0.2463107638888889	0.4654513888888889	0.0993923611111111	0.021180555555555557
0	0.6161024305555556	0.31059027777777776	0.11241319444444445	0.10104166666666667
