11	0.371626984	0.76121372	0.308333333	0.122031662
11	0.879761905	0.737631926	0.157142857	0.107189974
13	0.368452381	0.63555409	0.296428571	0.197889182
13	0.843055556	0.513522427	0.137698413	0.105540897
13	0.390873016	0.473120053	0.300793651	0.663918206
13	0.822619048	0.392974934	0.176190476	0.074208443
13	0.784126984	0.474439314	0.286507937	0.652044855
5	0.390873016	0.473120053	0.300793651	0.663918206
5	0.784126984	0.474439314	0.286507937	0.652044855
5	0.374007937	0.386708443	0.176587302	0.165897098
10	0.382738095	0.728726913	0.317857143	0.158641161
10	0.37718254	0.745217678	0.053571429	0.000989446
2	0.682936508	0.351088391	0.042063492	0.058377309
6	0.784126984	0.474439314	0.286507937	0.652044855
6	0.390873016	0.473120053	0.300793651	0.663918206
