2	1.1994437822804926	0.6050198150594451	0.05919745729042511	0.6050198150594451
5	0.5558204211362734	0.9729194187582563	0.28486293206197855	0.9729194187582563
5	1.5419149781485897	1.0323645970937914	0.2562574493444577	1.0323645970937914
2	1.1994437822804926	0.6050198150594451	0.05919745729042511	0.6050198150594451
5	0.5558204211362734	0.9729194187582563	0.28486293206197855	0.9729194187582563
5	1.5419149781485897	1.0323645970937914	0.2562574493444577	1.0323645970937914
5	0.2779102105681367	0.48645970937912814	0.28486293206197855	0.17569352708058125
5	0.7709574890742948	0.5161822985468957	0.2562574493444577	0.14861294583883752
2	0.5997218911402463	0.30250990752972257	0.05919745729042511	0.08058124174372523
2	0.5997218911402463	0.30250990752972257	0.05919745729042511	0.08058124174372523
5	0.2779102105681367	0.48645970937912814	0.28486293206197855	0.17569352708058125
