3	1.2011811023622048	1.2444661458333333	0.44448818897637793	1.2444661458333333
13	0.631496062992126	1.1979166666666667	0.15590551181102363	1.1979166666666667
13	0.5625984251968504	1.25390625	0.10118110236220472	1.25390625
0	1.1362204724409448	0.7493489583333334	0.10551181102362205	0.7493489583333334
3	1.2011811023622048	1.2444661458333333	0.44448818897637793	1.2444661458333333
13	0.631496062992126	1.1979166666666667	0.15590551181102363	1.1979166666666667
13	0.5625984251968504	1.25390625	0.10118110236220472	1.25390625
0	1.1362204724409448	0.7493489583333334	0.10551181102362205	0.7493489583333334
3	0.6005905511811024	0.6222330729166666	0.44448818897637793	0.10579427083333333
13	0.315748031496063	0.5989583333333334	0.15590551181102363	0.091796875
13	0.2812992125984252	0.626953125	0.10118110236220472	0.059244791666666664
0	0.5681102362204724	0.3746744791666667	0.10551181102362205	0.09765625
3	0.6005905511811024	0.6222330729166666	0.44448818897637793	0.10579427083333333
11	0.5860236220472441	0.22298177083333334	0.03346456692913386	0.01171875
13	0.315748031496063	0.5989583333333334	0.15590551181102363	0.091796875
2	0.5968503937007874	0.3583984375	0.02047244094488189	0.02734375
0	0.5681102362204724	0.3746744791666667	0.10551181102362205	0.09765625
