11	0.290414878397711	1.6662273476112026	0.05793991416309013	1.6662273476112026
11	0.7045779685264664	0.3848434925864909	0.17024320457796852	0.3848434925864909
7	0.6970672389127325	0.3561779242174629	0.20493562231759657	0.3561779242174629
10	0.32761087267525035	1.657660626029654	0.05436337625178827	1.657660626029654
11	0.290414878397711	1.6662273476112026	0.05793991416309013	1.6662273476112026
11	0.7045779685264664	0.3848434925864909	0.17024320457796852	0.3848434925864909
7	0.6970672389127325	0.3561779242174629	0.20493562231759657	0.3561779242174629
10	0.32761087267525035	1.657660626029654	0.05436337625178827	1.657660626029654
11	0.1452074391988555	0.8331136738056013	0.05793991416309013	0.09324546952224053
11	0.3522889842632332	0.19242174629324546	0.17024320457796852	0.07051070840197693
7	0.34853361945636624	0.17808896210873146	0.20493562231759657	0.08336079077429984
10	0.16380543633762518	0.828830313014827	0.05436337625178827	0.060955518945634266
11	0.1452074391988555	0.8331136738056013	0.05793991416309013	0.09324546952224053
7	0.34853361945636624	0.17808896210873146	0.20493562231759657	0.08336079077429984
10	0.16380543633762518	0.828830313014827	0.05436337625178827	0.060955518945634266
