7	1.30029296875	0.7184	0.24462890625	0.7184
4	1.30029296875	0.7184	0.24462890625	0.7184
11	0.091796875	1.7228	0.05859375	1.7228
11	1.74755859375	1.6284	0.04833984375	1.6284
10	1.74755859375	1.6284	0.04833984375	1.6284
10	0.091796875	1.7228	0.05859375	1.7228
7	1.30029296875	0.7184	0.24462890625	0.7184
4	1.30029296875	0.7184	0.24462890625	0.7184
11	0.091796875	1.7228	0.05859375	1.7228
11	1.74755859375	1.6284	0.04833984375	1.6284
10	1.74755859375	1.6284	0.04833984375	1.6284
10	0.091796875	1.7228	0.05859375	1.7228
7	0.650146484375	0.3592	0.24462890625	0.2976
4	0.650146484375	0.3592	0.24462890625	0.2976
11	0.0458984375	0.8614	0.05859375	0.0604
11	0.873779296875	0.8142	0.04833984375	0.0572
10	0.873779296875	0.8142	0.04833984375	0.0572
10	0.0458984375	0.8614	0.05859375	0.0604
7	0.650146484375	0.3592	0.24462890625	0.2976
4	0.650146484375	0.3592	0.24462890625	0.2976
11	0.0458984375	0.8614	0.05859375	0.0604
10	0.873779296875	0.8142	0.04833984375	0.0572
