11	1.4960843373493975	0.835093896713615	0.19006024096385543	0.835093896713615
11	0.7506024096385542	0.3494718309859155	0.21204819277108433	0.3494718309859155
7	0.7813253012048192	0.47681924882629106	0.20180722891566266	0.47681924882629106
13	0.7518072289156627	0.47857981220657275	0.12771084337349398	0.47857981220657275
13	1.5319277108433735	0.9131455399061033	0.13855421686746988	0.9131455399061033
13	1.5231927710843374	0.6085680751173709	0.08403614457831325	0.6085680751173709
2	1.575	0.9105046948356808	0.10692771084337349	0.9105046948356808
8	1.5319277108433735	0.9131455399061033	0.13855421686746988	0.9131455399061033
8	0.7168674698795181	1.301643192488263	0.11686746987951807	1.301643192488263
11	1.4960843373493975	0.835093896713615	0.19006024096385543	0.835093896713615
11	0.7506024096385542	0.3494718309859155	0.21204819277108433	0.3494718309859155
7	0.7813253012048192	0.47681924882629106	0.20180722891566266	0.47681924882629106
13	0.7518072289156627	0.47857981220657275	0.12771084337349398	0.47857981220657275
13	1.5319277108433735	0.9131455399061033	0.13855421686746988	0.9131455399061033
13	1.5231927710843374	0.6085680751173709	0.08403614457831325	0.6085680751173709
2	1.575	0.9105046948356808	0.10692771084337349	0.9105046948356808
8	1.5319277108433735	0.9131455399061033	0.13855421686746988	0.9131455399061033
8	0.7168674698795181	1.301643192488263	0.11686746987951807	1.301643192488263
11	0.7480421686746987	0.4175469483568075	0.19006024096385543	0.22241784037558684
11	0.3753012048192771	0.17473591549295775	0.21204819277108433	0.10651408450704225
7	0.3906626506024096	0.23840962441314553	0.20180722891566266	0.26261737089201875
13	0.3759036144578313	0.23928990610328638	0.12771084337349398	0.1335093896713615
13	0.7659638554216868	0.4565727699530516	0.13855421686746988	0.1437793427230047
13	0.7615963855421687	0.30428403755868544	0.08403614457831325	0.12089201877934272
2	0.7875	0.4552523474178404	0.10692771084337349	0.13879107981220656
8	0.7659638554216868	0.4565727699530516	0.13855421686746988	0.1437793427230047
8	0.35843373493975905	0.6508215962441315	0.11686746987951807	0.12969483568075119
11	0.7480421686746987	0.4175469483568075	0.19006024096385543	0.22241784037558684
0	0.5781626506024097	0.28389084507042256	0.09728915662650603	0.09008215962441314
7	0.3906626506024096	0.23840962441314553	0.20180722891566266	0.26261737089201875
13	0.3759036144578313	0.23928990610328638	0.12771084337349398	0.1335093896713615
2	0.7875	0.4552523474178404	0.10692771084337349	0.13879107981220656
8	0.7659638554216868	0.4565727699530516	0.13855421686746988	0.1437793427230047
