11	0.38688151	0.16389974	0.167643229	0.050455729
11	0.836914063	0.728678385	0.037760417	0.051757813
11	0.666178385	0.16031901	0.053710938	0.041341146
11	0.28141276	0.780924479	0.041341146	0.061848958
0	0.550130208	0.290364583	0.087890625	0.088541667
3	0.586425781	0.621419271	0.360351563	0.126302083
10	0.28141276	0.780924479	0.041341146	0.061848958
10	0.836914063	0.728678385	0.037760417	0.051757813
5	0.343261719	0.422200521	0.163085938	0.427083333
5	0.693522135	0.439127604	0.206705729	0.465494792
