7	0.7235243055555556	0.45902777777777776	0.10807291666666667	0.45902777777777776
8	0.7400173611111112	0.5020833333333333	0.09505208333333333	0.5020833333333333
3	1.0694444444444444	1.2739583333333333	0.4496527777777778	1.2739583333333333
9	0.5004340277777778	0.5194444444444445	0.03689236111111111	0.5194444444444445
9	0.7400173611111112	0.5020833333333333	0.09505208333333333	0.5020833333333333
7	0.7235243055555556	0.45902777777777776	0.10807291666666667	0.45902777777777776
8	0.7400173611111112	0.5020833333333333	0.09505208333333333	0.5020833333333333
3	1.0694444444444444	1.2739583333333333	0.4496527777777778	1.2739583333333333
9	0.5004340277777778	0.5194444444444445	0.03689236111111111	0.5194444444444445
9	0.7400173611111112	0.5020833333333333	0.09505208333333333	0.5020833333333333
7	0.3617621527777778	0.22951388888888888	0.10807291666666667	0.1625
8	0.3700086805555556	0.25104166666666666	0.09505208333333333	0.12361111111111112
3	0.5347222222222222	0.6369791666666667	0.4496527777777778	0.13159722222222223
9	0.2502170138888889	0.25972222222222224	0.03689236111111111	0.035416666666666666
9	0.3700086805555556	0.25104166666666666	0.09505208333333333	0.12361111111111112
3	0.5347222222222222	0.6369791666666667	0.4496527777777778	0.13159722222222223
9	0.2502170138888889	0.25972222222222224	0.03689236111111111	0.035416666666666666
7	0.3617621527777778	0.22951388888888888	0.10807291666666667	0.1625
8	0.3700086805555556	0.25104166666666666	0.09505208333333333	0.12361111111111112
0	0.5154079861111112	0.36875	0.1323784722222222	0.0798611111111111
