10	0.5708661417322834	1.03515625	0.3299212598425197	1.03515625
0	1.2177165354330708	0.5810546875	0.12480314960629921	0.5810546875
13	0.5933070866141732	0.7815755208333334	0.2248031496062992	0.7815755208333334
10	0.5708661417322834	1.03515625	0.3299212598425197	1.03515625
0	1.2177165354330708	0.5810546875	0.12480314960629921	0.5810546875
13	0.5933070866141732	0.7815755208333334	0.2248031496062992	0.7815755208333334
10	0.2854330708661417	0.517578125	0.3299212598425197	0.17317708333333334
0	0.6088582677165354	0.29052734375	0.12480314960629921	0.12727864583333334
13	0.2966535433070866	0.3907877604166667	0.2248031496062992	0.039388020833333336
13	0.2966535433070866	0.3907877604166667	0.2248031496062992	0.039388020833333336
9	0.30570866141732284	0.3919270833333333	0.2594488188976378	0.0390625
10	0.2854330708661417	0.517578125	0.3299212598425197	0.17317708333333334
0	0.6088582677165354	0.29052734375	0.12480314960629921	0.12727864583333334
