13	1.5049423393739703	1.1853555005305978	0.28747940691927515	1.1853555005305978
13	1.6441515650741352	1.0615493455960383	0.09884678747940692	1.0615493455960383
10	1.4662273476112027	1.3169437566324727	0.3385502471169687	1.3169437566324727
7	1.5049423393739703	1.1853555005305978	0.28747940691927515	1.1853555005305978
11	1.3500823723228994	0.438273788468341	0.16886326194398682	0.438273788468341
11	0.15197693574958815	1.6607711354793067	0.030065897858319604	1.6607711354793067
13	1.5049423393739703	1.1853555005305978	0.28747940691927515	1.1853555005305978
13	1.6441515650741352	1.0615493455960383	0.09884678747940692	1.0615493455960383
10	1.4662273476112027	1.3169437566324727	0.3385502471169687	1.3169437566324727
7	1.5049423393739703	1.1853555005305978	0.28747940691927515	1.1853555005305978
11	1.3500823723228994	0.438273788468341	0.16886326194398682	0.438273788468341
11	0.15197693574958815	1.6607711354793067	0.030065897858319604	1.6607711354793067
13	0.7524711696869851	0.5926777502652989	0.28747940691927515	0.20127343473646975
13	0.8220757825370676	0.5307746727980192	0.09884678747940692	0.025822426600636716
10	0.7331136738056013	0.6584718783162363	0.3385502471169687	0.3229571984435798
7	0.7524711696869851	0.5926777502652989	0.28747940691927515	0.20127343473646975
11	0.6750411861614497	0.2191368942341705	0.16886326194398682	0.03572691899540149
11	0.07598846787479407	0.8303855677396533	0.030065897858319604	0.03926423770781747
13	0.7524711696869851	0.5926777502652989	0.28747940691927515	0.20127343473646975
10	0.7331136738056013	0.6584718783162363	0.3385502471169687	0.3229571984435798
4	0.7469110378912686	0.5909090909090909	0.28212520593080725	0.22461973823841527
0	0.5599258649093904	0.3983020870180403	0.11820428336079078	0.11460912628227804
7	0.7524711696869851	0.5926777502652989	0.28747940691927515	0.20127343473646975
11	0.6750411861614497	0.2191368942341705	0.16886326194398682	0.03572691899540149
