8	0.793478261	0.532738095	0.027173913	0.022321429
8	0.819746377	0.418526786	0.027173913	0.021577381
8	0.90013587	0.660342262	0.041213768	0.023065476
8	0.30932971	0.377604167	0.050724638	0.052083333
8	0.801177536	0.488095238	0.08423913	0.052083333
8	0.379302536	0.349516369	0.082880435	0.044270833
8	0.449501812	0.496651786	0.055706522	0.043154762
8	0.83446558	0.460193452	0.060235507	0.037946429
13	0.344882246	0.362537202	0.168931159	0.24516369
13	0.822690217	0.463727679	0.112771739	0.099330357
2	0.367527174	0.345610119	0.206974638	0.224702381
2	0.822690217	0.463727679	0.112771739	0.099330357
