9	1.119140625	0.216796875	0.0703125	0.216796875
0	1.2076822916666667	0.5289713541666666	0.10416666666666667	0.5289713541666666
3	1.1735026041666667	1.0787760416666667	0.3349609375	1.0787760416666667
9	1.119140625	0.216796875	0.0703125	0.216796875
0	1.2076822916666667	0.5289713541666666	0.10416666666666667	0.5289713541666666
3	1.1735026041666667	1.0787760416666667	0.3349609375	1.0787760416666667
9	0.5595703125	0.1083984375	0.0703125	0.07291666666666667
0	0.6038411458333334	0.2644856770833333	0.10416666666666667	0.1279296875
3	0.5867513020833334	0.5393880208333334	0.3349609375	0.13346354166666666
9	0.5595703125	0.1083984375	0.0703125	0.07291666666666667
2	0.5595703125	0.1083984375	0.0703125	0.07291666666666667
0	0.6038411458333334	0.2644856770833333	0.10416666666666667	0.1279296875
3	0.5867513020833334	0.5393880208333334	0.3349609375	0.13346354166666666
