10	1.4704861111111112	1.0131944444444445	0.1987847222222222	1.0131944444444445
10	1.5095486111111112	1.0493055555555555	0.12760416666666666	1.0493055555555555
10	1.4704861111111112	1.0131944444444445	0.1987847222222222	1.0131944444444445
10	1.5095486111111112	1.0493055555555555	0.12760416666666666	1.0493055555555555
10	0.7352430555555556	0.5065972222222223	0.1987847222222222	0.2673611111111111
10	0.7547743055555556	0.5246527777777777	0.12760416666666666	0.07361111111111111
10	0.7352430555555556	0.5065972222222223	0.1987847222222222	0.2673611111111111
6	0.7217881944444444	0.44427083333333334	0.12239583333333333	0.090625
3	0.4915364583333333	0.4967013888888889	0.4092881944444444	0.1517361111111111
11	0.6714409722222222	0.1449652777777778	0.09461805555555555	0.07048611111111111
