8	0.815604151	0.391247183	0.041882876	0.052967693
8	0.32375834	0.446280992	0.033728688	0.036814425
8	0.257042254	0.511457551	0.040400297	0.045454545
8	0.179762787	0.620398197	0.045218681	0.049962434
8	0.751111935	0.451915853	0.192364715	0.54770849
8	0.712194218	0.418670173	0.047071905	0.058978212
8	0.271497405	0.466942149	0.199036323	0.419233659
8	0.743513714	0.527047333	0.040770941	0.03756574
8	0.788732394	0.629413974	0.04595997	0.06649136
8	0.344699778	0.368144252	0.04966642	0.060105184
8	0.313194959	0.630728775	0.031134173	0.047332832
0	0.604521868	0.321938392	0.091919941	0.123215627
7	0.74851742	0.476145755	0.160489251	0.483471074
7	0.271497405	0.466942149	0.199036323	0.419233659
