7	0.49184782608695654	0.5003810975609756	0.04891304347826087	0.5003810975609756
7	1.664855072463768	1.1703506097560976	0.14855072463768115	1.1703506097560976
9	0.7024456521739131	0.2652439024390244	0.02309782608695652	0.2652439024390244
9	0.5928442028985508	0.3757621951219512	0.0276268115942029	0.3757621951219512
9	0.5027173913043478	0.5022865853658537	0.03894927536231884	0.5022865853658537
7	0.49184782608695654	0.5003810975609756	0.04891304347826087	0.5003810975609756
7	1.664855072463768	1.1703506097560976	0.14855072463768115	1.1703506097560976
9	0.7024456521739131	0.2652439024390244	0.02309782608695652	0.2652439024390244
9	0.5928442028985508	0.3757621951219512	0.0276268115942029	0.3757621951219512
9	0.5027173913043478	0.5022865853658537	0.03894927536231884	0.5022865853658537
7	0.24592391304347827	0.2501905487804878	0.04891304347826087	0.03239329268292683
7	0.832427536231884	0.5851753048780488	0.14855072463768115	0.1291920731707317
9	0.35122282608695654	0.1326219512195122	0.02309782608695652	0.019054878048780487
9	0.2964221014492754	0.1878810975609756	0.0276268115942029	0.024390243902439025
9	0.2513586956521739	0.25114329268292684	0.03894927536231884	0.028201219512195123
13	0.24230072463768115	0.25552591463414637	0.05344202898550725	0.020198170731707318
8	0.35031702898550726	0.1328125	0.014039855072463768	0.010289634146341464
7	0.24592391304347827	0.2501905487804878	0.04891304347826087	0.03239329268292683
9	0.35122282608695654	0.1326219512195122	0.02309782608695652	0.019054878048780487
0	0.5387228260869565	0.3048780487804878	0.10280797101449275	0.1173780487804878
