7	0.5283464566929134	0.6780598958333334	0.1062992125984252	0.6780598958333334
6	0.5437007874015748	0.6842447916666666	0.12559055118110235	0.6842447916666666
7	0.5283464566929134	0.6780598958333334	0.1062992125984252	0.6780598958333334
6	0.5437007874015748	0.6842447916666666	0.12559055118110235	0.6842447916666666
7	0.2641732283464567	0.3390299479166667	0.1062992125984252	0.08626302083333333
6	0.2718503937007874	0.3421223958333333	0.12559055118110235	0.07356770833333333
7	0.2641732283464567	0.3390299479166667	0.1062992125984252	0.08626302083333333
11	0.356496062992126	0.13541666666666666	0.10354330708661418	0.01953125
3	0.5816929133858267	0.5940755208333334	0.4326771653543307	0.11783854166666667
6	0.2718503937007874	0.3421223958333333	0.12559055118110235	0.07356770833333333
0	0.5854330708661417	0.3072916666666667	0.1031496062992126	0.10481770833333333
