0	1.2045795795795795	0.6884848484848485	0.1204954954954955	0.6884848484848485
3	1.1948198198198199	1.2206060606060607	0.4222972972972973	1.2206060606060607
0	1.2045795795795795	0.6884848484848485	0.1204954954954955	0.6884848484848485
3	1.1948198198198199	1.2206060606060607	0.4222972972972973	1.2206060606060607
0	0.6022897897897898	0.34424242424242424	0.1204954954954955	0.15434343434343434
3	0.5974099099099099	0.6103030303030303	0.4222972972972973	0.16606060606060605
11	0.863551051051051	0.6274747474747475	0.05668168168168168	0.0703030303030303
10	0.863551051051051	0.6274747474747475	0.05668168168168168	0.0703030303030303
0	0.6022897897897898	0.34424242424242424	0.1204954954954955	0.15434343434343434
3	0.5974099099099099	0.6103030303030303	0.4222972972972973	0.16606060606060605
