11	0.7406639004149378	0.3738767650834403	0.11065006915629322	0.3738767650834403
11	1.2710926694329183	0.305198973042362	0.0739972337482711	0.305198973042362
0	1.2368603042876902	0.7047496790757382	0.11998616874135547	0.7047496790757382
11	0.7406639004149378	0.3738767650834403	0.11065006915629322	0.3738767650834403
11	1.2710926694329183	0.305198973042362	0.0739972337482711	0.305198973042362
0	1.2368603042876902	0.7047496790757382	0.11998616874135547	0.7047496790757382
11	0.3703319502074689	0.18693838254172016	0.11065006915629322	0.022785622593068038
11	0.6355463347164592	0.152599486521181	0.0739972337482711	0.018934531450577663
0	0.6184301521438451	0.3523748395378691	0.11998616874135547	0.13735558408215662
11	0.3703319502074689	0.18693838254172016	0.11065006915629322	0.022785622593068038
0	0.6184301521438451	0.3523748395378691	0.11998616874135547	0.13735558408215662
13	0.83298755186722	0.6856546854942234	0.0698478561549101	0.03048780487804878
7	0.5428769017980636	0.2365211810012837	0.12448132780082988	0.14698331193838254
9	0.49429460580912865	0.25802310654685495	0.1144536652835408	0.19191270860077023
