3	1.28076171875	1.2368	0.43896484375	1.2368
10	0.345703125	1.4608	0.0458984375	1.4608
10	1.8251953125	1.2864	0.0849609375	1.2864
11	1.8251953125	1.2864	0.0849609375	1.2864
11	0.345703125	1.4608	0.0458984375	1.4608
0	1.2275390625	0.798	0.095703125	0.798
3	1.28076171875	1.2368	0.43896484375	1.2368
10	0.345703125	1.4608	0.0458984375	1.4608
10	1.8251953125	1.2864	0.0849609375	1.2864
11	1.8251953125	1.2864	0.0849609375	1.2864
11	0.345703125	1.4608	0.0458984375	1.4608
0	1.2275390625	0.798	0.095703125	0.798
3	0.640380859375	0.6184	0.43896484375	0.1088
10	0.1728515625	0.7304	0.0458984375	0.056
10	0.91259765625	0.6432	0.0849609375	0.1024
11	0.91259765625	0.6432	0.0849609375	0.1024
11	0.1728515625	0.7304	0.0458984375	0.056
0	0.61376953125	0.399	0.095703125	0.0972
3	0.640380859375	0.6184	0.43896484375	0.1088
10	0.1728515625	0.7304	0.0458984375	0.056
11	0.91259765625	0.6432	0.0849609375	0.1024
0	0.61376953125	0.399	0.095703125	0.0972
7	0.91259765625	0.6432	0.0849609375	0.1024
