13	1.5477430555555556	1.1809027777777779	0.08072916666666667	1.1809027777777779
13	0.6401909722222222	0.4267361111111111	0.13758680555555555	0.4267361111111111
13	1.5802951388888888	1.0506944444444444	0.023003472222222224	1.0506944444444444
8	0.6401909722222222	0.4267361111111111	0.13758680555555555	0.4267361111111111
8	0.6336805555555556	0.48506944444444444	0.03732638888888889	0.48506944444444444
8	1.4735243055555556	0.5881944444444445	0.022135416666666668	0.5881944444444445
13	1.5477430555555556	1.1809027777777779	0.08072916666666667	1.1809027777777779
13	0.6401909722222222	0.4267361111111111	0.13758680555555555	0.4267361111111111
13	1.5802951388888888	1.0506944444444444	0.023003472222222224	1.0506944444444444
8	0.6401909722222222	0.4267361111111111	0.13758680555555555	0.4267361111111111
8	0.6336805555555556	0.48506944444444444	0.03732638888888889	0.48506944444444444
8	1.4735243055555556	0.5881944444444445	0.022135416666666668	0.5881944444444445
13	0.7738715277777778	0.5904513888888889	0.08072916666666667	0.040625
13	0.3200954861111111	0.21336805555555555	0.13758680555555555	0.0954861111111111
13	0.7901475694444444	0.5253472222222222	0.023003472222222224	0.034027777777777775
8	0.3200954861111111	0.21336805555555555	0.13758680555555555	0.0954861111111111
8	0.3168402777777778	0.24253472222222222	0.03732638888888889	0.02048611111111111
8	0.7367621527777778	0.29409722222222223	0.022135416666666668	0.027083333333333334
13	0.7738715277777778	0.5904513888888889	0.08072916666666667	0.040625
11	0.6302083333333334	0.1796875	0.1519097222222222	0.053125
9	0.7901475694444444	0.5253472222222222	0.023003472222222224	0.034027777777777775
8	0.3200954861111111	0.21336805555555555	0.13758680555555555	0.0954861111111111
2	0.3207465277777778	0.2171875	0.11284722222222222	0.07256944444444445
