13	0.779321618	0.539409666	0.151205558	0.104443724
13	0.86636698	0.683425235	0.055578259	0.04800519
11	0.34184716	0.162341875	0.14589293	0.024326954
11	0.74724152	0.167855984	0.119738455	0.036003892
8	0.812423376	0.666234187	0.066203515	0.037625689
8	0.194523907	0.537787869	0.038414385	0.029192345
8	0.321618308	0.649205319	0.062934205	0.056762893
8	0.209848794	0.658773922	0.053534941	0.033084658
8	0.414997957	0.41485566	0.140171639	0.269218294
8	0.331426236	0.687804087	0.06129955	0.04768083
7	0.414997957	0.41485566	0.140171639	0.269218294
7	0.256027789	0.484755109	0.394360441	0.589361012
