10	0.2868923611111111	1.2399305555555555	0.08289930555555555	1.2399305555555555
10	1.7022569444444444	1.3083333333333333	0.08854166666666667	1.3083333333333333
11	0.2868923611111111	1.2399305555555555	0.08289930555555555	1.2399305555555555
11	0.6861979166666666	0.3875	0.13932291666666666	0.3875
11	1.7022569444444444	1.3083333333333333	0.08854166666666667	1.3083333333333333
0	1.2157118055555556	0.6260416666666667	0.10112847222222222	0.6260416666666667
10	0.2868923611111111	1.2399305555555555	0.08289930555555555	1.2399305555555555
10	1.7022569444444444	1.3083333333333333	0.08854166666666667	1.3083333333333333
11	0.2868923611111111	1.2399305555555555	0.08289930555555555	1.2399305555555555
11	0.6861979166666666	0.3875	0.13932291666666666	0.3875
11	1.7022569444444444	1.3083333333333333	0.08854166666666667	1.3083333333333333
0	1.2157118055555556	0.6260416666666667	0.10112847222222222	0.6260416666666667
10	0.14344618055555555	0.6199652777777778	0.08289930555555555	0.11701388888888889
10	0.8511284722222222	0.6541666666666667	0.08854166666666667	0.06805555555555555
11	0.14344618055555555	0.6199652777777778	0.08289930555555555	0.11701388888888889
11	0.3430989583333333	0.19375	0.13932291666666666	0.04097222222222222
11	0.8511284722222222	0.6541666666666667	0.08854166666666667	0.06805555555555555
0	0.6078559027777778	0.31302083333333336	0.10112847222222222	0.07395833333333333
10	0.14344618055555555	0.6199652777777778	0.08289930555555555	0.11701388888888889
11	0.14344618055555555	0.6199652777777778	0.08289930555555555	0.11701388888888889
0	0.6078559027777778	0.31302083333333336	0.10112847222222222	0.07395833333333333
