5	0.8362630208333334	0.6282552083333334	0.17220052083333334	0.6282552083333334
5	1.42578125	0.5908203125	0.13802083333333334	0.5908203125
7	0.8352864583333334	1.0071614583333333	0.10872395833333333	1.0071614583333333
3	1.2493489583333333	0.982421875	0.259765625	0.982421875
0	1.2194010416666667	0.4833984375	0.08203125	0.4833984375
5	0.8362630208333334	0.6282552083333334	0.17220052083333334	0.6282552083333334
5	1.42578125	0.5908203125	0.13802083333333334	0.5908203125
7	0.8352864583333334	1.0071614583333333	0.10872395833333333	1.0071614583333333
3	1.2493489583333333	0.982421875	0.259765625	0.982421875
0	1.2194010416666667	0.4833984375	0.08203125	0.4833984375
5	0.4181315104166667	0.3141276041666667	0.17220052083333334	0.3977864583333333
5	0.712890625	0.29541015625	0.13802083333333334	0.2952473958333333
7	0.4176432291666667	0.5035807291666666	0.10872395833333333	0.051432291666666664
3	0.6246744791666666	0.4912109375	0.259765625	0.11263020833333333
0	0.6097005208333334	0.24169921875	0.08203125	0.08040364583333333
5	0.4181315104166667	0.3141276041666667	0.17220052083333334	0.3977864583333333
7	0.4176432291666667	0.5035807291666666	0.10872395833333333	0.051432291666666664
11	0.33154296875	0.5467122395833334	0.0302734375	0.07259114583333333
3	0.6246744791666666	0.4912109375	0.259765625	0.11263020833333333
0	0.6097005208333334	0.24169921875	0.08203125	0.08040364583333333
10	0.33154296875	0.5467122395833334	0.0302734375	0.07259114583333333
4	0.4295247395833333	0.5040690104166666	0.1259765625	0.041341145833333336
