6	0.6325301204819277	0.6155295891443648	0.08012048192771085	0.6155295891443648
6	0.6481927710843374	1.055785902751602	0.13012048192771083	1.055785902751602
4	0.6692771084337349	1.2401055408970976	0.16626506024096385	1.2401055408970976
3	1.1313253012048192	1.4172634753109687	0.3746987951807229	1.4172634753109687
0	1.1180722891566266	0.7904259329061439	0.09036144578313253	0.7904259329061439
10	0.45602409638554214	1.3761779117979647	0.10180722891566266	1.3761779117979647
10	0.5876506024096385	1.3305691669807764	0.2063253012048193	1.3305691669807764
11	0.45602409638554214	1.3761779117979647	0.10180722891566266	1.3761779117979647
11	0.5837349397590361	0.681115718055032	0.1789156626506024	0.681115718055032
6	0.6325301204819277	0.6155295891443648	0.08012048192771085	0.6155295891443648
6	0.6481927710843374	1.055785902751602	0.13012048192771083	1.055785902751602
4	0.6692771084337349	1.2401055408970976	0.16626506024096385	1.2401055408970976
3	1.1313253012048192	1.4172634753109687	0.3746987951807229	1.4172634753109687
0	1.1180722891566266	0.7904259329061439	0.09036144578313253	0.7904259329061439
10	0.45602409638554214	1.3761779117979647	0.10180722891566266	1.3761779117979647
10	0.5876506024096385	1.3305691669807764	0.2063253012048193	1.3305691669807764
11	0.45602409638554214	1.3761779117979647	0.10180722891566266	1.3761779117979647
11	0.5837349397590361	0.681115718055032	0.1789156626506024	0.681115718055032
0	0.5590361445783133	0.39521296645307197	0.09036144578313253	0.12024123633622315
10	0.22801204819277107	0.6880889558989823	0.10180722891566266	0.10064078401809272
10	0.29382530120481926	0.6652845834903882	0.2063253012048193	0.3234074632491519
11	0.22801204819277107	0.6880889558989823	0.10180722891566266	0.10064078401809272
11	0.29186746987951806	0.340557859027516	0.1789156626506024	0.4044477949491142
6	0.31626506024096385	0.3077647945721824	0.08012048192771085	0.19035054655107425
6	0.3240963855421687	0.527892951375801	0.13012048192771083	0.20618168111571805
4	0.33463855421686745	0.6200527704485488	0.16626506024096385	0.11911044101017716
3	0.5656626506024096	0.7086317376554844	0.3746987951807229	0.14700339238597815
6	0.31626506024096385	0.3077647945721824	0.08012048192771085	0.19035054655107425
4	0.33463855421686745	0.6200527704485488	0.16626506024096385	0.11911044101017716
3	0.5656626506024096	0.7086317376554844	0.3746987951807229	0.14700339238597815
7	0.33463855421686745	0.6200527704485488	0.16626506024096385	0.11911044101017716
9	0.23825301204819277	0.49981153411232565	0.09698795180722891	0.28043724085940447
0	0.5590361445783133	0.39521296645307197	0.09036144578313253	0.12024123633622315
10	0.22801204819277107	0.6880889558989823	0.10180722891566266	0.10064078401809272
11	0.22801204819277107	0.6880889558989823	0.10180722891566266	0.10064078401809272
13	0.36069277108433734	0.4445910290237467	0.11837349397590362	0.06897851488880513
