12	0.5455871626549964	0.9184272300469484	0.40043763676148797	0.9184272300469484
8	1.512035010940919	0.5249413145539906	0.1925601750547046	0.5249413145539906
7	0.7560175054704595	0.8436032863849765	0.15207877461706784	0.8436032863849765
7	1.512035010940919	0.5249413145539906	0.1925601750547046	0.5249413145539906
7	0.8661560904449307	0.4665492957746479	0.16593727206418674	0.4665492957746479
10	0.26805251641137856	1.6631455399061033	0.12727935813274982	1.6631455399061033
10	0.16958424507658643	1.6681338028169015	0.05142231947483589	1.6681338028169015
10	0.5175054704595186	1.7417840375586855	0.38694383661560905	1.7417840375586855
11	0.16958424507658643	1.6681338028169015	0.05142231947483589	1.6681338028169015
11	0.26805251641137856	1.6631455399061033	0.12727935813274982	1.6631455399061033
12	0.5455871626549964	0.9184272300469484	0.40043763676148797	0.9184272300469484
8	1.512035010940919	0.5249413145539906	0.1925601750547046	0.5249413145539906
7	0.7560175054704595	0.8436032863849765	0.15207877461706784	0.8436032863849765
7	1.512035010940919	0.5249413145539906	0.1925601750547046	0.5249413145539906
7	0.8661560904449307	0.4665492957746479	0.16593727206418674	0.4665492957746479
10	0.26805251641137856	1.6631455399061033	0.12727935813274982	1.6631455399061033
10	0.16958424507658643	1.6681338028169015	0.05142231947483589	1.6681338028169015
10	0.5175054704595186	1.7417840375586855	0.38694383661560905	1.7417840375586855
11	0.16958424507658643	1.6681338028169015	0.05142231947483589	1.6681338028169015
11	0.26805251641137856	1.6631455399061033	0.12727935813274982	1.6631455399061033
12	0.2727935813274982	0.4592136150234742	0.40043763676148797	0.7106807511737089
8	0.7560175054704595	0.2624706572769953	0.1925601750547046	0.18632629107981222
7	0.37800875273522977	0.42180164319248825	0.15207877461706784	0.26848591549295775
7	0.7560175054704595	0.2624706572769953	0.1925601750547046	0.18632629107981222
7	0.43307804522246535	0.23327464788732394	0.16593727206418674	0.1936619718309859
10	0.13402625820568928	0.8315727699530516	0.12727935813274982	0.04636150234741784
10	0.08479212253829321	0.8340669014084507	0.05142231947483589	0.03726525821596244
10	0.2587527352297593	0.8708920187793427	0.38694383661560905	0.11384976525821597
11	0.08479212253829321	0.8340669014084507	0.05142231947483589	0.03726525821596244
11	0.13402625820568928	0.8315727699530516	0.12727935813274982	0.04636150234741784
12	0.2727935813274982	0.4592136150234742	0.40043763676148797	0.7106807511737089
8	0.7560175054704595	0.2624706572769953	0.1925601750547046	0.18632629107981222
7	0.37800875273522977	0.42180164319248825	0.15207877461706784	0.26848591549295775
9	0.3862144420131291	0.3591549295774648	0.16192560175054704	0.40199530516431925
10	0.13402625820568928	0.8315727699530516	0.12727935813274982	0.04636150234741784
11	0.08479212253829321	0.8340669014084507	0.05142231947483589	0.03726525821596244
