8	1.5707465277777777	0.6972222222222222	0.016927083333333332	0.6972222222222222
8	1.4205729166666667	0.6552083333333333	0.014322916666666666	0.6552083333333333
8	1.4704861111111112	1.3871527777777777	0.026909722222222224	1.3871527777777777
8	1.3953993055555556	0.5506944444444445	0.018663194444444444	0.5506944444444445
8	1.22265625	0.8510416666666667	0.017795138888888888	0.8510416666666667
8	1.4027777777777777	0.7527777777777778	0.013020833333333334	0.7527777777777778
8	1.5334201388888888	0.9836805555555556	0.018663194444444444	0.9836805555555556
8	1.2486979166666667	0.6913194444444445	0.017795138888888888	0.6913194444444445
8	1.5030381944444444	0.7878472222222223	0.016059027777777776	0.7878472222222223
2	1.4322916666666667	0.6350694444444445	0.20052083333333334	0.6350694444444445
2	1.5095486111111112	1.3802083333333333	0.10677083333333333	1.3802083333333333
2	1.5186631944444444	1.0444444444444445	0.0681423611111111	1.0444444444444445
8	1.5707465277777777	0.6972222222222222	0.016927083333333332	0.6972222222222222
8	1.4205729166666667	0.6552083333333333	0.014322916666666666	0.6552083333333333
8	1.4704861111111112	1.3871527777777777	0.026909722222222224	1.3871527777777777
8	1.3953993055555556	0.5506944444444445	0.018663194444444444	0.5506944444444445
8	1.22265625	0.8510416666666667	0.017795138888888888	0.8510416666666667
8	1.4027777777777777	0.7527777777777778	0.013020833333333334	0.7527777777777778
8	1.5334201388888888	0.9836805555555556	0.018663194444444444	0.9836805555555556
8	1.2486979166666667	0.6913194444444445	0.017795138888888888	0.6913194444444445
8	1.5030381944444444	0.7878472222222223	0.016059027777777776	0.7878472222222223
2	1.4322916666666667	0.6350694444444445	0.20052083333333334	0.6350694444444445
2	1.5095486111111112	1.3802083333333333	0.10677083333333333	1.3802083333333333
2	1.5186631944444444	1.0444444444444445	0.0681423611111111	1.0444444444444445
8	0.7853732638888888	0.3486111111111111	0.016927083333333332	0.010416666666666666
8	0.7102864583333334	0.32760416666666664	0.014322916666666666	0.010763888888888889
8	0.7352430555555556	0.6935763888888888	0.026909722222222224	0.02326388888888889
8	0.6976996527777778	0.27534722222222224	0.018663194444444444	0.015277777777777777
8	0.611328125	0.42552083333333335	0.017795138888888888	0.013541666666666667
8	0.7013888888888888	0.3763888888888889	0.013020833333333334	0.009027777777777777
8	0.7667100694444444	0.4918402777777778	0.018663194444444444	0.01423611111111111
8	0.6243489583333334	0.34565972222222224	0.017795138888888888	0.017708333333333333
8	0.7515190972222222	0.3939236111111111	0.016059027777777776	0.00798611111111111
2	0.7161458333333334	0.31753472222222223	0.20052083333333334	0.12048611111111111
2	0.7547743055555556	0.6901041666666666	0.10677083333333333	0.040625
2	0.7593315972222222	0.5222222222222223	0.0681423611111111	0.09652777777777778
8	0.7853732638888888	0.3486111111111111	0.016927083333333332	0.010416666666666666
2	0.7161458333333334	0.31753472222222223	0.20052083333333334	0.12048611111111111
13	0.7161458333333334	0.31753472222222223	0.20052083333333334	0.12048611111111111
