13	0.5887265135699373	0.5508729680915111	0.09603340292275574	0.5508729680915111
13	1.3319415448851775	1.0806742925948225	0.14265831593597772	1.0806742925948225
13	0.5034794711203897	0.7366044551475015	0.09777313848295059	0.7366044551475015
13	1.662839248434238	1.5722456351595424	0.022616562282533056	1.5722456351595424
13	0.5887265135699373	0.5508729680915111	0.09603340292275574	0.5508729680915111
13	1.3319415448851775	1.0806742925948225	0.14265831593597772	1.0806742925948225
13	0.5034794711203897	0.7366044551475015	0.09777313848295059	0.7366044551475015
13	1.662839248434238	1.5722456351595424	0.022616562282533056	1.5722456351595424
13	0.29436325678496866	0.27543648404575555	0.09603340292275574	0.09090909090909091
13	0.6659707724425887	0.5403371462974113	0.14265831593597772	0.10174593618302227
13	0.25173973556019485	0.36830222757375075	0.09777313848295059	0.062311860325105356
13	0.831419624217119	0.7861228175797712	0.022616562282533056	0.012944009632751354
13	0.29436325678496866	0.27543648404575555	0.09603340292275574	0.09090909090909091
2	0.831419624217119	0.7861228175797712	0.022616562282533056	0.012944009632751354
