11	1.240234375	0.2916	0.08203125	0.2916
11	0.49658203125	0.3352	0.07958984375	0.3352
11	0.615234375	0.2972	0.09765625	0.2972
0	1.01123046875	0.626	0.10205078125	0.626
11	1.240234375	0.2916	0.08203125	0.2916
11	0.49658203125	0.3352	0.07958984375	0.3352
11	0.615234375	0.2972	0.09765625	0.2972
0	1.01123046875	0.626	0.10205078125	0.626
11	0.6201171875	0.1458	0.08203125	0.0212
11	0.248291015625	0.1676	0.07958984375	0.0536
11	0.3076171875	0.1486	0.09765625	0.0188
0	0.505615234375	0.313	0.10205078125	0.0844
9	0.15478515625	0.7552	0.1748046875	0.1464
11	0.6201171875	0.1458	0.08203125	0.0212
0	0.505615234375	0.313	0.10205078125	0.0844
2	0.53369140625	0.3216	0.0439453125	0.0568
