0	1.114892060007318	0.7319223985890653	0.10428100987925357	0.7319223985890653
8	0.4665203073545554	0.7075837742504409	0.012074643249176729	0.7075837742504409
8	0.4621295279912184	0.6730158730158731	0.02451518477863154	0.6730158730158731
0	1.114892060007318	0.7319223985890653	0.10428100987925357	0.7319223985890653
8	0.4665203073545554	0.7075837742504409	0.012074643249176729	0.7075837742504409
8	0.4621295279912184	0.6730158730158731	0.02451518477863154	0.6730158730158731
0	0.557446030003659	0.36596119929453264	0.10428100987925357	0.08853615520282188
8	0.2332601536772777	0.35379188712522047	0.012074643249176729	0.009171075837742505
8	0.2310647639956092	0.33650793650793653	0.02451518477863154	0.021869488536155203
0	0.557446030003659	0.36596119929453264	0.10428100987925357	0.08853615520282188
8	0.2332601536772777	0.35379188712522047	0.012074643249176729	0.009171075837742505
