6	0.5542635658914729	1.1836804370092182	0.2167019027484144	1.1836804370092182
3	1.1645525017618041	1.206896551724138	0.4605355884425652	1.206896551724138
6	0.5542635658914729	1.1836804370092182	0.2167019027484144	1.1836804370092182
3	1.1645525017618041	1.206896551724138	0.4605355884425652	1.206896551724138
6	0.2771317829457364	0.5918402185046091	0.2167019027484144	0.24752475247524752
3	0.5822762508809021	0.603448275862069	0.4605355884425652	0.22226015705018778
6	0.2771317829457364	0.5918402185046091	0.2167019027484144	0.24752475247524752
0	0.5539112050739958	0.31802663024923183	0.10923185341789993	0.11710481392966883
3	0.5822762508809021	0.603448275862069	0.4605355884425652	0.22226015705018778
10	0.18551797040169132	0.7253328781153977	0.07646229739252995	0.0897917377944691
11	0.18551797040169132	0.7253328781153977	0.07646229739252995	0.0897917377944691
