11	1.4469401041666667	0.3440755208333333	0.0615234375	0.3440755208333333
11	0.6253255208333334	0.4521484375	0.0302734375	0.4521484375
11	1.3219401041666667	0.2877604166666667	0.07649739583333333	0.2877604166666667
13	0.7021484375	0.5201822916666666	0.058268229166666664	0.5201822916666666
11	1.4469401041666667	0.3440755208333333	0.0615234375	0.3440755208333333
11	0.6253255208333334	0.4521484375	0.0302734375	0.4521484375
11	1.3219401041666667	0.2877604166666667	0.07649739583333333	0.2877604166666667
13	0.7021484375	0.5201822916666666	0.058268229166666664	0.5201822916666666
11	0.7234700520833334	0.17203776041666666	0.0615234375	0.051106770833333336
11	0.3126627604166667	0.22607421875	0.0302734375	0.0283203125
11	0.6609700520833334	0.14388020833333334	0.07649739583333333	0.021484375
13	0.35107421875	0.2600911458333333	0.058268229166666664	0.051432291666666664
11	0.7234700520833334	0.17203776041666666	0.0615234375	0.051106770833333336
13	0.35107421875	0.2600911458333333	0.058268229166666664	0.051432291666666664
5	0.32568359375	0.5924479166666666	0.12532552083333334	0.099609375
