0	1.1250936329588015	0.6411365040148239	0.1101123595505618	0.6411365040148239
9	0.9322097378277153	1.0231624459542927	0.150187265917603	1.0231624459542927
3	1.1247191011235955	1.1235330450895615	0.39588014981273406	1.1235330450895615
0	1.1250936329588015	0.6411365040148239	0.1101123595505618	0.6411365040148239
9	0.9322097378277153	1.0231624459542927	0.150187265917603	1.0231624459542927
3	1.1247191011235955	1.1235330450895615	0.39588014981273406	1.1235330450895615
0	0.5625468164794007	0.32056825200741196	0.1101123595505618	0.11982705373687462
9	0.46610486891385766	0.5115812229771464	0.150187265917603	0.23996294008647312
3	0.5623595505617978	0.5617665225447808	0.39588014981273406	0.12291537986411365
0	0.5625468164794007	0.32056825200741196	0.1101123595505618	0.11982705373687462
9	0.46610486891385766	0.5115812229771464	0.150187265917603	0.23996294008647312
11	0.1453183520599251	0.5977455219271155	0.0299625468164794	0.06516368128474367
3	0.5623595505617978	0.5617665225447808	0.39588014981273406	0.12291537986411365
10	0.1453183520599251	0.5977455219271155	0.0299625468164794	0.06516368128474367
