10	1.4749348958333333	1.212890625	0.2516276041666667	1.212890625
13	1.2799479166666667	0.4072265625	0.015625	0.4072265625
13	1.5511067708333333	1.1819661458333333	0.054361979166666664	1.1819661458333333
13	1.4518229166666667	1.1494140625	0.12760416666666666	1.1494140625
10	1.4749348958333333	1.212890625	0.2516276041666667	1.212890625
13	1.2799479166666667	0.4072265625	0.015625	0.4072265625
13	1.5511067708333333	1.1819661458333333	0.054361979166666664	1.1819661458333333
13	1.4518229166666667	1.1494140625	0.12760416666666666	1.1494140625
10	0.7374674479166666	0.6064453125	0.2516276041666667	0.18359375
13	0.6399739583333334	0.20361328125	0.015625	0.13704427083333334
13	0.7755533854166666	0.5909830729166666	0.054361979166666664	0.015299479166666666
13	0.7259114583333334	0.57470703125	0.12760416666666666	0.047200520833333336
10	0.7374674479166666	0.6064453125	0.2516276041666667	0.18359375
13	0.6399739583333334	0.20361328125	0.015625	0.13704427083333334
0	0.564453125	0.3238932291666667	0.10026041666666667	0.09830729166666667
11	0.6354166666666666	0.15462239583333334	0.11848958333333333	0.049479166666666664
