13	0.4939236111111111	0.440625	0.10069444444444445	0.440625
13	0.6540798611111112	0.5576388888888889	0.08550347222222222	0.5576388888888889
13	0.34375	0.5440972222222222	0.03732638888888889	0.5440972222222222
2	0.6410590277777778	0.5975694444444445	0.09418402777777778	0.5975694444444445
13	0.4939236111111111	0.440625	0.10069444444444445	0.440625
13	0.6540798611111112	0.5576388888888889	0.08550347222222222	0.5576388888888889
13	0.34375	0.5440972222222222	0.03732638888888889	0.5440972222222222
2	0.6410590277777778	0.5975694444444445	0.09418402777777778	0.5975694444444445
13	0.24696180555555555	0.2203125	0.10069444444444445	0.06354166666666666
13	0.3270399305555556	0.27881944444444445	0.08550347222222222	0.13125
13	0.171875	0.2720486111111111	0.03732638888888889	0.026041666666666668
2	0.3205295138888889	0.29878472222222224	0.09418402777777778	0.159375
8	0.3270399305555556	0.27881944444444445	0.08550347222222222	0.13125
13	0.24696180555555555	0.2203125	0.10069444444444445	0.06354166666666666
2	0.3205295138888889	0.29878472222222224	0.09418402777777778	0.159375
