10	0.194824219	0.766927083	0.035481771	0.048177083
10	0.770507813	0.799153646	0.037760417	0.059895833
6	0.311523438	0.46077474	0.1484375	0.247070313
6	0.728190104	0.677571615	0.095703125	0.168945313
13	0.311523438	0.46077474	0.1484375	0.247070313
13	0.728190104	0.677571615	0.095703125	0.168945313
13	0.714518229	0.655761719	0.145833333	0.038085938
11	0.273925781	0.30843099	0.066731771	0.213867188
11	0.770507813	0.799153646	0.037760417	0.059895833
11	0.194824219	0.766927083	0.035481771	0.048177083
9	0.273925781	0.30843099	0.066731771	0.213867188
9	0.311523438	0.46077474	0.1484375	0.247070313
9	0.72639974	0.707356771	0.084960938	0.075520833
