8	0.6429024081115335	0.8042833607907743	0.2652091254752852	0.8042833607907743
13	1.405893536121673	0.4270181219110379	0.0985424588086185	0.4270181219110379
13	0.6539923954372624	1.2072487644151566	0.19771863117870722	1.2072487644151566
9	0.6308618504435995	0.8247116968698517	0.25570342205323193	0.8247116968698517
9	0.051330798479087454	1.370345963756178	0.044993662864385296	1.370345963756178
9	0.24017743979721165	1.070181219110379	0.024714828897338403	1.070181219110379
3	1.144169835234474	1.4945634266886325	0.4781368821292776	1.4945634266886325
8	0.6429024081115335	0.8042833607907743	0.2652091254752852	0.8042833607907743
13	1.405893536121673	0.4270181219110379	0.0985424588086185	0.4270181219110379
13	0.6539923954372624	1.2072487644151566	0.19771863117870722	1.2072487644151566
9	0.6308618504435995	0.8247116968698517	0.25570342205323193	0.8247116968698517
9	0.051330798479087454	1.370345963756178	0.044993662864385296	1.370345963756178
9	0.24017743979721165	1.070181219110379	0.024714828897338403	1.070181219110379
3	1.144169835234474	1.4945634266886325	0.4781368821292776	1.4945634266886325
8	0.32145120405576677	0.40214168039538717	0.2652091254752852	0.39505766062602965
13	0.7029467680608364	0.21350906095551894	0.0985424588086185	0.16935749588138385
13	0.3269961977186312	0.6036243822075783	0.19771863117870722	0.26754530477759475
9	0.3154309252217998	0.41235584843492584	0.25570342205323193	0.3812191103789127
9	0.025665399239543727	0.685172981878089	0.044993662864385296	0.385831960461285
9	0.12008871989860583	0.5350906095551895	0.024714828897338403	0.032948929159802305
3	0.572084917617237	0.7472817133443163	0.4781368821292776	0.14761120263591435
8	0.32145120405576677	0.40214168039538717	0.2652091254752852	0.39505766062602965
13	0.7029467680608364	0.21350906095551894	0.0985424588086185	0.16935749588138385
9	0.3154309252217998	0.41235584843492584	0.25570342205323193	0.3812191103789127
0	0.5730354879594424	0.31037891268533774	0.11565272496831432	0.1212520593080725
3	0.572084917617237	0.7472817133443163	0.4781368821292776	0.14761120263591435
2	0.5899873257287706	0.26738056013179573	0.03358681875792142	0.026688632619439868
