6	1.4383649822980367	0.6096774193548387	0.0814290312198262	0.6096774193548387
6	1.3926617315738654	0.37709677419354837	0.05568072095268748	0.37709677419354837
6	0.592854843900869	0.41580645161290325	0.045703250724171224	0.41580645161290325
7	0.576440296105568	0.38838709677419353	0.06984229159961378	0.38838709677419353
7	1.4859993562922433	0.5664516129032258	0.06147409076279369	0.5664516129032258
6	1.4383649822980367	0.6096774193548387	0.0814290312198262	0.6096774193548387
6	1.3926617315738654	0.37709677419354837	0.05568072095268748	0.37709677419354837
6	0.592854843900869	0.41580645161290325	0.045703250724171224	0.41580645161290325
7	0.576440296105568	0.38838709677419353	0.06984229159961378	0.38838709677419353
7	1.4859993562922433	0.5664516129032258	0.06147409076279369	0.5664516129032258
6	0.7191824911490183	0.30483870967741933	0.0814290312198262	0.09935483870967741
6	0.6963308657869327	0.18854838709677418	0.05568072095268748	0.057741935483870965
6	0.2964274219504345	0.20790322580645162	0.045703250724171224	0.038387096774193545
7	0.288220148052784	0.19419354838709676	0.06984229159961378	0.07096774193548387
7	0.7429996781461217	0.2832258064516129	0.06147409076279369	0.07354838709677419
6	0.7191824911490183	0.30483870967741933	0.0814290312198262	0.09935483870967741
13	0.7225619568715803	0.25725806451612904	0.09333762471837785	0.13516129032258065
7	0.288220148052784	0.19419354838709676	0.06984229159961378	0.07096774193548387
