5	0.7721354166666666	0.9396099024756189	0.19856770833333334	0.9396099024756189
5	1.5641276041666667	0.8923480870217554	0.1337890625	0.8923480870217554
13	0.7513020833333334	0.9024756189047262	0.10546875	0.9024756189047262
5	0.7721354166666666	0.9396099024756189	0.19856770833333334	0.9396099024756189
5	1.5641276041666667	0.8923480870217554	0.1337890625	0.8923480870217554
13	0.7513020833333334	0.9024756189047262	0.10546875	0.9024756189047262
5	0.3860677083333333	0.46980495123780946	0.19856770833333334	0.4452363090772693
5	0.7820638020833334	0.4461740435108777	0.1337890625	0.3754688672168042
13	0.3756510416666667	0.4512378094523631	0.10546875	0.035258814703675916
5	0.3860677083333333	0.46980495123780946	0.19856770833333334	0.4452363090772693
13	0.3756510416666667	0.4512378094523631	0.10546875	0.035258814703675916
0	0.5769856770833334	0.3413353338334584	0.16178385416666666	0.17554388597149287
