0	1.1171875	0.617687074829932	0.09375	0.617687074829932
13	0.791015625	0.48027210884353744	0.021484375	0.48027210884353744
13	1.34375	0.638095238095238	0.016276041666666668	0.638095238095238
5	1.333984375	0.9299319727891157	0.16276041666666666	0.9299319727891157
5	0.7242838541666666	0.8469387755102041	0.1748046875	0.8469387755102041
0	1.1171875	0.617687074829932	0.09375	0.617687074829932
13	0.791015625	0.48027210884353744	0.021484375	0.48027210884353744
13	1.34375	0.638095238095238	0.016276041666666668	0.638095238095238
5	1.333984375	0.9299319727891157	0.16276041666666666	0.9299319727891157
5	0.7242838541666666	0.8469387755102041	0.1748046875	0.8469387755102041
13	0.3955078125	0.24013605442176872	0.021484375	0.04421768707482993
13	0.671875	0.319047619047619	0.016276041666666668	0.01904761904761905
5	0.6669921875	0.46496598639455783	0.16276041666666666	0.3224489795918367
5	0.3621419270833333	0.42346938775510207	0.1748046875	0.2836734693877551
0	0.55859375	0.308843537414966	0.09375	0.1054421768707483
0	0.55859375	0.308843537414966	0.09375	0.1054421768707483
13	0.3955078125	0.24013605442176872	0.021484375	0.04421768707482993
5	0.6669921875	0.46496598639455783	0.16276041666666666	0.3224489795918367
