0	1.1202256944444444	0.46111111111111114	0.12803819444444445	0.46111111111111114
2	1.1158854166666667	0.5284722222222222	0.04991319444444445	0.5284722222222222
2	1.2890625	0.6888888888888889	0.05555555555555555	0.6888888888888889
0	1.1202256944444444	0.46111111111111114	0.12803819444444445	0.46111111111111114
2	1.1158854166666667	0.5284722222222222	0.04991319444444445	0.5284722222222222
2	1.2890625	0.6888888888888889	0.05555555555555555	0.6888888888888889
0	0.5601128472222222	0.23055555555555557	0.12803819444444445	0.12291666666666666
2	0.5579427083333334	0.2642361111111111	0.04991319444444445	0.034027777777777775
2	0.64453125	0.34444444444444444	0.05555555555555555	0.06041666666666667
9	0.5638020833333334	0.2690972222222222	0.03993055555555555	0.027777777777777776
0	0.5601128472222222	0.23055555555555557	0.12803819444444445	0.12291666666666666
2	0.5579427083333334	0.2642361111111111	0.04991319444444445	0.034027777777777775
