10	1.5537942664418212	1.1477272727272727	0.2836424957841484	1.1477272727272727
7	0.6583473861720067	0.794451871657754	0.25227655986509273	0.794451871657754
7	1.349072512647555	0.8863636363636364	0.13086003372681282	0.8863636363636364
4	0.5730185497470489	0.7827540106951871	0.1966273187183811	0.7827540106951871
10	1.5537942664418212	1.1477272727272727	0.2836424957841484	1.1477272727272727
7	0.6583473861720067	0.794451871657754	0.25227655986509273	0.794451871657754
7	1.349072512647555	0.8863636363636364	0.13086003372681282	0.8863636363636364
4	0.5730185497470489	0.7827540106951871	0.1966273187183811	0.7827540106951871
10	0.7768971332209106	0.5738636363636364	0.2836424957841484	0.5989304812834224
7	0.32917369308600336	0.397225935828877	0.25227655986509273	0.34725935828877
7	0.6745362563237775	0.4431818181818182	0.13086003372681282	0.125
4	0.28650927487352446	0.39137700534759357	0.1966273187183811	0.2767379679144385
4	0.28650927487352446	0.39137700534759357	0.1966273187183811	0.2767379679144385
11	0.6942664418212479	0.16677807486631016	0.1075885328836425	0.06550802139037433
10	0.7768971332209106	0.5738636363636364	0.2836424957841484	0.5989304812834224
7	0.32917369308600336	0.397225935828877	0.25227655986509273	0.34725935828877
8	0.2887015177065767	0.37633689839572193	0.18954468802698146	0.2266042780748663
