10	0.050200803	0.813934426	0.054216867	0.06147541
11	0.301455823	0.12602459	0.212349398	0.058606557
11	0.065512048	0.818237705	0.046686747	0.056147541
11	0.62248996	0.119877049	0.161646586	0.047131148
11	0.219126506	0.701229508	0.235441767	0.050819672
11	0.157379518	0.72397541	0.100903614	0.088934426
8	0.085090361	0.62807377	0.022590361	0.018442623
8	0.056726908	0.754303279	0.019076305	0.017622951
7	0.301455823	0.12602459	0.212349398	0.058606557
7	0.140060241	0.682581967	0.15562249	0.087295082
7	0.62248996	0.119877049	0.161646586	0.047131148
0	0.545933735	0.27192623	0.108935743	0.092213115
