11	0.57421875	0.21215277777777777	0.10980902777777778	0.21215277777777777
11	1.2725694444444444	0.24131944444444445	0.1440972222222222	0.24131944444444445
3	0.9626736111111112	1.3243055555555556	0.3871527777777778	1.3243055555555556
13	0.3203125	0.7079861111111111	0.03125	0.7079861111111111
11	0.57421875	0.21215277777777777	0.10980902777777778	0.21215277777777777
11	1.2725694444444444	0.24131944444444445	0.1440972222222222	0.24131944444444445
3	0.9626736111111112	1.3243055555555556	0.3871527777777778	1.3243055555555556
13	0.3203125	0.7079861111111111	0.03125	0.7079861111111111
11	0.287109375	0.10607638888888889	0.10980902777777778	0.03715277777777778
11	0.6362847222222222	0.12065972222222222	0.1440972222222222	0.058680555555555555
3	0.4813368055555556	0.6621527777777778	0.3871527777777778	0.12708333333333333
13	0.16015625	0.35399305555555555	0.03125	0.036458333333333336
11	0.287109375	0.10607638888888889	0.10980902777777778	0.03715277777777778
3	0.4813368055555556	0.6621527777777778	0.3871527777777778	0.12708333333333333
7	0.2703993055555556	0.5977430555555555	0.10677083333333333	0.12534722222222222
13	0.16015625	0.35399305555555555	0.03125	0.036458333333333336
9	0.2703993055555556	0.5977430555555555	0.10677083333333333	0.12534722222222222
8	0.16861979166666666	0.3559027777777778	0.03342013888888889	0.019444444444444445
