10	0.5859375	1.1402777777777777	0.2543402777777778	1.1402777777777777
4	0.5993923611111112	0.7065972222222222	0.2947048611111111	0.7065972222222222
4	0.6202256944444444	0.5881944444444445	0.1644965277777778	0.5881944444444445
9	0.4236111111111111	1.0048611111111112	0.09114583333333333	1.0048611111111112
9	0.6953125	0.9777777777777777	0.1388888888888889	0.9777777777777777
7	0.5963541666666666	0.8197916666666667	0.28125	0.8197916666666667
11	0.6723090277777778	0.2673611111111111	0.1957465277777778	0.2673611111111111
11	0.4752604166666667	0.39479166666666665	0.09071180555555555	0.39479166666666665
10	0.5859375	1.1402777777777777	0.2543402777777778	1.1402777777777777
4	0.5993923611111112	0.7065972222222222	0.2947048611111111	0.7065972222222222
4	0.6202256944444444	0.5881944444444445	0.1644965277777778	0.5881944444444445
9	0.4236111111111111	1.0048611111111112	0.09114583333333333	1.0048611111111112
9	0.6953125	0.9777777777777777	0.1388888888888889	0.9777777777777777
7	0.5963541666666666	0.8197916666666667	0.28125	0.8197916666666667
11	0.6723090277777778	0.2673611111111111	0.1957465277777778	0.2673611111111111
11	0.4752604166666667	0.39479166666666665	0.09071180555555555	0.39479166666666665
9	0.21180555555555555	0.5024305555555556	0.09114583333333333	0.06041666666666667
9	0.34765625	0.4888888888888889	0.1388888888888889	0.0875
7	0.2981770833333333	0.40989583333333335	0.28125	0.1607638888888889
11	0.3361545138888889	0.13368055555555555	0.1957465277777778	0.05625
11	0.23763020833333334	0.19739583333333333	0.09071180555555555	0.121875
10	0.29296875	0.5701388888888889	0.2543402777777778	0.20555555555555555
4	0.2996961805555556	0.3532986111111111	0.2947048611111111	0.35868055555555556
4	0.3101128472222222	0.29409722222222223	0.1644965277777778	0.13680555555555557
10	0.29296875	0.5701388888888889	0.2543402777777778	0.20555555555555555
4	0.2996961805555556	0.3532986111111111	0.2947048611111111	0.35868055555555556
12	0.3522135416666667	0.48975694444444445	0.13151041666666666	0.08506944444444445
13	0.3101128472222222	0.26371527777777776	0.23133680555555555	0.23506944444444444
9	0.21180555555555555	0.5024305555555556	0.09114583333333333	0.06041666666666667
7	0.2981770833333333	0.40989583333333335	0.28125	0.1607638888888889
11	0.3361545138888889	0.13368055555555555	0.1957465277777778	0.05625
