9	1.6571180555555556	0.9961805555555555	0.0625	0.9961805555555555
9	1.0355902777777777	0.6107638888888889	0.05295138888888889	0.6107638888888889
3	1.2977430555555556	1.0017361111111112	0.3958333333333333	1.0017361111111112
0	1.3133680555555556	0.471875	0.10503472222222222	0.471875
8	1.8333333333333333	1.0819444444444444	0.014756944444444444	1.0819444444444444
8	1.6571180555555556	0.9961805555555555	0.0625	0.9961805555555555
9	1.6571180555555556	0.9961805555555555	0.0625	0.9961805555555555
9	1.0355902777777777	0.6107638888888889	0.05295138888888889	0.6107638888888889
3	1.2977430555555556	1.0017361111111112	0.3958333333333333	1.0017361111111112
0	1.3133680555555556	0.471875	0.10503472222222222	0.471875
8	1.8333333333333333	1.0819444444444444	0.014756944444444444	1.0819444444444444
8	1.6571180555555556	0.9961805555555555	0.0625	0.9961805555555555
9	0.8285590277777778	0.49809027777777776	0.0625	0.04826388888888889
9	0.5177951388888888	0.30538194444444444	0.05295138888888889	0.26631944444444444
3	0.6488715277777778	0.5008680555555556	0.3958333333333333	0.10451388888888889
0	0.6566840277777778	0.2359375	0.10503472222222222	0.109375
8	0.9166666666666666	0.5409722222222222	0.014756944444444444	0.017361111111111112
8	0.8285590277777778	0.49809027777777776	0.0625	0.04826388888888889
9	0.8285590277777778	0.49809027777777776	0.0625	0.04826388888888889
3	0.6488715277777778	0.5008680555555556	0.3958333333333333	0.10451388888888889
0	0.6566840277777778	0.2359375	0.10503472222222222	0.109375
13	0.8285590277777778	0.49809027777777776	0.0625	0.04826388888888889
8	0.9166666666666666	0.5409722222222222	0.014756944444444444	0.017361111111111112
5	0.3576388888888889	0.45590277777777777	0.18836805555555555	0.14305555555555555
7	0.4900173611111111	0.3003472222222222	0.11631944444444445	0.25
