0	1.2085365853658536	0.632943143812709	0.09796747967479674	0.632943143812709
3	1.2321138211382114	1.3231605351170568	0.4215447154471545	1.3231605351170568
0	1.2085365853658536	0.632943143812709	0.09796747967479674	0.632943143812709
3	1.2321138211382114	1.3231605351170568	0.4215447154471545	1.3231605351170568
0	0.6042682926829268	0.3164715719063545	0.09796747967479674	0.11120401337792642
3	0.6160569105691057	0.6615802675585284	0.4215447154471545	0.17349498327759197
0	0.6042682926829268	0.3164715719063545	0.09796747967479674	0.11120401337792642
11	0.6546747967479675	0.10409698996655518	0.06463414634146342	0.020066889632107024
3	0.6160569105691057	0.6615802675585284	0.4215447154471545	0.17349498327759197
12	0.3223577235772358	0.10346989966555184	0.08699186991869919	0.040551839464882944
