10	0.5954861111111112	0.9225694444444444	0.2925347222222222	0.9225694444444444
10	0.2630208333333333	1.3097222222222222	0.11371527777777778	1.3097222222222222
10	0.4809027777777778	1.3409722222222222	0.3003472222222222	1.3409722222222222
4	0.5963541666666666	0.9506944444444444	0.19444444444444445	0.9506944444444444
4	0.5729166666666666	1.1982638888888888	0.19444444444444445	1.1982638888888888
7	0.39453125	1.1260416666666666	0.1254340277777778	1.1260416666666666
7	0.5403645833333334	0.690625	0.2877604166666667	0.690625
7	0.5963541666666666	0.9506944444444444	0.19444444444444445	0.9506944444444444
10	0.5954861111111112	0.9225694444444444	0.2925347222222222	0.9225694444444444
10	0.2630208333333333	1.3097222222222222	0.11371527777777778	1.3097222222222222
10	0.4809027777777778	1.3409722222222222	0.3003472222222222	1.3409722222222222
4	0.5963541666666666	0.9506944444444444	0.19444444444444445	0.9506944444444444
4	0.5729166666666666	1.1982638888888888	0.19444444444444445	1.1982638888888888
7	0.39453125	1.1260416666666666	0.1254340277777778	1.1260416666666666
7	0.5403645833333334	0.690625	0.2877604166666667	0.690625
7	0.5963541666666666	0.9506944444444444	0.19444444444444445	0.9506944444444444
10	0.2977430555555556	0.4612847222222222	0.2925347222222222	0.5204861111111111
10	0.13151041666666666	0.6548611111111111	0.11371527777777778	0.16458333333333333
10	0.2404513888888889	0.6704861111111111	0.3003472222222222	0.26875
4	0.2981770833333333	0.4753472222222222	0.19444444444444445	0.19652777777777777
4	0.2864583333333333	0.5991319444444444	0.19444444444444445	0.24965277777777778
7	0.197265625	0.5630208333333333	0.1254340277777778	0.23923611111111112
7	0.2701822916666667	0.3453125	0.2877604166666667	0.2746527777777778
7	0.2981770833333333	0.4753472222222222	0.19444444444444445	0.19652777777777777
7	0.197265625	0.5630208333333333	0.1254340277777778	0.23923611111111112
10	0.2977430555555556	0.4612847222222222	0.2925347222222222	0.5204861111111111
1	0.2977430555555556	0.4612847222222222	0.2925347222222222	0.5204861111111111
0	0.5217013888888888	0.34357638888888886	0.12239583333333333	0.06701388888888889
8	0.271484375	0.34375	0.24522569444444445	0.25416666666666665
3	0.5173611111111112	0.3498263888888889	0.11805555555555555	0.08020833333333334
4	0.2981770833333333	0.4753472222222222	0.19444444444444445	0.19652777777777777
