0	1.0645669291338582	0.4886067708333333	0.11181102362204724	0.4886067708333333
3	1.0633858267716536	0.87109375	0.38700787401574804	0.87109375
0	1.0645669291338582	0.4886067708333333	0.11181102362204724	0.4886067708333333
3	1.0633858267716536	0.87109375	0.38700787401574804	0.87109375
3	0.5316929133858268	0.435546875	0.38700787401574804	0.0390625
0	0.5322834645669291	0.24430338541666666	0.11181102362204724	0.11686197916666667
6	0.24645669291338582	0.3694661458333333	0.22125984251968503	0.17447916666666666
0	0.5322834645669291	0.24430338541666666	0.11181102362204724	0.11686197916666667
3	0.5316929133858268	0.435546875	0.38700787401574804	0.0390625
13	0.3389763779527559	0.2574869791666667	0.048818897637795275	0.06901041666666667
