7	1.5465494791666667	1.0947265625	0.0927734375	1.0947265625
7	0.6204427083333334	0.9339192708333334	0.19661458333333334	0.9339192708333334
3	1.1051432291666667	1.0589192708333333	0.3850911458333333	1.0589192708333333
6	1.5465494791666667	1.0947265625	0.0927734375	1.0947265625
6	0.6204427083333334	0.9339192708333334	0.19661458333333334	0.9339192708333334
9	1.5465494791666667	1.0947265625	0.0927734375	1.0947265625
9	0.6204427083333334	0.9339192708333334	0.19661458333333334	0.9339192708333334
7	1.5465494791666667	1.0947265625	0.0927734375	1.0947265625
7	0.6204427083333334	0.9339192708333334	0.19661458333333334	0.9339192708333334
3	1.1051432291666667	1.0589192708333333	0.3850911458333333	1.0589192708333333
6	1.5465494791666667	1.0947265625	0.0927734375	1.0947265625
6	0.6204427083333334	0.9339192708333334	0.19661458333333334	0.9339192708333334
9	1.5465494791666667	1.0947265625	0.0927734375	1.0947265625
9	0.6204427083333334	0.9339192708333334	0.19661458333333334	0.9339192708333334
7	0.7732747395833334	0.54736328125	0.0927734375	0.0947265625
7	0.3102213541666667	0.4669596354166667	0.19661458333333334	0.19954427083333334
3	0.5525716145833334	0.5294596354166666	0.3850911458333333	0.1220703125
6	0.7732747395833334	0.54736328125	0.0927734375	0.0947265625
6	0.3102213541666667	0.4669596354166667	0.19661458333333334	0.19954427083333334
9	0.7732747395833334	0.54736328125	0.0927734375	0.0947265625
9	0.3102213541666667	0.4669596354166667	0.19661458333333334	0.19954427083333334
9	0.7732747395833334	0.54736328125	0.0927734375	0.0947265625
7	0.7732747395833334	0.54736328125	0.0927734375	0.0947265625
3	0.5525716145833334	0.5294596354166666	0.3850911458333333	0.1220703125
6	0.7732747395833334	0.54736328125	0.0927734375	0.0947265625
5	0.3170572916666667	0.4427083333333333	0.18359375	0.22591145833333334
