13	0.5737847222222222	0.4527777777777778	0.20052083333333334	0.4527777777777778
11	1.37109375	0.23506944444444444	0.1228298611111111	0.23506944444444444
11	0.8723958333333334	0.21354166666666666	0.06597222222222222	0.21354166666666666
13	0.5737847222222222	0.4527777777777778	0.20052083333333334	0.4527777777777778
11	1.37109375	0.23506944444444444	0.1228298611111111	0.23506944444444444
11	0.8723958333333334	0.21354166666666666	0.06597222222222222	0.21354166666666666
13	0.2868923611111111	0.2263888888888889	0.20052083333333334	0.12916666666666668
11	0.685546875	0.11753472222222222	0.1228298611111111	0.030208333333333334
11	0.4361979166666667	0.10677083333333333	0.06597222222222222	0.022569444444444444
0	0.5512152777777778	0.25052083333333336	0.1015625	0.09340277777777778
11	0.685546875	0.11753472222222222	0.1228298611111111	0.030208333333333334
7	0.2775607638888889	0.21684027777777778	0.08984375	0.11631944444444445
13	0.2868923611111111	0.2263888888888889	0.20052083333333334	0.12916666666666668
6	0.2868923611111111	0.2263888888888889	0.20052083333333334	0.12916666666666668
