13	0.7784763313609467	0.4964788732394366	0.15273668639053253	0.4964788732394366
13	0.6017011834319527	1.308258642765685	0.03069526627218935	1.308258642765685
0	1.2585059171597632	0.6600512163892446	0.1364644970414201	0.6600512163892446
11	0.6960059171597633	0.3645966709346991	0.22485207100591717	0.3645966709346991
11	1.2925295857988166	0.3879641485275288	0.09578402366863906	0.3879641485275288
11	0.1926775147928994	1.6530089628681177	0.0654585798816568	1.6530089628681177
11	0.21856508875739644	1.5982714468629962	0.03439349112426036	1.5982714468629962
13	0.7784763313609467	0.4964788732394366	0.15273668639053253	0.4964788732394366
13	0.6017011834319527	1.308258642765685	0.03069526627218935	1.308258642765685
0	1.2585059171597632	0.6600512163892446	0.1364644970414201	0.6600512163892446
11	0.6960059171597633	0.3645966709346991	0.22485207100591717	0.3645966709346991
11	1.2925295857988166	0.3879641485275288	0.09578402366863906	0.3879641485275288
11	0.1926775147928994	1.6530089628681177	0.0654585798816568	1.6530089628681177
11	0.21856508875739644	1.5982714468629962	0.03439349112426036	1.5982714468629962
13	0.38923816568047337	0.2482394366197183	0.15273668639053253	0.12451984635083227
13	0.30085059171597633	0.6541293213828425	0.03069526627218935	0.14820742637644047
0	0.6292529585798816	0.3300256081946223	0.1364644970414201	0.15749039692701663
11	0.34800295857988167	0.18229833546734955	0.22485207100591717	0.10147247119078105
11	0.6462647928994083	0.1939820742637644	0.09578402366863906	0.07234314980793854
11	0.0963387573964497	0.8265044814340589	0.0654585798816568	0.08194622279129321
11	0.10928254437869822	0.7991357234314981	0.03439349112426036	0.07778489116517286
13	0.38923816568047337	0.2482394366197183	0.15273668639053253	0.12451984635083227
0	0.6292529585798816	0.3300256081946223	0.1364644970414201	0.15749039692701663
11	0.34800295857988167	0.18229833546734955	0.22485207100591717	0.10147247119078105
10	0.0963387573964497	0.8265044814340589	0.0654585798816568	0.08194622279129321
9	0.3032544378698225	0.7162291933418694	0.3039940828402367	0.17445582586427658
