12	0.5004340277777778	0.5243055555555556	0.3580729166666667	0.5243055555555556
13	1.3528645833333333	0.41909722222222223	0.2026909722222222	0.41909722222222223
13	0.6666666666666666	0.33194444444444443	0.09722222222222222	0.33194444444444443
12	0.5004340277777778	0.5243055555555556	0.3580729166666667	0.5243055555555556
13	1.3528645833333333	0.41909722222222223	0.2026909722222222	0.41909722222222223
13	0.6666666666666666	0.33194444444444443	0.09722222222222222	0.33194444444444443
12	0.2502170138888889	0.2621527777777778	0.3580729166666667	0.32222222222222224
13	0.6764322916666666	0.20954861111111112	0.2026909722222222	0.20034722222222223
13	0.3333333333333333	0.16597222222222222	0.09722222222222222	0.12152777777777778
12	0.2502170138888889	0.2621527777777778	0.3580729166666667	0.32222222222222224
13	0.6764322916666666	0.20954861111111112	0.2026909722222222	0.20034722222222223
6	0.6668836805555556	0.19809027777777777	0.2269965277777778	0.178125
11	0.036458333333333336	0.7652777777777777	0.06163194444444445	0.09236111111111112
