4	0.5902777777777778	0.8524305555555556	0.11371527777777778	0.8524305555555556
10	0.5008680555555556	1.1927083333333333	0.22135416666666666	1.1927083333333333
7	0.5377604166666666	0.8493055555555555	0.2348090277777778	0.8493055555555555
7	0.640625	0.35138888888888886	0.14583333333333334	0.35138888888888886
13	0.56640625	0.6753472222222222	0.12022569444444445	0.6753472222222222
13	0.4292534722222222	0.7753472222222222	0.12803819444444445	0.7753472222222222
4	0.5902777777777778	0.8524305555555556	0.11371527777777778	0.8524305555555556
10	0.5008680555555556	1.1927083333333333	0.22135416666666666	1.1927083333333333
7	0.5377604166666666	0.8493055555555555	0.2348090277777778	0.8493055555555555
7	0.640625	0.35138888888888886	0.14583333333333334	0.35138888888888886
13	0.56640625	0.6753472222222222	0.12022569444444445	0.6753472222222222
13	0.4292534722222222	0.7753472222222222	0.12803819444444445	0.7753472222222222
4	0.2951388888888889	0.4262152777777778	0.11371527777777778	0.23020833333333332
10	0.2504340277777778	0.5963541666666666	0.22135416666666666	0.14548611111111112
7	0.2688802083333333	0.42465277777777777	0.2348090277777778	0.2881944444444444
7	0.3203125	0.17569444444444443	0.14583333333333334	0.05
13	0.283203125	0.3376736111111111	0.12022569444444445	0.09270833333333334
13	0.2146267361111111	0.3876736111111111	0.12803819444444445	0.03229166666666667
4	0.2951388888888889	0.4262152777777778	0.11371527777777778	0.23020833333333332
10	0.2504340277777778	0.5963541666666666	0.22135416666666666	0.14548611111111112
7	0.2688802083333333	0.42465277777777777	0.2348090277777778	0.2881944444444444
13	0.283203125	0.3376736111111111	0.12022569444444445	0.09270833333333334
8	0.7647569444444444	0.6532986111111111	0.04513888888888889	0.03576388888888889
