0	1.254488680718189	0.736484189051343	0.13973458235753317	0.736484189051343
11	0.7853239656518345	0.3243794627677661	0.14754098360655737	0.3243794627677661
11	1.31615925058548	0.3094185651139068	0.1209992193598751	0.3094185651139068
3	1.2755659640905543	1.3250595035702142	0.40359094457455114	1.3250595035702142
0	1.254488680718189	0.736484189051343	0.13973458235753317	0.736484189051343
11	0.7853239656518345	0.3243794627677661	0.14754098360655737	0.3243794627677661
11	1.31615925058548	0.3094185651139068	0.1209992193598751	0.3094185651139068
3	1.2755659640905543	1.3250595035702142	0.40359094457455114	1.3250595035702142
0	0.6272443403590945	0.3682420945256715	0.13973458235753317	0.14144848690921455
11	0.39266198282591724	0.16218973138388304	0.14754098360655737	0.02788167290037402
11	0.65807962529274	0.1547092825569534	0.1209992193598751	0.0217613056783407
3	0.6377829820452772	0.6625297517851071	0.40359094457455114	0.14450867052023122
0	0.6272443403590945	0.3682420945256715	0.13973458235753317	0.14144848690921455
11	0.39266198282591724	0.16218973138388304	0.14754098360655737	0.02788167290037402
3	0.6377829820452772	0.6625297517851071	0.40359094457455114	0.14450867052023122
