3	1.1826771653543307	1.0501302083333333	0.4149606299212598	1.0501302083333333
13	1.3492125984251968	0.5963541666666666	0.03346456692913386	0.5963541666666666
13	0.662992125984252	0.5221354166666666	0.16377952755905512	0.5221354166666666
0	1.1641732283464568	0.5569661458333334	0.12401574803149606	0.5569661458333334
3	1.1826771653543307	1.0501302083333333	0.4149606299212598	1.0501302083333333
13	1.3492125984251968	0.5963541666666666	0.03346456692913386	0.5963541666666666
13	0.662992125984252	0.5221354166666666	0.16377952755905512	0.5221354166666666
0	1.1641732283464568	0.5569661458333334	0.12401574803149606	0.5569661458333334
3	0.5913385826771653	0.5250651041666666	0.4149606299212598	0.1015625
13	0.6746062992125984	0.2981770833333333	0.03346456692913386	0.14453125
13	0.331496062992126	0.2610677083333333	0.16377952755905512	0.173828125
0	0.5820866141732284	0.2784830729166667	0.12401574803149606	0.11555989583333333
3	0.5913385826771653	0.5250651041666666	0.4149606299212598	0.1015625
13	0.6746062992125984	0.2981770833333333	0.03346456692913386	0.14453125
0	0.5820866141732284	0.2784830729166667	0.12401574803149606	0.11555989583333333
6	0.331496062992126	0.2610677083333333	0.16377952755905512	0.173828125
