9	1.6354166666666667	1.454320987654321	0.022629310344827586	1.454320987654321
9	0.9432471264367817	0.9237654320987654	0.09770114942528736	0.9237654320987654
2	1.634698275862069	1.454320987654321	0.01903735632183908	1.454320987654321
9	1.6354166666666667	1.454320987654321	0.022629310344827586	1.454320987654321
9	0.9432471264367817	0.9237654320987654	0.09770114942528736	0.9237654320987654
2	1.634698275862069	1.454320987654321	0.01903735632183908	1.454320987654321
9	0.8177083333333334	0.7271604938271605	0.022629310344827586	0.027777777777777776
9	0.47162356321839083	0.4618827160493827	0.09770114942528736	0.5108024691358025
2	0.8173491379310345	0.7271604938271605	0.01903735632183908	0.02654320987654321
8	0.8177083333333334	0.7271604938271605	0.022629310344827586	0.027777777777777776
9	0.8177083333333334	0.7271604938271605	0.022629310344827586	0.027777777777777776
13	0.8153735632183908	0.7242283950617284	0.020114942528735632	0.03302469135802469
11	0.09195402298850575	0.7574074074074074	0.033764367816091954	0.05123456790123457
10	0.09195402298850575	0.7574074074074074	0.033764367816091954	0.05123456790123457
2	0.8173491379310345	0.7271604938271605	0.01903735632183908	0.02654320987654321
