0	1.1734992679355782	0.9613874345549738	0.14202049780380674	0.9613874345549738
3	1.1749633967789166	1.3704188481675392	0.4019033674963397	1.3704188481675392
0	1.1734992679355782	0.9613874345549738	0.14202049780380674	0.9613874345549738
3	1.1749633967789166	1.3704188481675392	0.4019033674963397	1.3704188481675392
0	0.5867496339677891	0.4806937172774869	0.14202049780380674	0.13743455497382198
3	0.5874816983894583	0.6852094240837696	0.4019033674963397	0.1695026178010471
0	0.5867496339677891	0.4806937172774869	0.14202049780380674	0.13743455497382198
9	0.4732796486090776	0.5842604712041884	0.10102489019033675	0.19600785340314136
3	0.5874816983894583	0.6852094240837696	0.4019033674963397	0.1695026178010471
7	0.26299414348462663	0.6384162303664922	0.2661054172767203	0.14659685863874344
