13	0.299967448	0.241699219	0.031575521	0.043945313
13	0.225260417	0.632486979	0.044270833	0.083333333
13	0.30061849	0.352701823	0.105794271	0.076497396
13	0.714355469	0.341796875	0.124023438	0.108072917
8	0.631022135	0.376953125	0.086914063	0.098307292
8	0.419596354	0.368977865	0.046875	0.079752604
8	0.376464844	0.442871094	0.092773438	0.091471354
7	0.459798177	0.270833333	0.052408854	0.106770833
7	0.227376302	0.586751302	0.073242188	0.166992188
7	0.431315104	0.348632813	0.072916667	0.092447917
7	0.225260417	0.632486979	0.044270833	0.083333333
9	0.631022135	0.376953125	0.086914063	0.098307292
9	0.413574219	0.370768229	0.071940104	0.0703125
9	0.459798177	0.270833333	0.052408854	0.106770833
0	0.571126302	0.293945313	0.103190104	0.12109375
