0	1.0784505208333333	0.5895182291666666	0.10188802083333333	0.5895182291666666
11	1.1969401041666667	0.3134765625	0.12076822916666667	0.3134765625
11	0.6826171875	0.3160807291666667	0.13248697916666666	0.3160807291666667
0	1.0784505208333333	0.5895182291666666	0.10188802083333333	0.5895182291666666
11	1.1969401041666667	0.3134765625	0.12076822916666667	0.3134765625
11	0.6826171875	0.3160807291666667	0.13248697916666666	0.3160807291666667
0	0.5392252604166666	0.2947591145833333	0.10188802083333333	0.10123697916666667
11	0.5984700520833334	0.15673828125	0.12076822916666667	0.0244140625
11	0.34130859375	0.15804036458333334	0.13248697916666666	0.031575520833333336
0	0.5392252604166666	0.2947591145833333	0.10188802083333333	0.10123697916666667
11	0.5984700520833334	0.15673828125	0.12076822916666667	0.0244140625
3	0.5361328125	0.5587565104166666	0.3274739583333333	0.08626302083333333
