13	1.4098686828491842	0.5071819425444597	0.040986868284918425	0.5071819425444597
13	0.5463589335455631	0.6203830369357045	0.2455232789494628	0.6203830369357045
13	1.3569438917628334	0.47024623803009574	0.07560684440907282	0.47024623803009574
6	0.5463589335455631	0.6203830369357045	0.2455232789494628	0.6203830369357045
13	1.4098686828491842	0.5071819425444597	0.040986868284918425	0.5071819425444597
13	0.5463589335455631	0.6203830369357045	0.2455232789494628	0.6203830369357045
13	1.3569438917628334	0.47024623803009574	0.07560684440907282	0.47024623803009574
6	0.5463589335455631	0.6203830369357045	0.2455232789494628	0.6203830369357045
13	0.7049343414245921	0.25359097127222985	0.040986868284918425	0.04411764705882353
13	0.27317946677278154	0.31019151846785226	0.2455232789494628	0.23666210670314639
13	0.6784719458814167	0.23512311901504787	0.07560684440907282	0.09131326949384405
6	0.27317946677278154	0.31019151846785226	0.2455232789494628	0.23666210670314639
7	0.3014325507361719	0.2814637482900137	0.17309988062077197	0.19220246238030095
13	0.7049343414245921	0.25359097127222985	0.040986868284918425	0.04411764705882353
5	0.27317946677278154	0.31019151846785226	0.2455232789494628	0.23666210670314639
6	0.27317946677278154	0.31019151846785226	0.2455232789494628	0.23666210670314639
