7	1.3017578125	1.1197916666666667	0.12467447916666667	1.1197916666666667
11	0.4140625	1.4052734375	0.026041666666666668	1.4052734375
11	1.5026041666666667	1.44140625	0.025390625	1.44140625
10	0.4140625	1.4052734375	0.026041666666666668	1.4052734375
10	1.5026041666666667	1.44140625	0.025390625	1.44140625
6	1.283203125	1.1194661458333333	0.095703125	1.1194661458333333
7	1.3017578125	1.1197916666666667	0.12467447916666667	1.1197916666666667
11	0.4140625	1.4052734375	0.026041666666666668	1.4052734375
11	1.5026041666666667	1.44140625	0.025390625	1.44140625
10	0.4140625	1.4052734375	0.026041666666666668	1.4052734375
10	1.5026041666666667	1.44140625	0.025390625	1.44140625
6	1.283203125	1.1194661458333333	0.095703125	1.1194661458333333
11	0.20703125	0.70263671875	0.026041666666666668	0.0322265625
11	0.7513020833333334	0.720703125	0.025390625	0.040364583333333336
10	0.20703125	0.70263671875	0.026041666666666668	0.0322265625
10	0.7513020833333334	0.720703125	0.025390625	0.040364583333333336
6	0.6416015625	0.5597330729166666	0.095703125	0.12858072916666666
7	0.65087890625	0.5598958333333334	0.12467447916666667	0.123046875
13	0.646484375	0.5621744791666666	0.10546875	0.12044270833333333
7	0.65087890625	0.5598958333333334	0.12467447916666667	0.123046875
11	0.20703125	0.70263671875	0.026041666666666668	0.0322265625
10	0.20703125	0.70263671875	0.026041666666666668	0.0322265625
6	0.6416015625	0.5597330729166666	0.095703125	0.12858072916666666
