11	1.2450361010830324	0.23604826546003016	0.11236462093862816	0.23604826546003016
11	0.6227436823104693	0.22662141779788839	0.2157039711191336	0.22662141779788839
3	1.1078519855595668	1.3042986425339367	0.440884476534296	1.3042986425339367
0	1.1042418772563176	0.5897435897435898	0.14124548736462095	0.5897435897435898
5	0.3583032490974729	0.9634238310708899	0.30234657039711194	0.9634238310708899
5	1.4291516245487366	1.0120663650075414	0.226985559566787	1.0120663650075414
11	1.2450361010830324	0.23604826546003016	0.11236462093862816	0.23604826546003016
11	0.6227436823104693	0.22662141779788839	0.2157039711191336	0.22662141779788839
3	1.1078519855595668	1.3042986425339367	0.440884476534296	1.3042986425339367
0	1.1042418772563176	0.5897435897435898	0.14124548736462095	0.5897435897435898
5	0.3583032490974729	0.9634238310708899	0.30234657039711194	0.9634238310708899
5	1.4291516245487366	1.0120663650075414	0.226985559566787	1.0120663650075414
11	0.6225180505415162	0.11802413273001508	0.11236462093862816	0.024132730015082957
11	0.31137184115523464	0.11331070889894419	0.2157039711191336	0.0614630467571644
3	0.5539259927797834	0.6521493212669683	0.440884476534296	0.1738310708898944
0	0.5521209386281588	0.2948717948717949	0.14124548736462095	0.11764705882352941
5	0.17915162454873645	0.48171191553544496	0.30234657039711194	0.42194570135746606
5	0.7145758122743683	0.5060331825037707	0.226985559566787	0.3778280542986425
11	0.6225180505415162	0.11802413273001508	0.11236462093862816	0.024132730015082957
3	0.5539259927797834	0.6521493212669683	0.440884476534296	0.1738310708898944
0	0.5521209386281588	0.2948717948717949	0.14124548736462095	0.11764705882352941
5	0.17915162454873645	0.48171191553544496	0.30234657039711194	0.42194570135746606
9	0.44675090252707583	0.40855957767722473	0.20397111913357402	0.6957013574660633
