3	1.1261448792672772	1.418139892390469	0.49084096586178183	1.418139892390469
3	1.1665278934221481	0.7705611068408916	0.11740216486261448	0.7705611068408916
0	1.1386344712739385	0.7797847809377402	0.13613655287260615	0.7797847809377402
3	1.1261448792672772	1.418139892390469	0.49084096586178183	1.418139892390469
3	1.1665278934221481	0.7705611068408916	0.11740216486261448	0.7705611068408916
0	1.1386344712739385	0.7797847809377402	0.13613655287260615	0.7797847809377402
3	0.5630724396336386	0.7090699461952344	0.49084096586178183	0.186010760953113
3	0.5832639467110741	0.3852805534204458	0.11740216486261448	0.13335895465026903
0	0.5693172356369692	0.3898923904688701	0.13613655287260615	0.1694850115295926
3	0.5630724396336386	0.7090699461952344	0.49084096586178183	0.186010760953113
0	0.5693172356369692	0.3898923904688701	0.13613655287260615	0.1694850115295926
