11	0.7792962077212162	0.49970657276995306	0.1158182439357704	0.49970657276995306
11	1.2347113085070038	0.49002347417840375	0.14075845575674753	0.49002347417840375
3	1.141441749231295	1.3832159624413145	0.3795695251110352	1.3832159624413145
11	0.7792962077212162	0.49970657276995306	0.1158182439357704	0.49970657276995306
11	1.2347113085070038	0.49002347417840375	0.14075845575674753	0.49002347417840375
3	1.141441749231295	1.3832159624413145	0.3795695251110352	1.3832159624413145
11	0.3896481038606081	0.24985328638497653	0.1158182439357704	0.0619131455399061
11	0.6173556542535019	0.24501173708920188	0.14075845575674753	0.029342723004694836
3	0.5707208746156475	0.6916079812206573	0.3795695251110352	0.13262910798122066
3	0.5707208746156475	0.6916079812206573	0.3795695251110352	0.13262910798122066
5	0.2939870174239836	0.5407863849765259	0.26545951486163305	0.38438967136150237
13	0.3349846258968227	0.6741490610328639	0.07277075503928937	0.04548122065727699
11	0.3896481038606081	0.24985328638497653	0.1158182439357704	0.0619131455399061
0	0.5661086436624531	0.4138791079812207	0.10864366245302358	0.07365023474178403
