2	0.2755267423014587	1.5217391304347827	0.029173419773095625	1.5217391304347827
9	1.6681523500810373	1.1054018445322793	0.04659643435980551	1.1054018445322793
9	1.2293354943273906	0.9463109354413702	0.05753646677471637	0.9463109354413702
10	0.2779578606158833	1.6340579710144927	0.1426256077795786	1.6340579710144927
10	0.22487844408427876	1.6851119894598154	0.06766612641815235	1.6851119894598154
11	0.25364667747163694	1.5296442687747036	0.04213938411669368	1.5296442687747036
11	0.22487844408427876	1.6851119894598154	0.06766612641815235	1.6851119894598154
11	1.4781199351701784	0.3797760210803689	0.06158833063209076	0.3797760210803689
11	0.2779578606158833	1.6340579710144927	0.1426256077795786	1.6340579710144927
11	0.33630470016207453	1.494729907773386	0.13209076175040518	1.494729907773386
11	0.4181523500810373	0.9515810276679841	0.1085899513776337	0.9515810276679841
8	1.7228525121555915	1.1001317523056653	0.012155591572123177	1.1001317523056653
8	1.6681523500810373	1.1054018445322793	0.04659643435980551	1.1054018445322793
8	0.4866288492706645	1.1828063241106719	0.027147487844408427	1.1828063241106719
13	0.4181523500810373	0.9515810276679841	0.1085899513776337	0.9515810276679841
13	1.687196110210697	1.1080368906455862	0.06239870340356564	1.1080368906455862
2	0.2755267423014587	1.5217391304347827	0.029173419773095625	1.5217391304347827
9	1.6681523500810373	1.1054018445322793	0.04659643435980551	1.1054018445322793
9	1.2293354943273906	0.9463109354413702	0.05753646677471637	0.9463109354413702
10	0.2779578606158833	1.6340579710144927	0.1426256077795786	1.6340579710144927
10	0.22487844408427876	1.6851119894598154	0.06766612641815235	1.6851119894598154
11	0.25364667747163694	1.5296442687747036	0.04213938411669368	1.5296442687747036
11	0.22487844408427876	1.6851119894598154	0.06766612641815235	1.6851119894598154
11	1.4781199351701784	0.3797760210803689	0.06158833063209076	0.3797760210803689
11	0.2779578606158833	1.6340579710144927	0.1426256077795786	1.6340579710144927
11	0.33630470016207453	1.494729907773386	0.13209076175040518	1.494729907773386
11	0.4181523500810373	0.9515810276679841	0.1085899513776337	0.9515810276679841
8	1.7228525121555915	1.1001317523056653	0.012155591572123177	1.1001317523056653
8	1.6681523500810373	1.1054018445322793	0.04659643435980551	1.1054018445322793
8	0.4866288492706645	1.1828063241106719	0.027147487844408427	1.1828063241106719
13	0.4181523500810373	0.9515810276679841	0.1085899513776337	0.9515810276679841
13	1.687196110210697	1.1080368906455862	0.06239870340356564	1.1080368906455862
2	0.13776337115072934	0.7608695652173914	0.029173419773095625	0.08234519104084322
9	0.8340761750405187	0.5527009222661396	0.04659643435980551	0.028985507246376812
9	0.6146677471636953	0.4731554677206851	0.05753646677471637	0.08201581027667984
10	0.13897893030794164	0.8170289855072463	0.1426256077795786	0.07213438735177866
10	0.11243922204213938	0.8425559947299077	0.06766612641815235	0.06653491436100131
11	0.12682333873581847	0.7648221343873518	0.04213938411669368	0.07246376811594203
11	0.11243922204213938	0.8425559947299077	0.06766612641815235	0.06653491436100131
11	0.7390599675850892	0.18988801054018445	0.06158833063209076	0.045783926218708824
11	0.13897893030794164	0.8170289855072463	0.1426256077795786	0.07213438735177866
11	0.16815235008103727	0.747364953886693	0.13209076175040518	0.10737812911725955
11	0.20907617504051865	0.47579051383399207	0.1085899513776337	0.03919631093544137
8	0.8614262560777958	0.5500658761528326	0.012155591572123177	0.014492753623188406
8	0.8340761750405187	0.5527009222661396	0.04659643435980551	0.028985507246376812
8	0.24331442463533226	0.5914031620553359	0.027147487844408427	0.02206851119894598
13	0.20907617504051865	0.47579051383399207	0.1085899513776337	0.03919631093544137
13	0.8435980551053485	0.5540184453227931	0.06239870340356564	0.026350461133069828
10	0.13897893030794164	0.8170289855072463	0.1426256077795786	0.07213438735177866
11	0.12682333873581847	0.7648221343873518	0.04213938411669368	0.07246376811594203
8	0.8614262560777958	0.5500658761528326	0.012155591572123177	0.014492753623188406
13	0.20907617504051865	0.47579051383399207	0.1085899513776337	0.03919631093544137
2	0.13776337115072934	0.7608695652173914	0.029173419773095625	0.08234519104084322
9	0.8340761750405187	0.5527009222661396	0.04659643435980551	0.028985507246376812
0	0.5640194489465153	0.3563899868247694	0.1094003241491086	0.0836627140974967
