10	1.8138474295190714	1.7067622312246806	0.045190713101160865	1.7067622312246806
10	0.19402985074626866	1.770021813649112	0.0439469320066335	1.770021813649112
11	0.19402985074626866	1.770021813649112	0.0439469320066335	1.770021813649112
11	1.8138474295190714	1.7067622312246806	0.045190713101160865	1.7067622312246806
13	0.38971807628524047	0.47990028046120287	0.08208955223880597	0.47990028046120287
10	1.8138474295190714	1.7067622312246806	0.045190713101160865	1.7067622312246806
10	0.19402985074626866	1.770021813649112	0.0439469320066335	1.770021813649112
11	0.19402985074626866	1.770021813649112	0.0439469320066335	1.770021813649112
11	1.8138474295190714	1.7067622312246806	0.045190713101160865	1.7067622312246806
13	0.38971807628524047	0.47990028046120287	0.08208955223880597	0.47990028046120287
10	0.9069237147595357	0.8533811156123403	0.045190713101160865	0.05578061701464631
10	0.09701492537313433	0.885010906824556	0.0439469320066335	0.0679339358055469
11	0.09701492537313433	0.885010906824556	0.0439469320066335	0.0679339358055469
11	0.9069237147595357	0.8533811156123403	0.045190713101160865	0.05578061701464631
13	0.19485903814262023	0.23995014023060143	0.08208955223880597	0.06170146463072608
10	0.9069237147595357	0.8533811156123403	0.045190713101160865	0.05578061701464631
11	0.09701492537313433	0.885010906824556	0.0439469320066335	0.0679339358055469
8	0.19485903814262023	0.23995014023060143	0.08208955223880597	0.06170146463072608
13	0.19485903814262023	0.23995014023060143	0.08208955223880597	0.06170146463072608
