13	0.7438151041666666	0.5849609375	0.13899739583333334	0.5849609375
13	1.4228515625	0.6702473958333334	0.14290364583333334	0.6702473958333334
5	1.4635416666666667	1.1285807291666667	0.22721354166666666	1.1285807291666667
5	0.7037760416666666	1.1549479166666667	0.21028645833333334	1.1549479166666667
13	0.7438151041666666	0.5849609375	0.13899739583333334	0.5849609375
13	1.4228515625	0.6702473958333334	0.14290364583333334	0.6702473958333334
5	1.4635416666666667	1.1285807291666667	0.22721354166666666	1.1285807291666667
5	0.7037760416666666	1.1549479166666667	0.21028645833333334	1.1549479166666667
13	0.3719075520833333	0.29248046875	0.13899739583333334	0.1435546875
13	0.71142578125	0.3351236979166667	0.14290364583333334	0.18782552083333334
5	0.7317708333333334	0.5642903645833334	0.22721354166666666	0.6018880208333334
5	0.3518880208333333	0.5774739583333334	0.21028645833333334	0.486328125
6	0.3684895833333333	0.2947591145833333	0.115234375	0.11751302083333333
13	0.3719075520833333	0.29248046875	0.13899739583333334	0.1435546875
5	0.7317708333333334	0.5642903645833334	0.22721354166666666	0.6018880208333334
