8	1.6178385416666667	0.6246744791666666	0.06640625	0.6246744791666666
7	1.6178385416666667	0.6246744791666666	0.06640625	0.6246744791666666
0	1.2679036458333333	0.7646484375	0.10188802083333333	0.7646484375
13	1.6998697916666667	1.3059895833333333	0.06966145833333333	1.3059895833333333
13	0.8860677083333334	1.0930989583333333	0.018880208333333332	1.0930989583333333
11	1.7347005208333333	1.3264973958333333	0.06868489583333333	1.3264973958333333
11	1.3512369791666667	0.3759765625	0.07454427083333333	0.3759765625
11	0.9189453125	0.3805338541666667	0.06673177083333333	0.3805338541666667
8	1.6178385416666667	0.6246744791666666	0.06640625	0.6246744791666666
7	1.6178385416666667	0.6246744791666666	0.06640625	0.6246744791666666
0	1.2679036458333333	0.7646484375	0.10188802083333333	0.7646484375
13	1.6998697916666667	1.3059895833333333	0.06966145833333333	1.3059895833333333
13	0.8860677083333334	1.0930989583333333	0.018880208333333332	1.0930989583333333
11	1.7347005208333333	1.3264973958333333	0.06868489583333333	1.3264973958333333
11	1.3512369791666667	0.3759765625	0.07454427083333333	0.3759765625
11	0.9189453125	0.3805338541666667	0.06673177083333333	0.3805338541666667
8	0.8089192708333334	0.3123372395833333	0.06640625	0.0908203125
7	0.8089192708333334	0.3123372395833333	0.06640625	0.0908203125
0	0.6339518229166666	0.38232421875	0.10188802083333333	0.0908203125
13	0.8499348958333334	0.6529947916666666	0.06966145833333333	0.03125
13	0.4430338541666667	0.5465494791666666	0.018880208333333332	0.07942708333333333
11	0.8673502604166666	0.6632486979166666	0.06868489583333333	0.09993489583333333
11	0.6756184895833334	0.18798828125	0.07454427083333333	0.0146484375
11	0.45947265625	0.19026692708333334	0.06673177083333333	0.012044270833333334
10	0.8673502604166666	0.6632486979166666	0.06868489583333333	0.09993489583333333
0	0.6339518229166666	0.38232421875	0.10188802083333333	0.0908203125
13	0.8499348958333334	0.6529947916666666	0.06966145833333333	0.03125
11	0.8673502604166666	0.6632486979166666	0.06868489583333333	0.09993489583333333
3	0.6398111979166666	0.6085611979166666	0.3336588541666667	0.1259765625
8	0.8089192708333334	0.3123372395833333	0.06640625	0.0908203125
7	0.8089192708333334	0.3123372395833333	0.06640625	0.0908203125
