1	0.7165798611111112	0.734375	0.1818576388888889	0.734375
7	0.5013020833333334	1.053125	0.1957465277777778	1.053125
7	0.6775173611111112	0.7128472222222222	0.1775173611111111	0.7128472222222222
4	0.4366319444444444	1.1083333333333334	0.12065972222222222	1.1083333333333334
4	0.6775173611111112	0.7128472222222222	0.1775173611111111	0.7128472222222222
10	0.3732638888888889	1.5288194444444445	0.10850694444444445	1.5288194444444445
6	0.5013020833333334	1.053125	0.1957465277777778	1.053125
1	0.7165798611111112	0.734375	0.1818576388888889	0.734375
7	0.5013020833333334	1.053125	0.1957465277777778	1.053125
7	0.6775173611111112	0.7128472222222222	0.1775173611111111	0.7128472222222222
4	0.4366319444444444	1.1083333333333334	0.12065972222222222	1.1083333333333334
4	0.6775173611111112	0.7128472222222222	0.1775173611111111	0.7128472222222222
10	0.3732638888888889	1.5288194444444445	0.10850694444444445	1.5288194444444445
6	0.5013020833333334	1.053125	0.1957465277777778	1.053125
7	0.2506510416666667	0.5265625	0.1957465277777778	0.35868055555555556
7	0.3387586805555556	0.3564236111111111	0.1775173611111111	0.21284722222222222
4	0.2183159722222222	0.5541666666666667	0.12065972222222222	0.09583333333333334
4	0.3387586805555556	0.3564236111111111	0.1775173611111111	0.21284722222222222
10	0.18663194444444445	0.7644097222222223	0.10850694444444445	0.11979166666666667
6	0.2506510416666667	0.5265625	0.1957465277777778	0.35868055555555556
1	0.3582899305555556	0.3671875	0.1818576388888889	0.21493055555555557
1	0.3582899305555556	0.3671875	0.1818576388888889	0.21493055555555557
7	0.2506510416666667	0.5265625	0.1957465277777778	0.35868055555555556
4	0.2183159722222222	0.5541666666666667	0.12065972222222222	0.09583333333333334
10	0.18663194444444445	0.7644097222222223	0.10850694444444445	0.11979166666666667
3	0.5303819444444444	0.6711805555555556	0.4210069444444444	0.15208333333333332
6	0.2506510416666667	0.5265625	0.1957465277777778	0.35868055555555556
