10	0.364572239971601	1.0998319327731092	0.10969116080937168	1.0998319327731092
10	1.766773162939297	1.3677310924369748	0.06851260205892794	1.3677310924369748
10	0.5640752573659922	1.1196638655462186	0.33830315938942135	1.1196638655462186
0	1.1750088746893859	0.5428571428571428	0.11004614838480653	0.5428571428571428
13	0.4579339723109691	0.9892436974789915	0.1235356762513312	0.9892436974789915
13	0.48739794107206247	0.9405042016806723	0.1792687255946042	0.9405042016806723
6	0.48739794107206247	0.9405042016806723	0.1792687255946042	0.9405042016806723
7	0.47248846290379837	0.9663865546218487	0.17429889953851616	0.9663865546218487
10	0.364572239971601	1.0998319327731092	0.10969116080937168	1.0998319327731092
10	1.766773162939297	1.3677310924369748	0.06851260205892794	1.3677310924369748
10	0.5640752573659922	1.1196638655462186	0.33830315938942135	1.1196638655462186
0	1.1750088746893859	0.5428571428571428	0.11004614838480653	0.5428571428571428
13	0.4579339723109691	0.9892436974789915	0.1235356762513312	0.9892436974789915
13	0.48739794107206247	0.9405042016806723	0.1792687255946042	0.9405042016806723
6	0.48739794107206247	0.9405042016806723	0.1792687255946042	0.9405042016806723
7	0.47248846290379837	0.9663865546218487	0.17429889953851616	0.9663865546218487
10	0.1822861199858005	0.5499159663865546	0.10969116080937168	0.14789915966386555
10	0.8833865814696485	0.6838655462184874	0.06851260205892794	0.08773109243697479
10	0.2820376286829961	0.5598319327731093	0.33830315938942135	0.19798319327731093
0	0.5875044373446929	0.2714285714285714	0.11004614838480653	0.10991596638655463
13	0.22896698615548455	0.4946218487394958	0.1235356762513312	0.054789915966386556
13	0.24369897053603123	0.47025210084033614	0.1792687255946042	0.18890756302521008
6	0.24369897053603123	0.47025210084033614	0.1792687255946042	0.18890756302521008
7	0.23624423145189918	0.4831932773109244	0.17429889953851616	0.13277310924369748
10	0.1822861199858005	0.5499159663865546	0.10969116080937168	0.14789915966386555
0	0.5875044373446929	0.2714285714285714	0.11004614838480653	0.10991596638655463
13	0.22896698615548455	0.4946218487394958	0.1235356762513312	0.054789915966386556
6	0.24369897053603123	0.47025210084033614	0.1792687255946042	0.18890756302521008
7	0.23624423145189918	0.4831932773109244	0.17429889953851616	0.13277310924369748
11	0.8833865814696485	0.6838655462184874	0.06851260205892794	0.08773109243697479
