3	1.14306640625	1.1016	0.44775390625	1.1016
0	1.10693359375	0.5504	0.13037109375	0.5504
9	0.46435546875	1.1736	0.32763671875	1.1736
3	1.14306640625	1.1016	0.44775390625	1.1016
0	1.10693359375	0.5504	0.13037109375	0.5504
9	0.46435546875	1.1736	0.32763671875	1.1736
3	0.571533203125	0.5508	0.44775390625	0.1456
0	0.553466796875	0.2752	0.13037109375	0.1048
9	0.232177734375	0.5868	0.32763671875	0.0568
3	0.571533203125	0.5508	0.44775390625	0.1456
0	0.553466796875	0.2752	0.13037109375	0.1048
9	0.232177734375	0.5868	0.32763671875	0.0568
