5	0.5708200212992546	0.881238155401137	0.27831025914093005	0.881238155401137
5	1.4700035498757544	0.8992419456727733	0.30138445154419596	0.8992419456727733
6	1.44266950656727	0.9065066329753633	0.2570110046148385	0.9065066329753633
6	0.5708200212992546	0.881238155401137	0.27831025914093005	0.881238155401137
5	0.5708200212992546	0.881238155401137	0.27831025914093005	0.881238155401137
5	1.4700035498757544	0.8992419456727733	0.30138445154419596	0.8992419456727733
6	1.44266950656727	0.9065066329753633	0.2570110046148385	0.9065066329753633
6	0.5708200212992546	0.881238155401137	0.27831025914093005	0.881238155401137
6	0.721334753283635	0.45325331648768163	0.2570110046148385	0.5426405559065066
6	0.2854100106496273	0.4406190777005685	0.27831025914093005	0.4883133291219204
5	0.2854100106496273	0.4406190777005685	0.27831025914093005	0.4883133291219204
5	0.7350017749378772	0.44962097283638663	0.30138445154419596	0.5271636133922931
5	0.2854100106496273	0.4406190777005685	0.27831025914093005	0.4883133291219204
6	0.721334753283635	0.45325331648768163	0.2570110046148385	0.5426405559065066
0	0.5638977635782748	0.34791535060012635	0.09762158324458645	0.13802905874921037
