13	1.5318897637795275	0.541015625	0.08464566929133858	0.541015625
11	0.7669291338582677	0.4072265625	0.09685039370078741	0.4072265625
11	1.4263779527559055	0.3938802083333333	0.10354330708661418	0.3938802083333333
13	1.5318897637795275	0.541015625	0.08464566929133858	0.541015625
11	0.7669291338582677	0.4072265625	0.09685039370078741	0.4072265625
11	1.4263779527559055	0.3938802083333333	0.10354330708661418	0.3938802083333333
13	0.7659448818897637	0.2705078125	0.08464566929133858	0.083984375
11	0.38346456692913383	0.20361328125	0.09685039370078741	0.013346354166666666
11	0.7131889763779528	0.19694010416666666	0.10354330708661418	0.013671875
6	0.7614173228346457	0.2879231770833333	0.10551181102362205	0.0966796875
11	0.38346456692913383	0.20361328125	0.09685039370078741	0.013346354166666666
7	0.30866141732283464	0.3308919270833333	0.029921259842519685	0.029622395833333332
13	0.7659448818897637	0.2705078125	0.08464566929133858	0.083984375
