8	1.6878453038674033	0.7527573529411765	0.017955801104972375	0.7527573529411765
8	0.35013812154696133	1.2840073529411764	0.016574585635359115	1.2840073529411764
8	0.5293508287292817	0.8667279411764706	0.38017955801104975	0.8667279411764706
8	1.453729281767956	0.5266544117647058	0.034530386740331494	0.5266544117647058
8	0.5352209944751382	0.45036764705882354	0.022099447513812154	0.45036764705882354
8	0.5894337016574586	1.2794117647058822	0.0417817679558011	1.2794117647058822
8	1.6598756906077348	1.2509191176470589	0.13915745856353592	1.2509191176470589
8	0.3843232044198895	1.0612745098039216	0.04937845303867403	1.0612745098039216
8	1.4402624309392265	0.6951593137254902	0.01899171270718232	0.6951593137254902
8	1.6947513812154695	1.3728553921568627	0.020718232044198894	1.3728553921568627
8	0.8149171270718232	0.41544117647058826	0.020027624309392266	0.41544117647058826
8	1.5410911602209945	0.9482230392156863	0.280732044198895	0.9482230392156863
8	0.2731353591160221	1.3048406862745099	0.03763812154696133	1.3048406862745099
8	1.5600828729281768	0.585171568627451	0.19958563535911603	0.585171568627451
8	0.5331491712707183	0.2806372549019608	0.025552486187845305	0.2806372549019608
8	0.5683701657458563	0.6761642156862745	0.018646408839779006	0.6761642156862745
8	0.5390193370165746	0.9822303921568627	0.01899171270718232	0.9822303921568627
8	1.7441298342541436	1.3707107843137254	0.02935082872928177	1.3707107843137254
8	0.4696132596685083	1.0949754901960784	0.16298342541436464	1.0949754901960784
8	1.4920580110497237	0.7735906862745098	0.03211325966850829	0.7735906862745098
8	0.381560773480663	0.7224264705882353	0.02037292817679558	0.7224264705882353
8	1.7997237569060773	1.3085171568627452	0.026243093922651933	1.3085171568627452
8	0.5303867403314917	1.1222426470588236	0.03660220994475138	1.1222426470588236
8	1.3093922651933703	0.5441176470588235	0.03383977900552486	0.5441176470588235
8	1.6771408839779005	0.7107843137254902	0.01899171270718232	0.7107843137254902
8	0.505524861878453	0.6884191176470589	0.028314917127071824	0.6884191176470589
8	0.38570441988950277	0.9356617647058824	0.03418508287292818	0.9356617647058824
8	1.516229281767956	1.3933823529411764	0.028660220994475138	1.3933823529411764
8	1.549378453038674	0.36519607843137253	0.012085635359116022	0.36519607843137253
8	0.611878453038674	0.4990808823529412	0.12845303867403315	0.4990808823529412
8	0.6923342541436464	0.5012254901960784	0.03487569060773481	0.5012254901960784
9	1.6598756906077348	1.2509191176470589	0.13915745856353592	1.2509191176470589
9	0.611878453038674	0.4990808823529412	0.12845303867403315	0.4990808823529412
9	1.5600828729281768	0.585171568627451	0.19958563535911603	0.585171568627451
9	0.4696132596685083	1.0949754901960784	0.16298342541436464	1.0949754901960784
8	1.6878453038674033	0.7527573529411765	0.017955801104972375	0.7527573529411765
8	0.35013812154696133	1.2840073529411764	0.016574585635359115	1.2840073529411764
8	0.5293508287292817	0.8667279411764706	0.38017955801104975	0.8667279411764706
8	1.453729281767956	0.5266544117647058	0.034530386740331494	0.5266544117647058
8	0.5352209944751382	0.45036764705882354	0.022099447513812154	0.45036764705882354
8	0.5894337016574586	1.2794117647058822	0.0417817679558011	1.2794117647058822
8	1.6598756906077348	1.2509191176470589	0.13915745856353592	1.2509191176470589
8	0.3843232044198895	1.0612745098039216	0.04937845303867403	1.0612745098039216
8	1.4402624309392265	0.6951593137254902	0.01899171270718232	0.6951593137254902
8	1.6947513812154695	1.3728553921568627	0.020718232044198894	1.3728553921568627
8	0.8149171270718232	0.41544117647058826	0.020027624309392266	0.41544117647058826
8	1.5410911602209945	0.9482230392156863	0.280732044198895	0.9482230392156863
8	0.2731353591160221	1.3048406862745099	0.03763812154696133	1.3048406862745099
8	1.5600828729281768	0.585171568627451	0.19958563535911603	0.585171568627451
8	0.5331491712707183	0.2806372549019608	0.025552486187845305	0.2806372549019608
8	0.5683701657458563	0.6761642156862745	0.018646408839779006	0.6761642156862745
8	0.5390193370165746	0.9822303921568627	0.01899171270718232	0.9822303921568627
8	1.7441298342541436	1.3707107843137254	0.02935082872928177	1.3707107843137254
8	0.4696132596685083	1.0949754901960784	0.16298342541436464	1.0949754901960784
8	1.4920580110497237	0.7735906862745098	0.03211325966850829	0.7735906862745098
8	0.381560773480663	0.7224264705882353	0.02037292817679558	0.7224264705882353
8	1.7997237569060773	1.3085171568627452	0.026243093922651933	1.3085171568627452
8	0.5303867403314917	1.1222426470588236	0.03660220994475138	1.1222426470588236
8	1.3093922651933703	0.5441176470588235	0.03383977900552486	0.5441176470588235
8	1.6771408839779005	0.7107843137254902	0.01899171270718232	0.7107843137254902
8	0.505524861878453	0.6884191176470589	0.028314917127071824	0.6884191176470589
8	0.38570441988950277	0.9356617647058824	0.03418508287292818	0.9356617647058824
8	1.516229281767956	1.3933823529411764	0.028660220994475138	1.3933823529411764
8	1.549378453038674	0.36519607843137253	0.012085635359116022	0.36519607843137253
8	0.611878453038674	0.4990808823529412	0.12845303867403315	0.4990808823529412
8	0.6923342541436464	0.5012254901960784	0.03487569060773481	0.5012254901960784
9	1.6598756906077348	1.2509191176470589	0.13915745856353592	1.2509191176470589
9	0.611878453038674	0.4990808823529412	0.12845303867403315	0.4990808823529412
9	1.5600828729281768	0.585171568627451	0.19958563535911603	0.585171568627451
9	0.4696132596685083	1.0949754901960784	0.16298342541436464	1.0949754901960784
8	0.8439226519337016	0.37637867647058826	0.017955801104972375	0.013174019607843137
8	0.17506906077348067	0.6420036764705882	0.016574585635359115	0.013174019607843137
8	0.26467541436464087	0.4333639705882353	0.38017955801104975	0.7239583333333334
8	0.726864640883978	0.2633272058823529	0.034530386740331494	0.03462009803921569
8	0.2676104972375691	0.22518382352941177	0.022099447513812154	0.022058823529411766
8	0.2947168508287293	0.6397058823529411	0.0417817679558011	0.034926470588235295
8	0.8299378453038674	0.6254595588235294	0.13915745856353592	0.2509191176470588
8	0.19216160220994474	0.5306372549019608	0.04937845303867403	0.03860294117647059
8	0.7201312154696132	0.3475796568627451	0.01899171270718232	0.01685049019607843
8	0.8473756906077348	0.6864276960784313	0.020718232044198894	0.020526960784313725
8	0.4074585635359116	0.20772058823529413	0.020027624309392266	0.02267156862745098
8	0.7705455801104972	0.47411151960784315	0.280732044198895	0.5615808823529411
8	0.13656767955801105	0.6524203431372549	0.03763812154696133	0.029105392156862746
8	0.7800414364640884	0.2925857843137255	0.19958563535911603	0.2340686274509804
8	0.26657458563535913	0.1403186274509804	0.025552486187845305	0.018995098039215685
8	0.28418508287292815	0.33808210784313725	0.018646408839779006	0.015625
8	0.2695096685082873	0.49111519607843135	0.01899171270718232	0.017769607843137254
8	0.8720649171270718	0.6853553921568627	0.02935082872928177	0.02144607843137255
8	0.23480662983425415	0.5474877450980392	0.16298342541436464	0.23651960784313725
8	0.7460290055248618	0.3867953431372549	0.03211325966850829	0.03155637254901961
8	0.1907803867403315	0.36121323529411764	0.02037292817679558	0.014093137254901961
8	0.8998618784530387	0.6542585784313726	0.026243093922651933	0.023590686274509803
8	0.26519337016574585	0.5611213235294118	0.03660220994475138	0.04197303921568627
8	0.6546961325966851	0.27205882352941174	0.03383977900552486	0.02389705882352941
8	0.8385704419889503	0.3553921568627451	0.01899171270718232	0.014093137254901961
8	0.2527624309392265	0.34420955882352944	0.028314917127071824	0.021752450980392156
8	0.19285220994475138	0.4678308823529412	0.03418508287292818	0.026348039215686275
8	0.758114640883978	0.6966911764705882	0.028660220994475138	0.025122549019607844
8	0.774689226519337	0.18259803921568626	0.012085635359116022	0.011029411764705883
8	0.305939226519337	0.2495404411764706	0.12845303867403315	0.24540441176470587
8	0.3461671270718232	0.2506127450980392	0.03487569060773481	0.03125
9	0.8299378453038674	0.6254595588235294	0.13915745856353592	0.2509191176470588
9	0.305939226519337	0.2495404411764706	0.12845303867403315	0.24540441176470587
9	0.7800414364640884	0.2925857843137255	0.19958563535911603	0.2340686274509804
9	0.23480662983425415	0.5474877450980392	0.16298342541436464	0.23651960784313725
8	0.8439226519337016	0.37637867647058826	0.017955801104972375	0.013174019607843137
9	0.8299378453038674	0.6254595588235294	0.13915745856353592	0.2509191176470588
11	0.08701657458563536	0.7859987745098039	0.0393646408839779	0.03155637254901961
10	0.08701657458563536	0.7859987745098039	0.0393646408839779	0.03155637254901961
