3	0.9908854166666666	1.0451388888888888	0.4344618055555556	1.0451388888888888
6	0.4644097222222222	0.9947916666666666	0.234375	0.9947916666666666
6	1.4401041666666667	0.9461805555555556	0.2699652777777778	0.9461805555555556
3	0.9908854166666666	1.0451388888888888	0.4344618055555556	1.0451388888888888
6	0.4644097222222222	0.9947916666666666	0.234375	0.9947916666666666
6	1.4401041666666667	0.9461805555555556	0.2699652777777778	0.9461805555555556
3	0.4954427083333333	0.5225694444444444	0.4344618055555556	0.18472222222222223
6	0.2322048611111111	0.4973958333333333	0.234375	0.30659722222222224
6	0.7200520833333334	0.4730902777777778	0.2699652777777778	0.3170138888888889
3	0.4954427083333333	0.5225694444444444	0.4344618055555556	0.18472222222222223
6	0.2322048611111111	0.4973958333333333	0.234375	0.30659722222222224
0	0.5564236111111112	0.32309027777777777	0.0859375	0.121875
