11	0.768359853121175	0.1741126070991432	0.147796817625459	0.1741126070991432
11	0.4094247246022032	1.353733170134639	0.02876376988984088	1.353733170134639
11	1.6312729498164014	1.5804773561811505	0.0302937576499388	1.5804773561811505
11	1.3393512851897185	0.1894124847001224	0.16370869033047736	0.1894124847001224
13	1.4488984088127295	1.2775397796817625	0.1496328029375765	1.2775397796817625
13	1.6104651162790697	0.5602815177478581	0.02233782129742962	0.5602815177478581
13	1.2858017135862914	0.7209302325581395	0.02937576499388005	0.7209302325581395
10	0.4094247246022032	1.353733170134639	0.02876376988984088	1.353733170134639
10	0.6585067319461444	1.3922888616891065	0.26193390452876375	1.3922888616891065
10	1.6395348837209303	1.5853733170134638	0.025091799265605876	1.5853733170134638
11	0.768359853121175	0.1741126070991432	0.147796817625459	0.1741126070991432
11	0.4094247246022032	1.353733170134639	0.02876376988984088	1.353733170134639
11	1.6312729498164014	1.5804773561811505	0.0302937576499388	1.5804773561811505
11	1.3393512851897185	0.1894124847001224	0.16370869033047736	0.1894124847001224
13	1.4488984088127295	1.2775397796817625	0.1496328029375765	1.2775397796817625
13	1.6104651162790697	0.5602815177478581	0.02233782129742962	0.5602815177478581
13	1.2858017135862914	0.7209302325581395	0.02937576499388005	0.7209302325581395
10	0.4094247246022032	1.353733170134639	0.02876376988984088	1.353733170134639
10	0.6585067319461444	1.3922888616891065	0.26193390452876375	1.3922888616891065
10	1.6395348837209303	1.5853733170134638	0.025091799265605876	1.5853733170134638
10	0.2047123623011016	0.6768665850673194	0.02876376988984088	0.0740514075887393
10	0.3292533659730722	0.6961444308445532	0.26193390452876375	0.11383108935128519
10	0.8197674418604651	0.7926866585067319	0.025091799265605876	0.0474296205630355
11	0.3841799265605875	0.0870563035495716	0.147796817625459	0.06272949816401469
11	0.2047123623011016	0.6768665850673194	0.02876376988984088	0.0740514075887393
11	0.8156364749082007	0.7902386780905752	0.0302937576499388	0.04620563035495716
11	0.6696756425948592	0.0947062423500612	0.16370869033047736	0.06089351285189718
13	0.7244492044063647	0.6387698898408812	0.1496328029375765	0.17288861689106488
13	0.8052325581395349	0.28014075887392903	0.02233782129742962	0.008261933904528763
13	0.6429008567931457	0.36046511627906974	0.02937576499388005	0.04467564259485924
11	0.3841799265605875	0.0870563035495716	0.147796817625459	0.06272949816401469
9	0.33414932680538556	0.6635556915544676	0.24724602203182375	0.058445532435740515
13	0.7244492044063647	0.6387698898408812	0.1496328029375765	0.17288861689106488
10	0.2047123623011016	0.6768665850673194	0.02876376988984088	0.0740514075887393
0	0.5917992656058751	0.23362913096695226	0.094859241126071	0.10679314565483476
2	0.6150550795593636	0.22215422276621788	0.037943696450428395	0.06425948592411261
3	0.6081701346389229	0.6468788249694002	0.3313953488372093	0.1591187270501836
