11	0.15380859375	1.369670542635659	0.04833984375	1.369670542635659
11	0.21826171875	1.4757751937984496	0.13427734375	1.4757751937984496
10	0.15380859375	1.369670542635659	0.04833984375	1.369670542635659
10	0.21826171875	1.4757751937984496	0.13427734375	1.4757751937984496
0	1.1533203125	0.6065891472868217	0.1279296875	0.6065891472868217
11	0.15380859375	1.369670542635659	0.04833984375	1.369670542635659
11	0.21826171875	1.4757751937984496	0.13427734375	1.4757751937984496
10	0.15380859375	1.369670542635659	0.04833984375	1.369670542635659
10	0.21826171875	1.4757751937984496	0.13427734375	1.4757751937984496
0	1.1533203125	0.6065891472868217	0.1279296875	0.6065891472868217
11	0.076904296875	0.6848352713178295	0.04833984375	0.0809108527131783
11	0.109130859375	0.7378875968992248	0.13427734375	0.09786821705426356
10	0.076904296875	0.6848352713178295	0.04833984375	0.0809108527131783
10	0.109130859375	0.7378875968992248	0.13427734375	0.09786821705426356
0	0.57666015625	0.30329457364341084	0.1279296875	0.14534883720930233
11	0.076904296875	0.6848352713178295	0.04833984375	0.0809108527131783
10	0.076904296875	0.6848352713178295	0.04833984375	0.0809108527131783
0	0.57666015625	0.30329457364341084	0.1279296875	0.14534883720930233
3	0.568115234375	0.6424418604651163	0.43017578125	0.13662790697674418
