13	1.4826388888888888	1.3753472222222223	0.025173611111111112	1.3753472222222223
13	1.5286458333333333	1.0229166666666667	0.13020833333333334	1.0229166666666667
11	0.6818576388888888	0.25590277777777776	0.08984375	0.25590277777777776
11	1.25	0.2420138888888889	0.0859375	0.2420138888888889
0	1.09375	0.5506944444444445	0.10243055555555555	0.5506944444444445
13	1.4826388888888888	1.3753472222222223	0.025173611111111112	1.3753472222222223
13	1.5286458333333333	1.0229166666666667	0.13020833333333334	1.0229166666666667
11	0.6818576388888888	0.25590277777777776	0.08984375	0.25590277777777776
11	1.25	0.2420138888888889	0.0859375	0.2420138888888889
0	1.09375	0.5506944444444445	0.10243055555555555	0.5506944444444445
13	0.7413194444444444	0.6876736111111111	0.025173611111111112	0.014930555555555556
13	0.7643229166666666	0.5114583333333333	0.13020833333333334	0.03263888888888889
11	0.3409288194444444	0.12795138888888888	0.08984375	0.03090277777777778
11	0.625	0.12100694444444444	0.0859375	0.022569444444444444
0	0.546875	0.27534722222222224	0.10243055555555555	0.0763888888888889
13	0.7413194444444444	0.6876736111111111	0.025173611111111112	0.014930555555555556
11	0.3409288194444444	0.12795138888888888	0.08984375	0.03090277777777778
0	0.546875	0.27534722222222224	0.10243055555555555	0.0763888888888889
3	0.5329861111111112	0.6486111111111111	0.3810763888888889	0.10625
