13	0.4166666666666667	0.86875	0.18055555555555555	0.86875
13	0.4939236111111111	0.8552083333333333	0.2482638888888889	0.8552083333333333
5	1.3472222222222223	0.6288194444444445	0.2126736111111111	0.6288194444444445
5	0.4939236111111111	0.8552083333333333	0.2482638888888889	0.8552083333333333
5	0.4166666666666667	0.86875	0.18055555555555555	0.86875
5	0.56640625	0.5152777777777777	0.1401909722222222	0.5152777777777777
11	1.1510416666666667	0.30416666666666664	0.09895833333333333	0.30416666666666664
11	0.6302083333333334	0.2986111111111111	0.13194444444444445	0.2986111111111111
13	0.4166666666666667	0.86875	0.18055555555555555	0.86875
13	0.4939236111111111	0.8552083333333333	0.2482638888888889	0.8552083333333333
5	1.3472222222222223	0.6288194444444445	0.2126736111111111	0.6288194444444445
5	0.4939236111111111	0.8552083333333333	0.2482638888888889	0.8552083333333333
5	0.4166666666666667	0.86875	0.18055555555555555	0.86875
5	0.56640625	0.5152777777777777	0.1401909722222222	0.5152777777777777
11	1.1510416666666667	0.30416666666666664	0.09895833333333333	0.30416666666666664
11	0.6302083333333334	0.2986111111111111	0.13194444444444445	0.2986111111111111
13	0.20833333333333334	0.434375	0.18055555555555555	0.21458333333333332
13	0.24696180555555555	0.4276041666666667	0.2482638888888889	0.5524305555555555
5	0.6736111111111112	0.31440972222222224	0.2126736111111111	0.2947916666666667
5	0.24696180555555555	0.4276041666666667	0.2482638888888889	0.5524305555555555
5	0.20833333333333334	0.434375	0.18055555555555555	0.21458333333333332
5	0.283203125	0.25763888888888886	0.1401909722222222	0.14166666666666666
11	0.5755208333333334	0.15208333333333332	0.09895833333333333	0.03958333333333333
11	0.3151041666666667	0.14930555555555555	0.13194444444444445	0.02361111111111111
13	0.20833333333333334	0.434375	0.18055555555555555	0.21458333333333332
5	0.6736111111111112	0.31440972222222224	0.2126736111111111	0.2947916666666667
11	0.5755208333333334	0.15208333333333332	0.09895833333333333	0.03958333333333333
