11	1.534668721109399	1.0910027472527473	0.08936825885978428	1.0910027472527473
11	0.43875192604006163	1.6483516483516483	0.09206471494607088	1.6483516483516483
11	0.5269645608628659	1.0453296703296704	0.19029275808936827	1.0453296703296704
11	0.26887519260400616	1.7891483516483517	0.04391371340523883	1.7891483516483517
11	0.7480739599383667	0.3162774725274725	0.10708782742681047	0.3162774725274725
11	0.26348228043143296	1.4769917582417582	0.03697996918335902	1.4769917582417582
11	1.6664098613251155	1.7956730769230769	0.054699537750385205	1.7956730769230769
2	0.44568567026194145	1.6425137362637363	0.09052388289676425	1.6425137362637363
2	0.535824345146379	1.0587225274725274	0.1714175654853621	1.0587225274725274
2	1.534668721109399	1.0910027472527473	0.08936825885978428	1.0910027472527473
10	0.26887519260400616	1.7891483516483517	0.04391371340523883	1.7891483516483517
10	1.6664098613251155	1.7956730769230769	0.054699537750385205	1.7956730769230769
9	1.5319722650231125	1.1256868131868132	0.11209553158705701	1.1256868131868132
9	0.5053929121725732	1.1929945054945055	0.12788906009244994	1.1929945054945055
11	1.534668721109399	1.0910027472527473	0.08936825885978428	1.0910027472527473
11	0.43875192604006163	1.6483516483516483	0.09206471494607088	1.6483516483516483
11	0.5269645608628659	1.0453296703296704	0.19029275808936827	1.0453296703296704
11	0.26887519260400616	1.7891483516483517	0.04391371340523883	1.7891483516483517
11	0.7480739599383667	0.3162774725274725	0.10708782742681047	0.3162774725274725
11	0.26348228043143296	1.4769917582417582	0.03697996918335902	1.4769917582417582
11	1.6664098613251155	1.7956730769230769	0.054699537750385205	1.7956730769230769
2	0.44568567026194145	1.6425137362637363	0.09052388289676425	1.6425137362637363
2	0.535824345146379	1.0587225274725274	0.1714175654853621	1.0587225274725274
2	1.534668721109399	1.0910027472527473	0.08936825885978428	1.0910027472527473
10	0.26887519260400616	1.7891483516483517	0.04391371340523883	1.7891483516483517
10	1.6664098613251155	1.7956730769230769	0.054699537750385205	1.7956730769230769
9	1.5319722650231125	1.1256868131868132	0.11209553158705701	1.1256868131868132
9	0.5053929121725732	1.1929945054945055	0.12788906009244994	1.1929945054945055
11	0.7673343605546995	0.5455013736263736	0.08936825885978428	0.3121565934065934
11	0.21937596302003082	0.8241758241758241	0.09206471494607088	0.03571428571428571
11	0.26348228043143296	0.5226648351648352	0.19029275808936827	0.3324175824175824
11	0.13443759630200308	0.8945741758241759	0.04391371340523883	0.03502747252747253
11	0.37403697996918334	0.15813873626373626	0.10708782742681047	0.02300824175824176
11	0.13174114021571648	0.7384958791208791	0.03697996918335902	0.15625
11	0.8332049306625577	0.8978365384615384	0.054699537750385205	0.049107142857142856
2	0.22284283513097072	0.8212568681318682	0.09052388289676425	0.036744505494505496
2	0.2679121725731895	0.5293612637362637	0.1714175654853621	0.32520604395604397
2	0.7673343605546995	0.5455013736263736	0.08936825885978428	0.3121565934065934
10	0.13443759630200308	0.8945741758241759	0.04391371340523883	0.03502747252747253
10	0.8332049306625577	0.8978365384615384	0.054699537750385205	0.049107142857142856
9	0.7659861325115562	0.5628434065934066	0.11209553158705701	0.3090659340659341
9	0.2526964560862866	0.5964972527472527	0.12788906009244994	0.18337912087912087
11	0.7673343605546995	0.5455013736263736	0.08936825885978428	0.3121565934065934
2	0.22284283513097072	0.8212568681318682	0.09052388289676425	0.036744505494505496
10	0.13443759630200308	0.8945741758241759	0.04391371340523883	0.03502747252747253
7	0.2014637904468413	0.45020604395604397	0.05084745762711865	0.1092032967032967
9	0.7659861325115562	0.5628434065934066	0.11209553158705701	0.3090659340659341
