6	1.5094401041666667	0.5930989583333334	0.09016927083333333	0.5930989583333334
6	0.75	0.5638020833333334	0.15234375	0.5638020833333334
0	1.2151692708333333	0.6136067708333334	0.0927734375	0.6136067708333334
13	0.75	0.5638020833333334	0.15234375	0.5638020833333334
13	1.5380859375	0.5286458333333334	0.032877604166666664	0.5286458333333334
3	1.1982421875	1.0530598958333333	0.3219401041666667	1.0530598958333333
6	1.5094401041666667	0.5930989583333334	0.09016927083333333	0.5930989583333334
6	0.75	0.5638020833333334	0.15234375	0.5638020833333334
0	1.2151692708333333	0.6136067708333334	0.0927734375	0.6136067708333334
13	0.75	0.5638020833333334	0.15234375	0.5638020833333334
13	1.5380859375	0.5286458333333334	0.032877604166666664	0.5286458333333334
3	1.1982421875	1.0530598958333333	0.3219401041666667	1.0530598958333333
6	0.7547200520833334	0.2965494791666667	0.09016927083333333	0.083984375
6	0.375	0.2819010416666667	0.15234375	0.13997395833333334
0	0.6075846354166666	0.3068033854166667	0.0927734375	0.11165364583333333
13	0.375	0.2819010416666667	0.15234375	0.13997395833333334
13	0.76904296875	0.2643229166666667	0.032877604166666664	0.026692708333333332
3	0.59912109375	0.5265299479166666	0.3219401041666667	0.09537760416666667
6	0.7547200520833334	0.2965494791666667	0.09016927083333333	0.083984375
0	0.6075846354166666	0.3068033854166667	0.0927734375	0.11165364583333333
13	0.375	0.2819010416666667	0.15234375	0.13997395833333334
3	0.59912109375	0.5265299479166666	0.3219401041666667	0.09537760416666667
7	0.7547200520833334	0.2965494791666667	0.09016927083333333	0.083984375
