0	1.1619115549215406	0.4124500665778961	0.11697574893009986	0.4124500665778961
11	0.8042082738944365	0.04460719041278296	0.1080599144079886	0.04460719041278296
11	1.427246790299572	0.1281624500665779	0.0920114122681883	0.1281624500665779
0	1.1619115549215406	0.4124500665778961	0.11697574893009986	0.4124500665778961
11	0.8042082738944365	0.04460719041278296	0.1080599144079886	0.04460719041278296
11	1.427246790299572	0.1281624500665779	0.0920114122681883	0.1281624500665779
0	0.5809557774607703	0.20622503328894806	0.11697574893009986	0.09420772303595207
11	0.40210413694721825	0.02230359520639148	0.1080599144079886	0.023968042609853527
11	0.713623395149786	0.06408122503328895	0.0920114122681883	0.07822902796271637
0	0.5809557774607703	0.20622503328894806	0.11697574893009986	0.09420772303595207
11	0.40210413694721825	0.02230359520639148	0.1080599144079886	0.023968042609853527
