11	1.6336805555555556	1.3454861111111112	0.050347222222222224	1.3454861111111112
11	1.2894965277777777	0.2704861111111111	0.2165798611111111	0.2704861111111111
11	0.6154513888888888	0.2552083333333333	0.10677083333333333	0.2552083333333333
8	1.4032118055555556	0.42569444444444443	0.013454861111111112	0.42569444444444443
8	1.3819444444444444	0.3972222222222222	0.017361111111111112	0.3972222222222222
8	1.2903645833333333	0.49930555555555556	0.012586805555555556	0.49930555555555556
8	1.3198784722222223	0.4954861111111111	0.1723090277777778	0.4954861111111111
8	1.3207465277777777	0.465625	0.012586805555555556	0.465625
8	1.3875868055555556	0.46111111111111114	0.009114583333333334	0.46111111111111114
8	0.5963541666666666	0.3190972222222222	0.03993055555555555	0.3190972222222222
13	0.7057291666666666	0.33125	0.1154513888888889	0.33125
13	1.3467881944444444	1.0263888888888888	0.06380208333333333	1.0263888888888888
13	1.3654513888888888	0.4329861111111111	0.0642361111111111	0.4329861111111111
7	1.3328993055555556	0.48159722222222223	0.15321180555555555	0.48159722222222223
7	1.5199652777777777	0.8788194444444445	0.06336805555555555	0.8788194444444445
11	1.6336805555555556	1.3454861111111112	0.050347222222222224	1.3454861111111112
11	1.2894965277777777	0.2704861111111111	0.2165798611111111	0.2704861111111111
11	0.6154513888888888	0.2552083333333333	0.10677083333333333	0.2552083333333333
8	1.4032118055555556	0.42569444444444443	0.013454861111111112	0.42569444444444443
8	1.3819444444444444	0.3972222222222222	0.017361111111111112	0.3972222222222222
8	1.2903645833333333	0.49930555555555556	0.012586805555555556	0.49930555555555556
8	1.3198784722222223	0.4954861111111111	0.1723090277777778	0.4954861111111111
8	1.3207465277777777	0.465625	0.012586805555555556	0.465625
8	1.3875868055555556	0.46111111111111114	0.009114583333333334	0.46111111111111114
8	0.5963541666666666	0.3190972222222222	0.03993055555555555	0.3190972222222222
13	0.7057291666666666	0.33125	0.1154513888888889	0.33125
13	1.3467881944444444	1.0263888888888888	0.06380208333333333	1.0263888888888888
13	1.3654513888888888	0.4329861111111111	0.0642361111111111	0.4329861111111111
7	1.3328993055555556	0.48159722222222223	0.15321180555555555	0.48159722222222223
7	1.5199652777777777	0.8788194444444445	0.06336805555555555	0.8788194444444445
13	0.3528645833333333	0.165625	0.1154513888888889	0.12291666666666666
13	0.6733940972222222	0.5131944444444444	0.06380208333333333	0.10625
13	0.6827256944444444	0.21649305555555556	0.0642361111111111	0.059375
7	0.6664496527777778	0.24079861111111112	0.15321180555555555	0.19270833333333334
7	0.7599826388888888	0.43940972222222224	0.06336805555555555	0.11701388888888889
11	0.8168402777777778	0.6727430555555556	0.050347222222222224	0.059375
11	0.6447482638888888	0.13524305555555555	0.2165798611111111	0.08159722222222222
11	0.3077256944444444	0.12760416666666666	0.10677083333333333	0.04895833333333333
8	0.7016059027777778	0.21284722222222222	0.013454861111111112	0.011111111111111112
8	0.6909722222222222	0.1986111111111111	0.017361111111111112	0.013888888888888888
8	0.6451822916666666	0.24965277777777778	0.012586805555555556	0.00625
8	0.6599392361111112	0.24774305555555556	0.1723090277777778	0.203125
8	0.6603732638888888	0.2328125	0.012586805555555556	0.015625
8	0.6937934027777778	0.23055555555555557	0.009114583333333334	0.008333333333333333
8	0.2981770833333333	0.1595486111111111	0.03993055555555555	0.027430555555555555
0	0.5579427083333334	0.2621527777777778	0.0881076388888889	0.1
11	0.8168402777777778	0.6727430555555556	0.050347222222222224	0.059375
8	0.7016059027777778	0.21284722222222222	0.013454861111111112	0.011111111111111112
13	0.3528645833333333	0.165625	0.1154513888888889	0.12291666666666666
7	0.6664496527777778	0.24079861111111112	0.15321180555555555	0.19270833333333334
6	0.7599826388888888	0.43940972222222224	0.06336805555555555	0.11701388888888889
10	0.8168402777777778	0.6727430555555556	0.050347222222222224	0.059375
4	0.6599392361111112	0.24774305555555556	0.1723090277777778	0.203125
