6	0.6389763779527559	0.7545572916666666	0.2744094488188976	0.7545572916666666
6	1.5062992125984251	0.7858072916666666	0.2283464566929134	0.7858072916666666
6	0.5413385826771654	0.5872395833333334	0.13346456692913386	0.5872395833333334
5	1.4858267716535434	0.7535807291666666	0.2566929133858268	0.7535807291666666
5	0.6515748031496063	0.7578125	0.30196850393700786	0.7578125
6	0.6389763779527559	0.7545572916666666	0.2744094488188976	0.7545572916666666
6	1.5062992125984251	0.7858072916666666	0.2283464566929134	0.7858072916666666
6	0.5413385826771654	0.5872395833333334	0.13346456692913386	0.5872395833333334
5	1.4858267716535434	0.7535807291666666	0.2566929133858268	0.7535807291666666
5	0.6515748031496063	0.7578125	0.30196850393700786	0.7578125
6	0.31948818897637793	0.3772786458333333	0.2744094488188976	0.4420572916666667
6	0.7531496062992126	0.3929036458333333	0.2283464566929134	0.4270833333333333
6	0.2706692913385827	0.2936197916666667	0.13346456692913386	0.16731770833333334
5	0.7429133858267717	0.3767903645833333	0.2566929133858268	0.4606119791666667
5	0.3257874015748031	0.37890625	0.30196850393700786	0.43359375
6	0.31948818897637793	0.3772786458333333	0.2744094488188976	0.4420572916666667
5	0.7429133858267717	0.3767903645833333	0.2566929133858268	0.4606119791666667
7	0.2706692913385827	0.2936197916666667	0.13346456692913386	0.16731770833333334
13	0.31948818897637793	0.3772786458333333	0.2744094488188976	0.4420572916666667
4	0.2295275590551181	0.5148111979166666	0.1047244094488189	0.13053385416666666
