11	1.8236220472440945	1.580078125	0.04566929133858268	1.580078125
11	0.7307086614173228	0.24186197916666666	0.09291338582677165	0.24186197916666666
11	1.4141732283464568	0.1728515625	0.08897637795275591	0.1728515625
11	0.4251968503937008	1.3818359375	0.09291338582677165	1.3818359375
10	0.4251968503937008	1.3818359375	0.09291338582677165	1.3818359375
10	1.8236220472440945	1.580078125	0.04566929133858268	1.580078125
10	0.5988188976377953	1.3987630208333333	0.25393700787401574	1.3987630208333333
11	1.8236220472440945	1.580078125	0.04566929133858268	1.580078125
11	0.7307086614173228	0.24186197916666666	0.09291338582677165	0.24186197916666666
11	1.4141732283464568	0.1728515625	0.08897637795275591	0.1728515625
11	0.4251968503937008	1.3818359375	0.09291338582677165	1.3818359375
10	0.4251968503937008	1.3818359375	0.09291338582677165	1.3818359375
10	1.8236220472440945	1.580078125	0.04566929133858268	1.580078125
10	0.5988188976377953	1.3987630208333333	0.25393700787401574	1.3987630208333333
11	0.9118110236220472	0.7900390625	0.04566929133858268	0.078125
11	0.3653543307086614	0.12093098958333333	0.09291338582677165	0.021809895833333332
11	0.7070866141732284	0.08642578125	0.08897637795275591	0.0263671875
11	0.2125984251968504	0.69091796875	0.09291338582677165	0.1318359375
10	0.2125984251968504	0.69091796875	0.09291338582677165	0.1318359375
10	0.9118110236220472	0.7900390625	0.04566929133858268	0.078125
10	0.29940944881889764	0.6993815104166666	0.25393700787401574	0.07845052083333333
8	0.8139763779527559	0.49755859375	0.023228346456692913	0.0244140625
11	0.9118110236220472	0.7900390625	0.04566929133858268	0.078125
10	0.2125984251968504	0.69091796875	0.09291338582677165	0.1318359375
2	0.6342519685039371	0.3020833333333333	0.06220472440944882	0.06770833333333333
0	0.6299212598425197	0.3121744791666667	0.0984251968503937	0.10026041666666667
