11	0.175796812749004	1.8126996805111821	0.09213147410358566	1.8126996805111821
11	1.844621513944223	1.9017571884984026	0.06772908366533864	1.9017571884984026
10	0.1892430278884462	1.8554313099041533	0.06374501992031872	1.8554313099041533
10	1.844621513944223	1.9017571884984026	0.06772908366533864	1.9017571884984026
13	0.6668326693227091	0.2967252396166134	0.04731075697211155	0.2967252396166134
13	0.6757968127490039	0.44369009584664537	0.08814741035856574	0.44369009584664537
13	0.49252988047808766	0.454073482428115	0.05627490039840637	0.454073482428115
9	1.4731075697211156	1.016773162939297	0.46215139442231074	1.016773162939297
9	0.4596613545816733	1.020367412140575	0.37300796812749004	1.020367412140575
11	0.175796812749004	1.8126996805111821	0.09213147410358566	1.8126996805111821
11	1.844621513944223	1.9017571884984026	0.06772908366533864	1.9017571884984026
10	0.1892430278884462	1.8554313099041533	0.06374501992031872	1.8554313099041533
10	1.844621513944223	1.9017571884984026	0.06772908366533864	1.9017571884984026
13	0.6668326693227091	0.2967252396166134	0.04731075697211155	0.2967252396166134
13	0.6757968127490039	0.44369009584664537	0.08814741035856574	0.44369009584664537
13	0.49252988047808766	0.454073482428115	0.05627490039840637	0.454073482428115
9	1.4731075697211156	1.016773162939297	0.46215139442231074	1.016773162939297
9	0.4596613545816733	1.020367412140575	0.37300796812749004	1.020367412140575
11	0.087898406374502	0.9063498402555911	0.09213147410358566	0.057108626198083066
11	0.9223107569721115	0.9508785942492013	0.06772908366533864	0.034345047923322686
10	0.0946215139442231	0.9277156549520766	0.06374501992031872	0.07987220447284345
10	0.9223107569721115	0.9508785942492013	0.06772908366533864	0.034345047923322686
13	0.33341633466135456	0.1483626198083067	0.04731075697211155	0.07228434504792332
13	0.33789840637450197	0.22184504792332269	0.08814741035856574	0.17052715654952078
13	0.24626494023904383	0.2270367412140575	0.05627490039840637	0.025958466453674122
9	0.7365537848605578	0.5083865814696485	0.46215139442231074	0.8362619808306709
9	0.22983067729083664	0.5101837060702875	0.37300796812749004	0.832667731629393
11	0.087898406374502	0.9063498402555911	0.09213147410358566	0.057108626198083066
0	0.5525398406374502	0.40075878594249204	0.125	0.16972843450479233
10	0.0946215139442231	0.9277156549520766	0.06374501992031872	0.07987220447284345
13	0.33341633466135456	0.1483626198083067	0.04731075697211155	0.07228434504792332
9	0.7365537848605578	0.5083865814696485	0.46215139442231074	0.8362619808306709
