13	0.4552951388888889	0.7711805555555555	0.1775173611111111	0.7711805555555555
13	1.6315104166666667	0.9982638888888888	0.13758680555555555	0.9982638888888888
0	1.1184895833333333	0.5864583333333333	0.17317708333333334	0.5864583333333333
13	0.4552951388888889	0.7711805555555555	0.1775173611111111	0.7711805555555555
13	1.6315104166666667	0.9982638888888888	0.13758680555555555	0.9982638888888888
0	1.1184895833333333	0.5864583333333333	0.17317708333333334	0.5864583333333333
0	0.5592447916666666	0.29322916666666665	0.17317708333333334	0.12465277777777778
13	0.22764756944444445	0.38559027777777777	0.1775173611111111	0.046875
13	0.8157552083333334	0.4991319444444444	0.13758680555555555	0.040625
13	0.22764756944444445	0.38559027777777777	0.1775173611111111	0.046875
0	0.5592447916666666	0.29322916666666665	0.17317708333333334	0.12465277777777778
10	0.8506944444444444	0.4965277777777778	0.052083333333333336	0.05486111111111111
9	0.4809027777777778	0.2326388888888889	0.1076388888888889	0.25277777777777777
11	0.8506944444444444	0.4965277777777778	0.052083333333333336	0.05486111111111111
