9	1.474508229626656	1.462350457424349	0.2765957446808511	1.462350457424349
9	0.41951023685266964	1.5080928923293455	0.3215576073865917	1.5080928923293455
9	1.474508229626656	1.462350457424349	0.2765957446808511	1.462350457424349
9	0.41951023685266964	1.5080928923293455	0.3215576073865917	1.5080928923293455
9	0.737254114813328	0.7311752287121746	0.2765957446808511	0.09359605911330049
9	0.20975511842633482	0.7540464461646728	0.3215576073865917	0.14567206192821958
0	0.5381372942593337	0.3793103448275862	0.3151344841429145	0.16396903589021816
9	0.737254114813328	0.7311752287121746	0.2765957446808511	0.09359605911330049
7	0.746688077077479	0.729064039408867	0.34524287434765155	0.18156228008444758
1	0.7571256523484544	0.7211470795214637	0.33881975110397433	0.1481351161154117
