0	1.14013671875	0.6572	0.12646484375	0.6572
11	0.2333984375	1.0476	0.095703125	1.0476
11	1.736328125	1.0892	0.1142578125	1.0892
0	1.14013671875	0.6572	0.12646484375	0.6572
11	0.2333984375	1.0476	0.095703125	1.0476
11	1.736328125	1.0892	0.1142578125	1.0892
0	0.570068359375	0.3286	0.12646484375	0.114
11	0.11669921875	0.5238	0.095703125	0.3116
11	0.8681640625	0.5446	0.1142578125	0.27
0	0.570068359375	0.3286	0.12646484375	0.114
11	0.11669921875	0.5238	0.095703125	0.3116
3	0.585693359375	0.5742	0.39990234375	0.126
