13	0.4578993055555556	0.896875	0.22960069444444445	0.896875
13	1.3958333333333333	0.7305555555555555	0.1796875	0.7305555555555555
13	1.4735243055555556	0.8520833333333333	0.13932291666666666	0.8520833333333333
2	1.42578125	0.7930555555555555	0.12022569444444445	0.7930555555555555
2	0.4717881944444444	0.8847222222222222	0.3042534722222222	0.8847222222222222
11	0.2504340277777778	1.4878472222222223	0.10112847222222222	1.4878472222222223
11	0.5260416666666666	0.3420138888888889	0.09809027777777778	0.3420138888888889
11	1.42578125	0.7930555555555555	0.12022569444444445	0.7930555555555555
11	0.453125	0.9454861111111111	0.2899305555555556	0.9454861111111111
10	0.20789930555555555	1.4559027777777778	0.07161458333333333	1.4559027777777778
13	0.4578993055555556	0.896875	0.22960069444444445	0.896875
13	1.3958333333333333	0.7305555555555555	0.1796875	0.7305555555555555
13	1.4735243055555556	0.8520833333333333	0.13932291666666666	0.8520833333333333
2	1.42578125	0.7930555555555555	0.12022569444444445	0.7930555555555555
2	0.4717881944444444	0.8847222222222222	0.3042534722222222	0.8847222222222222
11	0.2504340277777778	1.4878472222222223	0.10112847222222222	1.4878472222222223
11	0.5260416666666666	0.3420138888888889	0.09809027777777778	0.3420138888888889
11	1.42578125	0.7930555555555555	0.12022569444444445	0.7930555555555555
11	0.453125	0.9454861111111111	0.2899305555555556	0.9454861111111111
10	0.20789930555555555	1.4559027777777778	0.07161458333333333	1.4559027777777778
13	0.2289496527777778	0.4484375	0.22960069444444445	0.528125
13	0.6979166666666666	0.36527777777777776	0.1796875	0.1736111111111111
13	0.7367621527777778	0.42604166666666665	0.13932291666666666	0.06111111111111111
2	0.712890625	0.39652777777777776	0.12022569444444445	0.12222222222222222
2	0.2358940972222222	0.4423611111111111	0.3042534722222222	0.5375
11	0.1252170138888889	0.7439236111111112	0.10112847222222222	0.09479166666666666
11	0.2630208333333333	0.17100694444444445	0.09809027777777778	0.05381944444444445
11	0.712890625	0.39652777777777776	0.12022569444444445	0.12222222222222222
11	0.2265625	0.47274305555555557	0.2899305555555556	0.5274305555555555
10	0.10394965277777778	0.7279513888888889	0.07161458333333333	0.12395833333333334
11	0.1252170138888889	0.7439236111111112	0.10112847222222222	0.09479166666666666
10	0.10394965277777778	0.7279513888888889	0.07161458333333333	0.12395833333333334
0	0.5110677083333334	0.3428819444444444	0.12890625	0.11076388888888888
13	0.2289496527777778	0.4484375	0.22960069444444445	0.528125
2	0.712890625	0.39652777777777776	0.12022569444444445	0.12222222222222222
