0	1.0668402777777777	0.6611111111111111	0.1111111111111111	0.6611111111111111
13	0.5711805555555556	0.9489583333333333	0.0763888888888889	0.9489583333333333
3	1.0933159722222223	1.1579861111111112	0.39453125	1.1579861111111112
0	1.0668402777777777	0.6611111111111111	0.1111111111111111	0.6611111111111111
13	0.5711805555555556	0.9489583333333333	0.0763888888888889	0.9489583333333333
3	1.0933159722222223	1.1579861111111112	0.39453125	1.1579861111111112
3	0.5466579861111112	0.5789930555555556	0.39453125	0.09895833333333333
0	0.5334201388888888	0.33055555555555555	0.1111111111111111	0.11597222222222223
13	0.2855902777777778	0.4744791666666667	0.0763888888888889	0.10381944444444445
0	0.5334201388888888	0.33055555555555555	0.1111111111111111	0.11597222222222223
13	0.2855902777777778	0.4744791666666667	0.0763888888888889	0.10381944444444445
3	0.5466579861111112	0.5789930555555556	0.39453125	0.09895833333333333
6	0.6195746527777778	0.23506944444444444	0.15928819444444445	0.1076388888888889
