6	0.4525828835774865	0.8633284241531665	0.20971472629144178	0.8633284241531665
6	1.5859676175790285	0.9298969072164949	0.2228218966846569	0.9298969072164949
10	0.284502698535081	1.1802650957290133	0.07787201233616037	1.1802650957290133
10	0.574402467232074	1.179381443298969	0.3608326908249807	1.179381443298969
7	0.8018504240555128	0.7019145802650957	0.1094834232845027	0.7019145802650957
7	0.4525828835774865	0.8633284241531665	0.20971472629144178	0.8633284241531665
7	1.548959136468774	0.914580265095729	0.235929067077872	0.914580265095729
0	1.2085582112567463	0.5790868924889544	0.169236700077101	0.5790868924889544
3	1.040863531225906	1.1160530191458027	0.45875096376252894	1.1160530191458027
11	1.3442559753276793	0.2662739322533137	0.169236700077101	0.2662739322533137
11	0.7814186584425598	0.2559646539027982	0.11295296838858905	0.2559646539027982
6	0.4525828835774865	0.8633284241531665	0.20971472629144178	0.8633284241531665
6	1.5859676175790285	0.9298969072164949	0.2228218966846569	0.9298969072164949
10	0.284502698535081	1.1802650957290133	0.07787201233616037	1.1802650957290133
10	0.574402467232074	1.179381443298969	0.3608326908249807	1.179381443298969
7	0.8018504240555128	0.7019145802650957	0.1094834232845027	0.7019145802650957
7	0.4525828835774865	0.8633284241531665	0.20971472629144178	0.8633284241531665
7	1.548959136468774	0.914580265095729	0.235929067077872	0.914580265095729
0	1.2085582112567463	0.5790868924889544	0.169236700077101	0.5790868924889544
3	1.040863531225906	1.1160530191458027	0.45875096376252894	1.1160530191458027
11	1.3442559753276793	0.2662739322533137	0.169236700077101	0.2662739322533137
11	0.7814186584425598	0.2559646539027982	0.11295296838858905	0.2559646539027982
6	0.22629144178874325	0.43166421207658323	0.20971472629144178	0.33313696612665683
6	0.7929838087895142	0.46494845360824744	0.2228218966846569	0.26008836524300444
10	0.1422513492675405	0.5901325478645066	0.07787201233616037	0.12341678939617085
10	0.287201233616037	0.5896907216494846	0.3608326908249807	0.18379970544919
7	0.4009252120277564	0.35095729013254784	0.1094834232845027	0.1958762886597938
7	0.22629144178874325	0.43166421207658323	0.20971472629144178	0.33313696612665683
7	0.774479568234387	0.4572901325478645	0.235929067077872	0.28424153166421207
0	0.6042791056283732	0.2895434462444772	0.169236700077101	0.13431516936671575
3	0.520431765612953	0.5580265095729013	0.45875096376252894	0.20589101620029454
11	0.6721279876638396	0.13313696612665685	0.169236700077101	0.06539027982326952
11	0.3907093292212799	0.1279823269513991	0.11295296838858905	0.031516936671575846
0	0.6042791056283732	0.2895434462444772	0.169236700077101	0.13431516936671575
3	0.520431765612953	0.5580265095729013	0.45875096376252894	0.20589101620029454
11	0.6721279876638396	0.13313696612665685	0.169236700077101	0.06539027982326952
6	0.22629144178874325	0.43166421207658323	0.20971472629144178	0.33313696612665683
10	0.1422513492675405	0.5901325478645066	0.07787201233616037	0.12341678939617085
7	0.4009252120277564	0.35095729013254784	0.1094834232845027	0.1958762886597938
4	0.21067848882035467	0.421060382916053	0.15844255975327678	0.3455081001472754
