6	1.5091145833333333	0.6399305555555556	0.03689236111111111	0.6399305555555556
6	0.6111111111111112	0.7590277777777777	0.21614583333333334	0.7590277777777777
13	0.6284722222222222	0.7982638888888889	0.2361111111111111	0.7982638888888889
6	1.5091145833333333	0.6399305555555556	0.03689236111111111	0.6399305555555556
6	0.6111111111111112	0.7590277777777777	0.21614583333333334	0.7590277777777777
13	0.6284722222222222	0.7982638888888889	0.2361111111111111	0.7982638888888889
6	0.7545572916666666	0.3199652777777778	0.03689236111111111	0.021180555555555557
6	0.3055555555555556	0.3795138888888889	0.21614583333333334	0.24097222222222223
13	0.3142361111111111	0.39913194444444444	0.2361111111111111	0.33229166666666665
0	0.5581597222222222	0.40989583333333335	0.09027777777777778	0.14618055555555556
6	0.7545572916666666	0.3199652777777778	0.03689236111111111	0.021180555555555557
13	0.3142361111111111	0.39913194444444444	0.2361111111111111	0.33229166666666665
