13	0.746310764	0.339756944	0.054253472	0.039236111
13	0.670355903	0.233506944	0.08984375	0.108680556
13	0.276258681	0.326388889	0.19921875	0.124305556
8	0.669921875	0.2546875	0.098524306	0.062847222
8	0.642795139	0.240972222	0.022569444	0.033333333
8	0.747612847	0.341145833	0.062934028	0.041319444
8	0.692708333	0.2453125	0.055555556	0.029513889
11	0.692491319	0.183159722	0.167100694	0.066319444
11	0.650607639	0.169791667	0.092881944	0.025694444
11	0.291232639	0.247743056	0.263888889	0.128125
11	0.123480903	0.741493056	0.076822917	0.088541667
1	0.293619792	0.240625	0.234809028	0.134722222
2	0.670355903	0.233506944	0.08984375	0.108680556
2	0.746310764	0.339756944	0.054253472	0.039236111
0	0.556857639	0.368055556	0.113715278	0.148611111
