0	1.1918482080112438	0.6647727272727273	0.13914265635980325	0.6647727272727273
10	1.7751229796205201	1.4659090909090908	0.054111033028812365	1.4659090909090908
10	0.11841180604356992	1.7536764705882353	0.058678847505270554	1.7536764705882353
13	1.4729444834855938	0.9278074866310161	0.2600140548137737	0.9278074866310161
11	0.12087139845397049	1.802807486631016	0.04708362614195362	1.802807486631016
11	1.7663387210119466	1.5153743315508021	0.05305692199578355	1.5153743315508021
11	1.4181307097680955	1.157085561497326	0.14054813773717498	1.157085561497326
3	1.1317638791286015	1.3693181818181819	0.4627547434996486	1.3693181818181819
0	1.1918482080112438	0.6647727272727273	0.13914265635980325	0.6647727272727273
10	1.7751229796205201	1.4659090909090908	0.054111033028812365	1.4659090909090908
10	0.11841180604356992	1.7536764705882353	0.058678847505270554	1.7536764705882353
13	1.4729444834855938	0.9278074866310161	0.2600140548137737	0.9278074866310161
11	0.12087139845397049	1.802807486631016	0.04708362614195362	1.802807486631016
11	1.7663387210119466	1.5153743315508021	0.05305692199578355	1.5153743315508021
11	1.4181307097680955	1.157085561497326	0.14054813773717498	1.157085561497326
3	1.1317638791286015	1.3693181818181819	0.4627547434996486	1.3693181818181819
3	0.5658819395643008	0.6846590909090909	0.4627547434996486	0.14338235294117646
0	0.5959241040056219	0.33238636363636365	0.13914265635980325	0.1427139037433155
10	0.8875614898102601	0.7329545454545454	0.054111033028812365	0.0929144385026738
10	0.05920590302178496	0.8768382352941176	0.058678847505270554	0.0945855614973262
13	0.7364722417427969	0.46390374331550804	0.2600140548137737	0.5327540106951871
11	0.060435699226985246	0.901403743315508	0.04708362614195362	0.06149732620320856
11	0.8831693605059733	0.7576871657754011	0.05305692199578355	0.0427807486631016
11	0.7090653548840478	0.578542780748663	0.14054813773717498	0.28342245989304815
0	0.5959241040056219	0.33238636363636365	0.13914265635980325	0.1427139037433155
10	0.8875614898102601	0.7329545454545454	0.054111033028812365	0.0929144385026738
13	0.7364722417427969	0.46390374331550804	0.2600140548137737	0.5327540106951871
11	0.060435699226985246	0.901403743315508	0.04708362614195362	0.06149732620320856
3	0.5658819395643008	0.6846590909090909	0.4627547434996486	0.14338235294117646
1	0.7362965565706254	0.6109625668449198	0.32993675333801825	0.2894385026737968
7	0.7362965565706254	0.6109625668449198	0.32993675333801825	0.2894385026737968
