13	1.3206380208333333	0.5110677083333334	0.1396484375	0.5110677083333334
13	0.7317708333333334	0.5732421875	0.171875	0.5732421875
13	1.5595703125	0.8997395833333334	0.06608072916666667	0.8997395833333334
6	1.3489583333333333	0.5442708333333334	0.10872395833333333	0.5442708333333334
6	0.7819010416666666	0.6455078125	0.21223958333333334	0.6455078125
13	1.3206380208333333	0.5110677083333334	0.1396484375	0.5110677083333334
13	0.7317708333333334	0.5732421875	0.171875	0.5732421875
13	1.5595703125	0.8997395833333334	0.06608072916666667	0.8997395833333334
6	1.3489583333333333	0.5442708333333334	0.10872395833333333	0.5442708333333334
6	0.7819010416666666	0.6455078125	0.21223958333333334	0.6455078125
13	0.6603190104166666	0.2555338541666667	0.1396484375	0.181640625
13	0.3658854166666667	0.28662109375	0.171875	0.2685546875
13	0.77978515625	0.4498697916666667	0.06608072916666667	0.09830729166666667
6	0.6744791666666666	0.2721354166666667	0.10872395833333333	0.20052083333333334
6	0.3909505208333333	0.32275390625	0.21223958333333334	0.3141276041666667
13	0.6603190104166666	0.2555338541666667	0.1396484375	0.181640625
6	0.6744791666666666	0.2721354166666667	0.10872395833333333	0.20052083333333334
5	0.71630859375	0.3942057291666667	0.18782552083333334	0.2942708333333333
