7	0.715776441	0.445198144	0.325787053	0.612638343
7	0.591262823	0.293288111	0.162362929	0.194573367
7	0.24672798	0.506961799	0.213300318	0.279900036
6	0.264414574	0.397715102	0.093031482	0.065690825
6	0.24672798	0.506961799	0.213300318	0.279900036
6	0.794304917	0.555158872	0.192076406	0.419850054
8	0.591262823	0.293288111	0.162362929	0.194573367
9	0.860629643	0.173687969	0.019808985	0.02534809
9	0.262469048	0.759728668	0.055889636	0.066404855
9	0.281924301	0.500892538	0.148567386	0.069975009
9	0.16360099	0.508032845	0.039264238	0.056408426
9	0.212946586	0.18511246	0.091262823	0.072474116
