13	1.4724409448818898	0.8873697916666666	0.24960629921259841	0.8873697916666666
13	0.5862204724409449	0.7093098958333334	0.19173228346456692	0.7093098958333334
5	1.4826771653543307	0.8365885416666666	0.18425196850393702	0.8365885416666666
5	0.5956692913385827	0.7669270833333334	0.19094488188976377	0.7669270833333334
6	0.6141732283464567	0.701171875	0.18976377952755905	0.701171875
6	1.449212598425197	0.8486328125	0.19094488188976377	0.8486328125
13	1.4724409448818898	0.8873697916666666	0.24960629921259841	0.8873697916666666
13	0.5862204724409449	0.7093098958333334	0.19173228346456692	0.7093098958333334
5	1.4826771653543307	0.8365885416666666	0.18425196850393702	0.8365885416666666
5	0.5956692913385827	0.7669270833333334	0.19094488188976377	0.7669270833333334
6	0.6141732283464567	0.701171875	0.18976377952755905	0.701171875
6	1.449212598425197	0.8486328125	0.19094488188976377	0.8486328125
13	0.7362204724409449	0.4436848958333333	0.24960629921259841	0.224609375
13	0.29311023622047244	0.3546549479166667	0.19173228346456692	0.2138671875
5	0.7413385826771653	0.4182942708333333	0.18425196850393702	0.1640625
5	0.29783464566929135	0.3834635416666667	0.19094488188976377	0.22135416666666666
6	0.30708661417322836	0.3505859375	0.18976377952755905	0.1796875
6	0.7246062992125984	0.42431640625	0.19094488188976377	0.1611328125
13	0.7362204724409449	0.4436848958333333	0.24960629921259841	0.224609375
5	0.7413385826771653	0.4182942708333333	0.18425196850393702	0.1640625
6	0.30708661417322836	0.3505859375	0.18976377952755905	0.1796875
11	0.35551181102362206	0.2508138020833333	0.16535433070866143	0.0478515625
