6	0.6579861111111112	0.7440972222222222	0.2361111111111111	0.7440972222222222
6	0.6002604166666666	0.5461805555555556	0.08116319444444445	0.5461805555555556
4	0.6319444444444444	0.7430555555555556	0.2586805555555556	0.7430555555555556
10	0.5789930555555556	1.132986111111111	0.2899305555555556	1.132986111111111
6	0.6579861111111112	0.7440972222222222	0.2361111111111111	0.7440972222222222
6	0.6002604166666666	0.5461805555555556	0.08116319444444445	0.5461805555555556
4	0.6319444444444444	0.7430555555555556	0.2586805555555556	0.7430555555555556
10	0.5789930555555556	1.132986111111111	0.2899305555555556	1.132986111111111
6	0.3289930555555556	0.3720486111111111	0.2361111111111111	0.29618055555555556
6	0.3001302083333333	0.2730902777777778	0.08116319444444445	0.07048611111111111
4	0.3159722222222222	0.3715277777777778	0.2586805555555556	0.33541666666666664
10	0.2894965277777778	0.5664930555555555	0.2899305555555556	0.1607638888888889
6	0.3289930555555556	0.3720486111111111	0.2361111111111111	0.29618055555555556
3	0.6108940972222222	0.5871527777777777	0.44140625	0.17430555555555555
4	0.3159722222222222	0.3715277777777778	0.2586805555555556	0.33541666666666664
10	0.2894965277777778	0.5664930555555555	0.2899305555555556	0.1607638888888889
