0	1.1070963541666667	0.6162109375	0.0888671875	0.6162109375
10	1.5807291666666667	1.6103515625	0.06510416666666667	1.6103515625
10	0.3196614583333333	1.53125	0.09765625	1.53125
11	0.3196614583333333	1.53125	0.09765625	1.53125
11	1.6005859375	1.6438802083333333	0.044596354166666664	1.6438802083333333
0	1.1070963541666667	0.6162109375	0.0888671875	0.6162109375
10	1.5807291666666667	1.6103515625	0.06510416666666667	1.6103515625
10	0.3196614583333333	1.53125	0.09765625	1.53125
11	0.3196614583333333	1.53125	0.09765625	1.53125
11	1.6005859375	1.6438802083333333	0.044596354166666664	1.6438802083333333
0	0.5535481770833334	0.30810546875	0.0888671875	0.08365885416666667
10	0.7903645833333334	0.80517578125	0.06510416666666667	0.10123697916666667
10	0.15983072916666666	0.765625	0.09765625	0.11263020833333333
11	0.15983072916666666	0.765625	0.09765625	0.11263020833333333
11	0.80029296875	0.8219401041666666	0.044596354166666664	0.07747395833333333
0	0.5535481770833334	0.30810546875	0.0888671875	0.08365885416666667
10	0.7903645833333334	0.80517578125	0.06510416666666667	0.10123697916666667
11	0.15983072916666666	0.765625	0.09765625	0.11263020833333333
