5	0.5704989154013015	1.1967625899280576	0.2378886478669559	1.1967625899280576
5	1.4266088214027477	1.1564748201438848	0.18872017353579176	1.1564748201438848
12	1.4508315256688358	0.5751798561151079	0.3127259580621837	0.5751798561151079
12	1.710412147505423	1.2863309352517986	0.0871294287780188	1.2863309352517986
5	0.5704989154013015	1.1967625899280576	0.2378886478669559	1.1967625899280576
5	1.4266088214027477	1.1564748201438848	0.18872017353579176	1.1564748201438848
12	1.4508315256688358	0.5751798561151079	0.3127259580621837	0.5751798561151079
12	1.710412147505423	1.2863309352517986	0.0871294287780188	1.2863309352517986
5	0.28524945770065074	0.5983812949640288	0.2378886478669559	0.3197841726618705
5	0.7133044107013738	0.5782374100719424	0.18872017353579176	0.43633093525179856
12	0.7254157628344179	0.28758992805755396	0.3127259580621837	0.3053956834532374
12	0.8552060737527115	0.6431654676258993	0.0871294287780188	0.4035971223021583
5	0.28524945770065074	0.5983812949640288	0.2378886478669559	0.3197841726618705
12	0.7254157628344179	0.28758992805755396	0.3127259580621837	0.3053956834532374
