8	1.4800347222222223	0.7909722222222222	0.0842013888888889	0.7909722222222222
4	1.4809027777777777	0.7871527777777778	0.09114583333333333	0.7871527777777778
4	1.2725694444444444	0.8517361111111111	0.11458333333333333	0.8517361111111111
7	1.3611111111111112	0.9170138888888889	0.2170138888888889	0.9170138888888889
7	1.4878472222222223	0.7847222222222222	0.0954861111111111	0.7847222222222222
13	1.3845486111111112	0.6642361111111111	0.1171875	0.6642361111111111
8	1.4800347222222223	0.7909722222222222	0.0842013888888889	0.7909722222222222
4	1.4809027777777777	0.7871527777777778	0.09114583333333333	0.7871527777777778
4	1.2725694444444444	0.8517361111111111	0.11458333333333333	0.8517361111111111
7	1.3611111111111112	0.9170138888888889	0.2170138888888889	0.9170138888888889
7	1.4878472222222223	0.7847222222222222	0.0954861111111111	0.7847222222222222
13	1.3845486111111112	0.6642361111111111	0.1171875	0.6642361111111111
8	0.7400173611111112	0.3954861111111111	0.0842013888888889	0.07222222222222222
4	0.7404513888888888	0.3935763888888889	0.09114583333333333	0.08020833333333334
4	0.6362847222222222	0.42586805555555557	0.11458333333333333	0.18159722222222222
7	0.6805555555555556	0.45850694444444445	0.2170138888888889	0.2954861111111111
7	0.7439236111111112	0.3923611111111111	0.0954861111111111	0.07291666666666667
13	0.6922743055555556	0.33211805555555557	0.1171875	0.10381944444444445
7	0.6805555555555556	0.45850694444444445	0.2170138888888889	0.2954861111111111
13	0.6922743055555556	0.33211805555555557	0.1171875	0.10381944444444445
8	0.7400173611111112	0.3954861111111111	0.0842013888888889	0.07222222222222222
4	0.7404513888888888	0.3935763888888889	0.09114583333333333	0.08020833333333334
11	0.6642795138888888	0.23472222222222222	0.26953125	0.19652777777777777
