0	1.1328125	0.5961805555555556	0.08072916666666667	0.5961805555555556
7	0.4709201388888889	0.9364583333333333	0.17838541666666666	0.9364583333333333
7	1.4822048611111112	1.0652777777777778	0.15147569444444445	1.0652777777777778
3	1.1202256944444444	1.0305555555555554	0.39453125	1.0305555555555554
0	1.1328125	0.5961805555555556	0.08072916666666667	0.5961805555555556
7	0.4709201388888889	0.9364583333333333	0.17838541666666666	0.9364583333333333
7	1.4822048611111112	1.0652777777777778	0.15147569444444445	1.0652777777777778
3	1.1202256944444444	1.0305555555555554	0.39453125	1.0305555555555554
3	0.5601128472222222	0.5152777777777777	0.39453125	0.14097222222222222
0	0.56640625	0.2980902777777778	0.08072916666666667	0.06631944444444444
7	0.23546006944444445	0.46822916666666664	0.17838541666666666	0.0920138888888889
7	0.7411024305555556	0.5326388888888889	0.15147569444444445	0.14791666666666667
0	0.56640625	0.2980902777777778	0.08072916666666667	0.06631944444444444
7	0.23546006944444445	0.46822916666666664	0.17838541666666666	0.0920138888888889
6	0.23546006944444445	0.46822916666666664	0.17838541666666666	0.0920138888888889
3	0.5601128472222222	0.5152777777777777	0.39453125	0.14097222222222222
