3	0.9457465277777778	1.2954861111111111	0.43359375	1.2954861111111111
0	1.0477430555555556	0.665625	0.1111111111111111	0.665625
0	0.8806423611111112	0.8184027777777778	0.2669270833333333	0.8184027777777778
3	0.9457465277777778	1.2954861111111111	0.43359375	1.2954861111111111
0	1.0477430555555556	0.665625	0.1111111111111111	0.665625
0	0.8806423611111112	0.8184027777777778	0.2669270833333333	0.8184027777777778
3	0.4728732638888889	0.6477430555555556	0.43359375	0.09618055555555556
0	0.5238715277777778	0.3328125	0.1111111111111111	0.10243055555555555
0	0.4403211805555556	0.4092013888888889	0.2669270833333333	0.24895833333333334
3	0.4728732638888889	0.6477430555555556	0.43359375	0.09618055555555556
0	0.5238715277777778	0.3328125	0.1111111111111111	0.10243055555555555
13	0.2660590277777778	0.3720486111111111	0.078125	0.09826388888888889
