7	1.4174757281553398	0.36151315789473687	0.2645631067961165	0.36151315789473687
7	0.752831715210356	0.3134868421052632	0.17354368932038836	0.3134868421052632
11	1.4283980582524272	0.3904605263157895	0.3029935275080906	0.3904605263157895
11	0.6533171521035599	0.2746710526315789	0.16949838187702265	0.2746710526315789
5	1.5323624595469256	1.0243421052631578	0.30016181229773464	1.0243421052631578
5	0.48624595469255666	1.2171052631578947	0.20307443365695793	1.2171052631578947
9	0.5186084142394822	1.2292763157894737	0.3478964401294498	1.2292763157894737
9	1.5323624595469256	1.0243421052631578	0.30016181229773464	1.0243421052631578
7	1.4174757281553398	0.36151315789473687	0.2645631067961165	0.36151315789473687
7	0.752831715210356	0.3134868421052632	0.17354368932038836	0.3134868421052632
11	1.4283980582524272	0.3904605263157895	0.3029935275080906	0.3904605263157895
11	0.6533171521035599	0.2746710526315789	0.16949838187702265	0.2746710526315789
5	1.5323624595469256	1.0243421052631578	0.30016181229773464	1.0243421052631578
5	0.48624595469255666	1.2171052631578947	0.20307443365695793	1.2171052631578947
9	0.5186084142394822	1.2292763157894737	0.3478964401294498	1.2292763157894737
9	1.5323624595469256	1.0243421052631578	0.30016181229773464	1.0243421052631578
7	0.7087378640776699	0.18075657894736843	0.2645631067961165	0.13585526315789473
7	0.376415857605178	0.1567434210526316	0.17354368932038836	0.08453947368421053
11	0.7141990291262136	0.19523026315789474	0.3029935275080906	0.17598684210526316
11	0.32665857605177995	0.13733552631578946	0.16949838187702265	0.06546052631578947
5	0.7661812297734628	0.5121710526315789	0.30016181229773464	0.6039473684210527
5	0.24312297734627833	0.6085526315789473	0.20307443365695793	0.4
9	0.2593042071197411	0.6146381578947369	0.3478964401294498	0.4411184210526316
9	0.7661812297734628	0.5121710526315789	0.30016181229773464	0.6039473684210527
7	0.7087378640776699	0.18075657894736843	0.2645631067961165	0.13585526315789473
11	0.7141990291262136	0.19523026315789474	0.3029935275080906	0.17598684210526316
13	0.6818365695792881	0.20773026315789472	0.11690938511326861	0.044407894736842105
5	0.7661812297734628	0.5121710526315789	0.30016181229773464	0.6039473684210527
9	0.2593042071197411	0.6146381578947369	0.3478964401294498	0.4411184210526316
0	0.5954692556634305	0.3111842105263158	0.13673139158576053	0.12105263157894737
