2	1.4791666666666667	1.4378472222222223	0.044270833333333336	1.4378472222222223
2	0.5316840277777778	0.8427083333333333	0.10633680555555555	0.8427083333333333
2	1.1649305555555556	0.4552083333333333	0.09895833333333333	0.4552083333333333
2	0.6883680555555556	0.42777777777777776	0.07291666666666667	0.42777777777777776
2	0.3919270833333333	1.0375	0.04904513888888889	1.0375
2	0.6922743055555556	1.0604166666666666	0.039496527777777776	1.0604166666666666
2	1.2191840277777777	0.6236111111111111	0.0881076388888889	0.6236111111111111
2	1.4175347222222223	1.0541666666666667	0.0546875	1.0541666666666667
2	0.5134548611111112	1.1225694444444445	0.031684027777777776	1.1225694444444445
2	1.4461805555555556	1.1777777777777778	0.06076388888888889	1.1777777777777778
2	0.5321180555555556	0.7114583333333333	0.052083333333333336	0.7114583333333333
13	0.6966145833333334	1.0628472222222223	0.037760416666666664	1.0628472222222223
13	1.4791666666666667	1.4378472222222223	0.044270833333333336	1.4378472222222223
13	0.5091145833333334	1.1243055555555554	0.031684027777777776	1.1243055555555554
13	1.4175347222222223	1.0541666666666667	0.0546875	1.0541666666666667
13	1.1948784722222223	0.5503472222222222	0.1228298611111111	0.5503472222222222
13	0.3901909722222222	1.0420138888888888	0.054253472222222224	1.0420138888888888
13	0.5377604166666666	0.71875	0.047309027777777776	0.71875
8	1.28515625	0.6486111111111111	0.021267361111111112	0.6486111111111111
8	1.4431423611111112	1.1670138888888888	0.05946180555555555	1.1670138888888888
8	0.5329861111111112	0.7152777777777778	0.049479166666666664	0.7152777777777778
8	0.5099826388888888	1.1246527777777777	0.031684027777777776	1.1246527777777777
8	1.4270833333333333	1.0475694444444446	0.06163194444444445	1.0475694444444446
8	1.1393229166666667	0.6076388888888888	0.021267361111111112	0.6076388888888888
8	0.3854166666666667	1.0319444444444446	0.06336805555555555	1.0319444444444446
8	1.4678819444444444	1.2041666666666666	0.034722222222222224	1.2041666666666666
8	0.5321180555555556	0.8430555555555556	0.11371527777777778	0.8430555555555556
8	0.6940104166666666	1.065625	0.04383680555555555	1.065625
11	1.1649305555555556	0.4552083333333333	0.09895833333333333	0.4552083333333333
11	0.6883680555555556	0.42777777777777776	0.07291666666666667	0.42777777777777776
9	0.6966145833333334	1.0628472222222223	0.037760416666666664	1.0628472222222223
9	0.5091145833333334	1.1243055555555554	0.031684027777777776	1.1243055555555554
2	1.4791666666666667	1.4378472222222223	0.044270833333333336	1.4378472222222223
2	0.5316840277777778	0.8427083333333333	0.10633680555555555	0.8427083333333333
2	1.1649305555555556	0.4552083333333333	0.09895833333333333	0.4552083333333333
2	0.6883680555555556	0.42777777777777776	0.07291666666666667	0.42777777777777776
2	0.3919270833333333	1.0375	0.04904513888888889	1.0375
2	0.6922743055555556	1.0604166666666666	0.039496527777777776	1.0604166666666666
2	1.2191840277777777	0.6236111111111111	0.0881076388888889	0.6236111111111111
2	1.4175347222222223	1.0541666666666667	0.0546875	1.0541666666666667
2	0.5134548611111112	1.1225694444444445	0.031684027777777776	1.1225694444444445
2	1.4461805555555556	1.1777777777777778	0.06076388888888889	1.1777777777777778
2	0.5321180555555556	0.7114583333333333	0.052083333333333336	0.7114583333333333
13	0.6966145833333334	1.0628472222222223	0.037760416666666664	1.0628472222222223
13	1.4791666666666667	1.4378472222222223	0.044270833333333336	1.4378472222222223
13	0.5091145833333334	1.1243055555555554	0.031684027777777776	1.1243055555555554
13	1.4175347222222223	1.0541666666666667	0.0546875	1.0541666666666667
13	1.1948784722222223	0.5503472222222222	0.1228298611111111	0.5503472222222222
13	0.3901909722222222	1.0420138888888888	0.054253472222222224	1.0420138888888888
13	0.5377604166666666	0.71875	0.047309027777777776	0.71875
8	1.28515625	0.6486111111111111	0.021267361111111112	0.6486111111111111
8	1.4431423611111112	1.1670138888888888	0.05946180555555555	1.1670138888888888
8	0.5329861111111112	0.7152777777777778	0.049479166666666664	0.7152777777777778
8	0.5099826388888888	1.1246527777777777	0.031684027777777776	1.1246527777777777
8	1.4270833333333333	1.0475694444444446	0.06163194444444445	1.0475694444444446
8	1.1393229166666667	0.6076388888888888	0.021267361111111112	0.6076388888888888
8	0.3854166666666667	1.0319444444444446	0.06336805555555555	1.0319444444444446
8	1.4678819444444444	1.2041666666666666	0.034722222222222224	1.2041666666666666
8	0.5321180555555556	0.8430555555555556	0.11371527777777778	0.8430555555555556
8	0.6940104166666666	1.065625	0.04383680555555555	1.065625
11	1.1649305555555556	0.4552083333333333	0.09895833333333333	0.4552083333333333
11	0.6883680555555556	0.42777777777777776	0.07291666666666667	0.42777777777777776
9	0.6966145833333334	1.0628472222222223	0.037760416666666664	1.0628472222222223
9	0.5091145833333334	1.1243055555555554	0.031684027777777776	1.1243055555555554
9	0.3483072916666667	0.5314236111111111	0.037760416666666664	0.043402777777777776
9	0.2545572916666667	0.5621527777777777	0.031684027777777776	0.03680555555555556
2	0.7395833333333334	0.7189236111111111	0.044270833333333336	0.05590277777777778
2	0.2658420138888889	0.42135416666666664	0.10633680555555555	0.03993055555555555
2	0.5824652777777778	0.22760416666666666	0.09895833333333333	0.109375
2	0.3441840277777778	0.21388888888888888	0.07291666666666667	0.07291666666666667
2	0.19596354166666666	0.51875	0.04904513888888889	0.03958333333333333
2	0.3461371527777778	0.5302083333333333	0.039496527777777776	0.049305555555555554
2	0.6095920138888888	0.31180555555555556	0.0881076388888889	0.034722222222222224
2	0.7087673611111112	0.5270833333333333	0.0546875	0.034027777777777775
2	0.2567274305555556	0.5612847222222223	0.031684027777777776	0.036458333333333336
2	0.7230902777777778	0.5888888888888889	0.06076388888888889	0.06041666666666667
2	0.2660590277777778	0.35572916666666665	0.052083333333333336	0.03993055555555555
13	0.3483072916666667	0.5314236111111111	0.037760416666666664	0.043402777777777776
13	0.7395833333333334	0.7189236111111111	0.044270833333333336	0.05590277777777778
13	0.2545572916666667	0.5621527777777777	0.031684027777777776	0.03680555555555556
13	0.7087673611111112	0.5270833333333333	0.0546875	0.034027777777777775
13	0.5974392361111112	0.2751736111111111	0.1228298611111111	0.121875
13	0.1950954861111111	0.5210069444444444	0.054253472222222224	0.03854166666666667
13	0.2688802083333333	0.359375	0.047309027777777776	0.030555555555555555
8	0.642578125	0.32430555555555557	0.021267361111111112	0.011805555555555555
8	0.7215711805555556	0.5835069444444444	0.05946180555555555	0.06215277777777778
8	0.2664930555555556	0.3576388888888889	0.049479166666666664	0.04513888888888889
8	0.2549913194444444	0.5623263888888889	0.031684027777777776	0.04201388888888889
8	0.7135416666666666	0.5237847222222223	0.06163194444444445	0.03576388888888889
8	0.5696614583333334	0.3038194444444444	0.021267361111111112	0.013888888888888888
8	0.19270833333333334	0.5159722222222223	0.06336805555555555	0.04097222222222222
8	0.7339409722222222	0.6020833333333333	0.034722222222222224	0.022916666666666665
8	0.2660590277777778	0.4215277777777778	0.11371527777777778	0.04236111111111111
8	0.3470052083333333	0.5328125	0.04383680555555555	0.04895833333333333
11	0.5824652777777778	0.22760416666666666	0.09895833333333333	0.109375
11	0.3441840277777778	0.21388888888888888	0.07291666666666667	0.07291666666666667
2	0.7395833333333334	0.7189236111111111	0.044270833333333336	0.05590277777777778
13	0.3483072916666667	0.5314236111111111	0.037760416666666664	0.043402777777777776
8	0.642578125	0.32430555555555557	0.021267361111111112	0.011805555555555555
11	0.5824652777777778	0.22760416666666666	0.09895833333333333	0.109375
9	0.3483072916666667	0.5314236111111111	0.037760416666666664	0.043402777777777776
