11	0.25364543361473524	1.807185628742515	0.05487336914811972	1.807185628742515
11	0.6519570222563316	0.22634730538922157	0.08019953952417498	0.22634730538922157
11	1.7095165003837298	1.7610778443113773	0.05257099002302379	1.7610778443113773
7	0.7709132770529548	0.3020958083832335	0.07559478127398311	0.3020958083832335
13	1.5249424405218726	0.5254491017964071	0.21872601688411358	0.5254491017964071
13	0.7348426707597852	0.34281437125748504	0.0955487336914812	0.34281437125748504
10	1.7095165003837298	1.7610778443113773	0.05257099002302379	1.7610778443113773
10	0.2563315425940138	1.8161676646706586	0.04528012279355334	1.8161676646706586
11	0.25364543361473524	1.807185628742515	0.05487336914811972	1.807185628742515
11	0.6519570222563316	0.22634730538922157	0.08019953952417498	0.22634730538922157
11	1.7095165003837298	1.7610778443113773	0.05257099002302379	1.7610778443113773
7	0.7709132770529548	0.3020958083832335	0.07559478127398311	0.3020958083832335
13	1.5249424405218726	0.5254491017964071	0.21872601688411358	0.5254491017964071
13	0.7348426707597852	0.34281437125748504	0.0955487336914812	0.34281437125748504
10	1.7095165003837298	1.7610778443113773	0.05257099002302379	1.7610778443113773
10	0.2563315425940138	1.8161676646706586	0.04528012279355334	1.8161676646706586
11	0.12682271680736762	0.9035928143712575	0.05487336914811972	0.037125748502994015
11	0.3259785111281658	0.11317365269461079	0.08019953952417498	0.03293413173652695
11	0.8547582501918649	0.8805389221556886	0.05257099002302379	0.038922155688622756
7	0.3854566385264774	0.15104790419161676	0.07559478127398311	0.038622754491017965
13	0.7624712202609363	0.26272455089820357	0.21872601688411358	0.22365269461077844
13	0.3674213353798926	0.17140718562874252	0.0955487336914812	0.1062874251497006
10	0.8547582501918649	0.8805389221556886	0.05257099002302379	0.038922155688622756
10	0.1281657712970069	0.9080838323353293	0.04528012279355334	0.04311377245508982
13	0.7624712202609363	0.26272455089820357	0.21872601688411358	0.22365269461077844
10	0.8547582501918649	0.8805389221556886	0.05257099002302379	0.038922155688622756
11	0.12682271680736762	0.9035928143712575	0.05487336914811972	0.037125748502994015
7	0.3854566385264774	0.15104790419161676	0.07559478127398311	0.038622754491017965
6	0.7624712202609363	0.26272455089820357	0.21872601688411358	0.22365269461077844
