2	1.4856770833333333	1.0399305555555556	0.08289930555555555	1.0399305555555556
2	1.375	0.6954861111111111	0.19270833333333334	0.6954861111111111
2	1.4670138888888888	1.4416666666666667	0.08159722222222222	1.4416666666666667
8	1.4388020833333333	0.8305555555555556	0.16710069444444445	0.8305555555555556
8	1.4887152777777777	1.042361111111111	0.07118055555555555	1.042361111111111
8	1.4652777777777777	1.4510416666666666	0.08072916666666667	1.4510416666666666
13	1.4583333333333333	1.4423611111111112	0.0642361111111111	1.4423611111111112
13	1.4856770833333333	1.0399305555555556	0.08289930555555555	1.0399305555555556
13	1.4149305555555556	0.7239583333333334	0.1545138888888889	0.7239583333333334
2	1.4856770833333333	1.0399305555555556	0.08289930555555555	1.0399305555555556
2	1.375	0.6954861111111111	0.19270833333333334	0.6954861111111111
2	1.4670138888888888	1.4416666666666667	0.08159722222222222	1.4416666666666667
8	1.4388020833333333	0.8305555555555556	0.16710069444444445	0.8305555555555556
8	1.4887152777777777	1.042361111111111	0.07118055555555555	1.042361111111111
8	1.4652777777777777	1.4510416666666666	0.08072916666666667	1.4510416666666666
13	1.4583333333333333	1.4423611111111112	0.0642361111111111	1.4423611111111112
13	1.4856770833333333	1.0399305555555556	0.08289930555555555	1.0399305555555556
13	1.4149305555555556	0.7239583333333334	0.1545138888888889	0.7239583333333334
2	0.7428385416666666	0.5199652777777778	0.08289930555555555	0.04618055555555556
2	0.6875	0.34774305555555557	0.19270833333333334	0.14756944444444445
2	0.7335069444444444	0.7208333333333333	0.08159722222222222	0.052083333333333336
8	0.7194010416666666	0.4152777777777778	0.16710069444444445	0.26180555555555557
8	0.7443576388888888	0.5211805555555555	0.07118055555555555	0.04583333333333333
8	0.7326388888888888	0.7255208333333333	0.08072916666666667	0.05798611111111111
13	0.7291666666666666	0.7211805555555556	0.0642361111111111	0.04652777777777778
13	0.7428385416666666	0.5199652777777778	0.08289930555555555	0.04618055555555556
13	0.7074652777777778	0.3619791666666667	0.1545138888888889	0.14895833333333333
13	0.7291666666666666	0.7211805555555556	0.0642361111111111	0.04652777777777778
2	0.7428385416666666	0.5199652777777778	0.08289930555555555	0.04618055555555556
8	0.7194010416666666	0.4152777777777778	0.16710069444444445	0.26180555555555557
