11	1.4601510067114094	0.4835434173669468	0.1363255033557047	0.4835434173669468
11	1.5306208053691275	0.5518207282913166	0.15226510067114093	0.5518207282913166
11	1.3276006711409396	0.4726890756302521	0.11703020134228188	0.4726890756302521
11	0.7634228187919463	0.45448179271708683	0.11241610738255034	0.45448179271708683
11	0.6824664429530202	0.47549019607843135	0.1078020134228188	0.47549019607843135
13	1.4958053691275168	0.8991596638655462	0.18791946308724833	0.8991596638655462
10	1.5901845637583893	1.1862745098039216	0.2462248322147651	1.1862745098039216
7	1.4886744966442953	1.0255602240896358	0.1967281879194631	1.0255602240896358
11	1.4601510067114094	0.4835434173669468	0.1363255033557047	0.4835434173669468
11	1.5306208053691275	0.5518207282913166	0.15226510067114093	0.5518207282913166
11	1.3276006711409396	0.4726890756302521	0.11703020134228188	0.4726890756302521
11	0.7634228187919463	0.45448179271708683	0.11241610738255034	0.45448179271708683
11	0.6824664429530202	0.47549019607843135	0.1078020134228188	0.47549019607843135
13	1.4958053691275168	0.8991596638655462	0.18791946308724833	0.8991596638655462
10	1.5901845637583893	1.1862745098039216	0.2462248322147651	1.1862745098039216
7	1.4886744966442953	1.0255602240896358	0.1967281879194631	1.0255602240896358
11	0.7300755033557047	0.2417717086834734	0.1363255033557047	0.04656862745098039
11	0.7653104026845637	0.2759103641456583	0.15226510067114093	0.10014005602240897
11	0.6638003355704698	0.23634453781512604	0.11703020134228188	0.025210084033613446
11	0.38171140939597314	0.22724089635854341	0.11241610738255034	0.018207282913165267
11	0.3412332214765101	0.23774509803921567	0.1078020134228188	0.03221288515406162
13	0.7479026845637584	0.4495798319327731	0.18791946308724833	0.07983193277310924
10	0.7950922818791947	0.5931372549019608	0.2462248322147651	0.32142857142857145
7	0.7443372483221476	0.5127801120448179	0.1967281879194631	0.17471988795518206
7	0.7443372483221476	0.5127801120448179	0.1967281879194631	0.17471988795518206
3	0.5406879194630873	0.6293767507002801	0.3959731543624161	0.16141456582633054
11	0.7300755033557047	0.2417717086834734	0.1363255033557047	0.04656862745098039
13	0.7479026845637584	0.4495798319327731	0.18791946308724833	0.07983193277310924
10	0.7950922818791947	0.5931372549019608	0.2462248322147651	0.32142857142857145
0	0.5608221476510067	0.3792016806722689	0.11493288590604027	0.11274509803921569
