13	0.4755905511811024	0.5305989583333334	0.15118110236220472	0.5305989583333334
0	1.031496062992126	0.7366536458333334	0.2377952755905512	0.7366536458333334
0	1.1562992125984253	0.6608072916666666	0.12244094488188977	0.6608072916666666
13	0.4755905511811024	0.5305989583333334	0.15118110236220472	0.5305989583333334
0	1.031496062992126	0.7366536458333334	0.2377952755905512	0.7366536458333334
0	1.1562992125984253	0.6608072916666666	0.12244094488188977	0.6608072916666666
13	0.2377952755905512	0.2652994791666667	0.15118110236220472	0.14388020833333334
0	0.515748031496063	0.3683268229166667	0.2377952755905512	0.1650390625
0	0.5781496062992126	0.3304036458333333	0.12244094488188977	0.11197916666666667
6	0.2377952755905512	0.2652994791666667	0.15118110236220472	0.14388020833333334
0	0.515748031496063	0.3683268229166667	0.2377952755905512	0.1650390625
13	0.2377952755905512	0.2652994791666667	0.15118110236220472	0.14388020833333334
