9	0.4934640522875817	0.817932296431839	0.45294117647058824	0.817932296431839
9	1.3330065359477123	0.12564806343397378	0.15849673202614378	0.12564806343397378
9	0.6049019607843137	0.15279048490393413	0.12254901960784313	0.15279048490393413
9	1.0712418300653594	0.13083257090576395	0.596078431372549	0.13083257090576395
9	0.21862745098039216	1.082342177493138	0.21470588235294116	1.082342177493138
9	0.2911764705882353	0.5202805733455321	0.1218954248366013	0.5202805733455321
9	1.4617647058823529	0.7130222628850259	0.2107843137254902	0.7130222628850259
0	1.1549019607843136	0.6175663311985361	0.1111111111111111	0.6175663311985361
4	0.6375816993464052	0.7203415675510827	0.2173202614379085	0.7203415675510827
7	0.6375816993464052	0.7203415675510827	0.2173202614379085	0.7203415675510827
7	1.5568627450980392	0.8612381823726746	0.19477124183006536	0.8612381823726746
9	0.4934640522875817	0.817932296431839	0.45294117647058824	0.817932296431839
9	1.3330065359477123	0.12564806343397378	0.15849673202614378	0.12564806343397378
9	0.6049019607843137	0.15279048490393413	0.12254901960784313	0.15279048490393413
9	1.0712418300653594	0.13083257090576395	0.596078431372549	0.13083257090576395
9	0.21862745098039216	1.082342177493138	0.21470588235294116	1.082342177493138
9	0.2911764705882353	0.5202805733455321	0.1218954248366013	0.5202805733455321
9	1.4617647058823529	0.7130222628850259	0.2107843137254902	0.7130222628850259
0	1.1549019607843136	0.6175663311985361	0.1111111111111111	0.6175663311985361
4	0.6375816993464052	0.7203415675510827	0.2173202614379085	0.7203415675510827
7	0.6375816993464052	0.7203415675510827	0.2173202614379085	0.7203415675510827
7	1.5568627450980392	0.8612381823726746	0.19477124183006536	0.8612381823726746
9	0.24673202614379086	0.4089661482159195	0.45294117647058824	0.31473010064043916
9	0.6665032679738562	0.06282403171698689	0.15849673202614378	0.10491003354681305
9	0.30245098039215684	0.07639524245196706	0.12254901960784313	0.12168344007319305
9	0.5356209150326797	0.06541628545288197	0.596078431372549	0.12656297651723086
9	0.10931372549019608	0.541171088746569	0.21470588235294116	0.8469045440683135
9	0.14558823529411766	0.26014028667276606	0.1218954248366013	0.21469960353766393
9	0.7308823529411764	0.35651113144251295	0.2107843137254902	0.25373589508996647
0	0.5774509803921568	0.30878316559926805	0.1111111111111111	0.1296126867947545
4	0.3187908496732026	0.36017078377554135	0.2173202614379085	0.3513266239707228
7	0.3187908496732026	0.36017078377554135	0.2173202614379085	0.3513266239707228
7	0.7784313725490196	0.4306190911863373	0.19477124183006536	0.3897529734675206
9	0.24673202614379086	0.4089661482159195	0.45294117647058824	0.31473010064043916
0	0.5774509803921568	0.30878316559926805	0.1111111111111111	0.1296126867947545
4	0.3187908496732026	0.36017078377554135	0.2173202614379085	0.3513266239707228
3	0.5544117647058824	0.5861543153400427	0.384640522875817	0.10491003354681305
12	0.2725490196078431	0.4056114669106435	0.36993464052287583	0.6245806648368405
7	0.3187908496732026	0.36017078377554135	0.2173202614379085	0.3513266239707228
