7	0.5417857142857143	0.8636201356658336	0.1025	0.8636201356658336
7	1.6321428571428571	1.2927525883612996	0.019285714285714285	1.2927525883612996
7	1.5042857142857142	0.920742591931453	0.035	0.920742591931453
7	0.5757142857142857	1.2256337022491968	0.205	1.2256337022491968
11	0.5896428571428571	1.4562656194216352	0.24678571428571427	1.4562656194216352
11	1.4892857142857143	1.4762584791146018	0.18285714285714286	1.4762584791146018
11	0.6903571428571429	0.5865762227775795	0.14464285714285716	0.5865762227775795
11	0.5757142857142857	1.2256337022491968	0.205	1.2256337022491968
11	1.407857142857143	1.162084969653695	0.25642857142857145	1.162084969653695
11	0.5339285714285714	0.8550517672259907	0.11607142857142858	0.8550517672259907
11	1.3996428571428572	0.900035701535166	0.11035714285714286	0.900035701535166
11	1.6307142857142858	1.2477686540521242	0.03642857142857143	1.2477686540521242
11	1.6685714285714286	1.5647982863263121	0.03785714285714286	1.5647982863263121
2	0.5385714285714286	0.8711174580506962	0.10928571428571429	0.8711174580506962
2	1.6307142857142858	1.2477686540521242	0.03642857142857143	1.2477686540521242
2	1.407857142857143	1.162084969653695	0.25642857142857145	1.162084969653695
2	0.5517857142857143	1.2277757943591574	0.17535714285714285	1.2277757943591574
2	1.5121428571428572	1.4848268475544448	0.19142857142857142	1.4848268475544448
2	0.6953571428571429	0.5901463762941807	0.1425	0.5901463762941807
2	0.5660714285714286	1.452695465905034	0.2125	1.452695465905034
2	1.4310714285714285	0.4002142092109961	0.0275	0.4002142092109961
2	1.3996428571428572	0.900035701535166	0.11035714285714286	0.900035701535166
0	1.1303571428571428	0.623348803998572	0.11178571428571428	0.623348803998572
8	1.302142857142857	0.42199214566226345	0.05	0.42199214566226345
8	1.424642857142857	0.4123527311674402	0.025357142857142856	0.4123527311674402
7	0.5417857142857143	0.8636201356658336	0.1025	0.8636201356658336
7	1.6321428571428571	1.2927525883612996	0.019285714285714285	1.2927525883612996
7	1.5042857142857142	0.920742591931453	0.035	0.920742591931453
7	0.5757142857142857	1.2256337022491968	0.205	1.2256337022491968
11	0.5896428571428571	1.4562656194216352	0.24678571428571427	1.4562656194216352
11	1.4892857142857143	1.4762584791146018	0.18285714285714286	1.4762584791146018
11	0.6903571428571429	0.5865762227775795	0.14464285714285716	0.5865762227775795
11	0.5757142857142857	1.2256337022491968	0.205	1.2256337022491968
11	1.407857142857143	1.162084969653695	0.25642857142857145	1.162084969653695
11	0.5339285714285714	0.8550517672259907	0.11607142857142858	0.8550517672259907
11	1.3996428571428572	0.900035701535166	0.11035714285714286	0.900035701535166
11	1.6307142857142858	1.2477686540521242	0.03642857142857143	1.2477686540521242
11	1.6685714285714286	1.5647982863263121	0.03785714285714286	1.5647982863263121
2	0.5385714285714286	0.8711174580506962	0.10928571428571429	0.8711174580506962
2	1.6307142857142858	1.2477686540521242	0.03642857142857143	1.2477686540521242
2	1.407857142857143	1.162084969653695	0.25642857142857145	1.162084969653695
2	0.5517857142857143	1.2277757943591574	0.17535714285714285	1.2277757943591574
2	1.5121428571428572	1.4848268475544448	0.19142857142857142	1.4848268475544448
2	0.6953571428571429	0.5901463762941807	0.1425	0.5901463762941807
2	0.5660714285714286	1.452695465905034	0.2125	1.452695465905034
2	1.4310714285714285	0.4002142092109961	0.0275	0.4002142092109961
2	1.3996428571428572	0.900035701535166	0.11035714285714286	0.900035701535166
0	1.1303571428571428	0.623348803998572	0.11178571428571428	0.623348803998572
8	1.302142857142857	0.42199214566226345	0.05	0.42199214566226345
8	1.424642857142857	0.4123527311674402	0.025357142857142856	0.4123527311674402
7	0.27089285714285716	0.4318100678329168	0.1025	0.10460549803641557
7	0.8160714285714286	0.6463762941806498	0.019285714285714285	0.07318814709032488
7	0.7521428571428571	0.4603712959657265	0.035	0.06104962513388076
7	0.28785714285714287	0.6128168511245984	0.205	0.14244912531238843
11	0.29482142857142857	0.7281328097108176	0.24678571428571427	0.0567654409139593
11	0.7446428571428572	0.7381292395573009	0.18285714285714286	0.09103891467333096
11	0.34517857142857145	0.29328811138878974	0.14464285714285716	0.16958229203855765
11	0.28785714285714287	0.6128168511245984	0.205	0.14244912531238843
11	0.7039285714285715	0.5810424848268475	0.25642857142857145	0.25312388432702604
11	0.2669642857142857	0.42752588361299537	0.11607142857142858	0.12317029632274187
11	0.6998214285714286	0.450017850767583	0.11035714285714286	0.15958586219207427
11	0.8153571428571429	0.6238843270260621	0.03642857142857143	0.11531595858621921
11	0.8342857142857143	0.7823991431631561	0.03785714285714286	0.05605141021063906
2	0.2692857142857143	0.4355587290253481	0.10928571428571429	0.11924312745448054
2	0.8153571428571429	0.6238843270260621	0.03642857142857143	0.11531595858621921
2	0.7039285714285715	0.5810424848268475	0.25642857142857145	0.25312388432702604
2	0.27589285714285716	0.6138878971795787	0.17535714285714285	0.12816851124598358
2	0.7560714285714286	0.7424134237772224	0.19142857142857142	0.09603712959657265
2	0.34767857142857145	0.2950731881470903	0.1425	0.17458050696179936
2	0.2830357142857143	0.726347732952517	0.2125	0.07247411638700464
2	0.7155357142857143	0.20010710460549805	0.0275	0.06890396287040343
2	0.6998214285714286	0.450017850767583	0.11035714285714286	0.15958586219207427
0	0.5651785714285714	0.311674401999286	0.11178571428571428	0.1270974651910032
8	0.6510714285714285	0.21099607283113173	0.05	0.03855765797929311
8	0.7123214285714285	0.2061763655837201	0.025357142857142856	0.06104962513388076
7	0.27089285714285716	0.4318100678329168	0.1025	0.10460549803641557
11	0.29482142857142857	0.7281328097108176	0.24678571428571427	0.0567654409139593
2	0.2692857142857143	0.4355587290253481	0.10928571428571429	0.11924312745448054
0	0.5651785714285714	0.311674401999286	0.11178571428571428	0.1270974651910032
8	0.6510714285714285	0.21099607283113173	0.05	0.03855765797929311
3	0.5741071428571428	0.6349518029275258	0.36964285714285716	0.14744734023563014
13	0.22	0.41717243841485185	0.029285714285714286	0.10389146733309532
10	0.8342857142857143	0.7823991431631561	0.03785714285714286	0.05605141021063906
