13	0.37451171875	0.782	0.06201171875	0.782
13	1.3564453125	0.6088	0.1328125	0.6088
13	0.4345703125	0.574	0.0478515625	0.574
6	0.46728515625	0.6812	0.09326171875	0.6812
6	1.4208984375	0.7036	0.236328125	0.7036
6	1.50244140625	0.9772	0.10498046875	0.9772
11	1.70849609375	1.4308	0.04345703125	1.4308
10	1.677734375	1.4436	0.0625	1.4436
13	0.37451171875	0.782	0.06201171875	0.782
13	1.3564453125	0.6088	0.1328125	0.6088
13	0.4345703125	0.574	0.0478515625	0.574
6	0.46728515625	0.6812	0.09326171875	0.6812
6	1.4208984375	0.7036	0.236328125	0.7036
6	1.50244140625	0.9772	0.10498046875	0.9772
11	1.70849609375	1.4308	0.04345703125	1.4308
10	1.677734375	1.4436	0.0625	1.4436
13	0.187255859375	0.391	0.06201171875	0.0252
13	0.67822265625	0.3044	0.1328125	0.2184
13	0.21728515625	0.287	0.0478515625	0.03
6	0.233642578125	0.3406	0.09326171875	0.1388
6	0.71044921875	0.3518	0.236328125	0.29
6	0.751220703125	0.4886	0.10498046875	0.1492
11	0.854248046875	0.7154	0.04345703125	0.0564
10	0.8388671875	0.7218	0.0625	0.0596
13	0.187255859375	0.391	0.06201171875	0.0252
6	0.233642578125	0.3406	0.09326171875	0.1388
11	0.854248046875	0.7154	0.04345703125	0.0564
7	0.7109375	0.3436	0.2109375	0.288
10	0.8388671875	0.7218	0.0625	0.0596
