11	0.7569444444444444	0.39131944444444444	0.15364583333333334	0.39131944444444444
11	1.3997395833333333	0.41805555555555557	0.0993923611111111	0.41805555555555557
8	0.2842881944444444	1.4069444444444446	0.031684027777777776	1.4069444444444446
8	0.9006076388888888	0.6527777777777778	0.05859375	0.6527777777777778
8	0.3793402777777778	1.1107638888888889	0.03211805555555555	1.1107638888888889
9	1.71484375	1.3118055555555554	0.05251736111111111	1.3118055555555554
9	1.5811631944444444	0.9392361111111112	0.07161458333333333	0.9392361111111112
9	1.671875	1.1038194444444445	0.03819444444444445	1.1038194444444445
9	0.1015625	0.7215277777777778	0.0234375	0.7215277777777778
9	0.3337673611111111	0.9201388888888888	0.04470486111111111	0.9201388888888888
9	0.1449652777777778	0.6868055555555556	0.022569444444444444	0.6868055555555556
9	1.2530381944444444	0.4829861111111111	0.030815972222222224	0.4829861111111111
9	0.375	1.1107638888888889	0.033854166666666664	1.1107638888888889
9	1.5169270833333333	0.765625	0.0681423611111111	0.765625
9	0.1371527777777778	0.5375	0.0390625	0.5375
9	0.2808159722222222	1.403125	0.037760416666666664	1.403125
9	1.6684027777777777	0.8270833333333333	0.03732638888888889	0.8270833333333333
11	0.7569444444444444	0.39131944444444444	0.15364583333333334	0.39131944444444444
11	1.3997395833333333	0.41805555555555557	0.0993923611111111	0.41805555555555557
8	0.2842881944444444	1.4069444444444446	0.031684027777777776	1.4069444444444446
8	0.9006076388888888	0.6527777777777778	0.05859375	0.6527777777777778
8	0.3793402777777778	1.1107638888888889	0.03211805555555555	1.1107638888888889
9	1.71484375	1.3118055555555554	0.05251736111111111	1.3118055555555554
9	1.5811631944444444	0.9392361111111112	0.07161458333333333	0.9392361111111112
9	1.671875	1.1038194444444445	0.03819444444444445	1.1038194444444445
9	0.1015625	0.7215277777777778	0.0234375	0.7215277777777778
9	0.3337673611111111	0.9201388888888888	0.04470486111111111	0.9201388888888888
9	0.1449652777777778	0.6868055555555556	0.022569444444444444	0.6868055555555556
9	1.2530381944444444	0.4829861111111111	0.030815972222222224	0.4829861111111111
9	0.375	1.1107638888888889	0.033854166666666664	1.1107638888888889
9	1.5169270833333333	0.765625	0.0681423611111111	0.765625
9	0.1371527777777778	0.5375	0.0390625	0.5375
9	0.2808159722222222	1.403125	0.037760416666666664	1.403125
9	1.6684027777777777	0.8270833333333333	0.03732638888888889	0.8270833333333333
11	0.3784722222222222	0.19565972222222222	0.15364583333333334	0.022569444444444444
11	0.6998697916666666	0.20902777777777778	0.0993923611111111	0.02847222222222222
8	0.1421440972222222	0.7034722222222223	0.031684027777777776	0.027083333333333334
8	0.4503038194444444	0.3263888888888889	0.05859375	0.05277777777777778
8	0.1896701388888889	0.5553819444444444	0.03211805555555555	0.024652777777777777
9	0.857421875	0.6559027777777777	0.05251736111111111	0.06458333333333334
9	0.7905815972222222	0.4696180555555556	0.07161458333333333	0.042708333333333334
9	0.8359375	0.5519097222222222	0.03819444444444445	0.04479166666666667
9	0.05078125	0.3607638888888889	0.0234375	0.019444444444444445
9	0.16688368055555555	0.4600694444444444	0.04470486111111111	0.04652777777777778
9	0.0724826388888889	0.3434027777777778	0.022569444444444444	0.03194444444444444
9	0.6265190972222222	0.24149305555555556	0.030815972222222224	0.03229166666666667
9	0.1875	0.5553819444444444	0.033854166666666664	0.02673611111111111
9	0.7584635416666666	0.3828125	0.0681423611111111	0.03229166666666667
9	0.0685763888888889	0.26875	0.0390625	0.043055555555555555
9	0.1404079861111111	0.7015625	0.037760416666666664	0.030208333333333334
9	0.8342013888888888	0.41354166666666664	0.03732638888888889	0.027777777777777776
8	0.1421440972222222	0.7034722222222223	0.031684027777777776	0.027083333333333334
7	0.857421875	0.6559027777777777	0.05251736111111111	0.06458333333333334
9	0.857421875	0.6559027777777777	0.05251736111111111	0.06458333333333334
13	0.779296875	0.5973958333333333	0.16710069444444445	0.049652777777777775
0	0.5815972222222222	0.375	0.1189236111111111	0.0875
11	0.3784722222222222	0.19565972222222222	0.15364583333333334	0.022569444444444444
