0	1.1633733239237827	0.7888815354070152	0.10832745236414962	0.7888815354070152
10	0.44283697953422724	1.5741230972865652	0.21559633027522937	1.5741230972865652
10	0.24488355681016233	1.5274652547981469	0.028228652081863093	1.5274652547981469
13	0.4251940719830628	1.3365320979483786	0.10832745236414962	1.3365320979483786
7	0.4918842625264644	1.4884182660489742	0.1834862385321101	1.4884182660489742
11	0.24488355681016233	1.5274652547981469	0.028228652081863093	1.5274652547981469
11	0.4918842625264644	1.4884182660489742	0.1834862385321101	1.4884182660489742
3	1.1961891319689484	1.49735274652548	0.4389555398729711	1.49735274652548
0	1.1633733239237827	0.7888815354070152	0.10832745236414962	0.7888815354070152
10	0.44283697953422724	1.5741230972865652	0.21559633027522937	1.5741230972865652
10	0.24488355681016233	1.5274652547981469	0.028228652081863093	1.5274652547981469
13	0.4251940719830628	1.3365320979483786	0.10832745236414962	1.3365320979483786
7	0.4918842625264644	1.4884182660489742	0.1834862385321101	1.4884182660489742
11	0.24488355681016233	1.5274652547981469	0.028228652081863093	1.5274652547981469
11	0.4918842625264644	1.4884182660489742	0.1834862385321101	1.4884182660489742
3	1.1961891319689484	1.49735274652548	0.4389555398729711	1.49735274652548
0	0.5816866619618913	0.3944407677035076	0.10832745236414962	0.10125744540039709
10	0.22141848976711362	0.7870615486432826	0.21559633027522937	0.14195896757114493
10	0.12244177840508116	0.7637326273990734	0.028228652081863093	0.08206485771012574
13	0.2125970359915314	0.6682660489741893	0.10832745236414962	0.05790866975512905
7	0.2459421312632322	0.7442091330244871	0.1834862385321101	0.04367968232958306
11	0.12244177840508116	0.7637326273990734	0.028228652081863093	0.08206485771012574
11	0.2459421312632322	0.7442091330244871	0.1834862385321101	0.04367968232958306
3	0.5980945659844742	0.74867637326274	0.4389555398729711	0.1313699536730642
10	0.22141848976711362	0.7870615486432826	0.21559633027522937	0.14195896757114493
4	0.3013408609738885	0.7544672402382528	0.3267466478475653	0.14493712772998016
13	0.2125970359915314	0.6682660489741893	0.10832745236414962	0.05790866975512905
9	0.3013408609738885	0.7544672402382528	0.3267466478475653	0.14493712772998016
7	0.2459421312632322	0.7442091330244871	0.1834862385321101	0.04367968232958306
11	0.12244177840508116	0.7637326273990734	0.028228652081863093	0.08206485771012574
3	0.5980945659844742	0.74867637326274	0.4389555398729711	0.1313699536730642
0	0.5816866619618913	0.3944407677035076	0.10832745236414962	0.10125744540039709
