13	0.48921340856289414	1.0830963665086888	0.19382675074676403	1.0830963665086888
13	0.6568204447394623	0.3642969984202212	0.0985728509790906	0.3642969984202212
13	0.5008297378028543	0.995260663507109	0.16627945569200134	0.995260663507109
13	0.48987719880517755	1.1260663507109006	0.035844673083305675	1.1260663507109006
11	1.2947228675738467	0.25086887835703003	0.09591769000995685	0.25086887835703003
11	0.6080318619316296	0.34502369668246446	0.1971457019581812	0.34502369668246446
11	0.3305675406571523	1.0925750394944709	0.15599070693660802	1.0925750394944709
11	1.342847660139396	0.25781990521327014	0.08894789246598075	0.25781990521327014
9	0.32625290408231	1.2859399684044235	0.31563226020577495	1.2859399684044235
9	1.6199800862927316	1.0837282780410742	0.19548622635247262	1.0837282780410742
9	0.10819780949220047	1.3358609794628753	0.0949220046465317	1.3358609794628753
0	1.0889478924659808	0.75260663507109	0.14105542648523067	0.75260663507109
13	0.48921340856289414	1.0830963665086888	0.19382675074676403	1.0830963665086888
13	0.6568204447394623	0.3642969984202212	0.0985728509790906	0.3642969984202212
13	0.5008297378028543	0.995260663507109	0.16627945569200134	0.995260663507109
13	0.48987719880517755	1.1260663507109006	0.035844673083305675	1.1260663507109006
11	1.2947228675738467	0.25086887835703003	0.09591769000995685	0.25086887835703003
11	0.6080318619316296	0.34502369668246446	0.1971457019581812	0.34502369668246446
11	0.3305675406571523	1.0925750394944709	0.15599070693660802	1.0925750394944709
11	1.342847660139396	0.25781990521327014	0.08894789246598075	0.25781990521327014
9	0.32625290408231	1.2859399684044235	0.31563226020577495	1.2859399684044235
9	1.6199800862927316	1.0837282780410742	0.19548622635247262	1.0837282780410742
9	0.10819780949220047	1.3358609794628753	0.0949220046465317	1.3358609794628753
0	1.0889478924659808	0.75260663507109	0.14105542648523067	0.75260663507109
13	0.24460670428144707	0.5415481832543444	0.19382675074676403	0.11500789889415482
13	0.32841022236973116	0.1821484992101106	0.0985728509790906	0.06034755134281201
13	0.25041486890142717	0.4976303317535545	0.16627945569200134	0.018325434439178515
13	0.24493859940258877	0.5630331753554503	0.035844673083305675	0.08467614533965245
11	0.6473614337869233	0.12543443917851502	0.09591769000995685	0.017061611374407582
11	0.3040159309658148	0.17251184834123223	0.1971457019581812	0.06382306477093207
11	0.16528377032857616	0.5462875197472354	0.15599070693660802	0.4562401263823065
11	0.671423830069698	0.12890995260663507	0.08894789246598075	0.04170616113744076
9	0.163126452041155	0.6429699842022117	0.31563226020577495	0.3848341232227488
9	0.8099900431463658	0.5418641390205371	0.19548622635247262	0.3330173775671406
9	0.05409890474610023	0.6679304897314376	0.0949220046465317	0.43033175355450237
0	0.5444739462329904	0.376303317535545	0.14105542648523067	0.14091627172195892
13	0.24460670428144707	0.5415481832543444	0.19382675074676403	0.11500789889415482
11	0.6473614337869233	0.12543443917851502	0.09591769000995685	0.017061611374407582
9	0.163126452041155	0.6429699842022117	0.31563226020577495	0.3848341232227488
0	0.5444739462329904	0.376303317535545	0.14105542648523067	0.14091627172195892
4	0.1803849983405244	0.5676145339652449	0.14769332890806505	0.18988941548183255
7	0.1803849983405244	0.5676145339652449	0.14769332890806505	0.18988941548183255
