9	1.0441001191895114	0.8840819022457067	0.15176797775129122	0.8840819022457067
9	1.280492649980135	1.1846103038309115	0.08780294000794597	1.1846103038309115
3	1.2006356773937228	1.1644649933949802	0.5776718315454906	1.1644649933949802
9	1.0441001191895114	0.8840819022457067	0.15176797775129122	0.8840819022457067
9	1.280492649980135	1.1846103038309115	0.08780294000794597	1.1846103038309115
3	1.2006356773937228	1.1644649933949802	0.5776718315454906	1.1644649933949802
9	0.5220500595947557	0.44204095112285335	0.15176797775129122	0.31472919418758255
9	0.6402463249900675	0.5923051519154557	0.08780294000794597	0.08553500660501981
3	0.6003178386968614	0.5822324966974901	0.5776718315454906	0.3381770145310436
9	0.5220500595947557	0.44204095112285335	0.15176797775129122	0.31472919418758255
8	0.8186332936034962	0.6411822985468957	0.11402463249900675	0.10336856010568032
3	0.6003178386968614	0.5822324966974901	0.5776718315454906	0.3381770145310436
