11	0.7529296875	0.358	0.109375	0.358
11	1.56298828125	0.3572	0.08349609375	0.3572
11	1.37890625	0.3188	0.08984375	0.3188
13	0.7119140625	0.4732	0.203125	0.4732
11	0.7529296875	0.358	0.109375	0.358
11	1.56298828125	0.3572	0.08349609375	0.3572
11	1.37890625	0.3188	0.08984375	0.3188
13	0.7119140625	0.4732	0.203125	0.4732
11	0.37646484375	0.179	0.109375	0.0156
11	0.781494140625	0.1786	0.08349609375	0.0524
11	0.689453125	0.1594	0.08984375	0.0236
13	0.35595703125	0.2366	0.203125	0.1412
0	0.5947265625	0.3008	0.1201171875	0.0856
11	0.37646484375	0.179	0.109375	0.0156
6	0.35595703125	0.2366	0.203125	0.1412
13	0.35595703125	0.2366	0.203125	0.1412
3	0.65234375	0.5862	0.453125	0.1868
