3	1.236217457886677	1.1794590643274854	0.5187595712098009	1.1794590643274854
13	1.7163093415007658	0.9700292397660819	0.09686064318529862	0.9700292397660819
5	1.531010719754977	0.8717105263157895	0.26761102603369064	0.8717105263157895
5	0.5980091883614089	0.8717105263157895	0.29402756508422667	0.8717105263157895
3	1.236217457886677	1.1794590643274854	0.5187595712098009	1.1794590643274854
13	1.7163093415007658	0.9700292397660819	0.09686064318529862	0.9700292397660819
5	1.531010719754977	0.8717105263157895	0.26761102603369064	0.8717105263157895
5	0.5980091883614089	0.8717105263157895	0.29402756508422667	0.8717105263157895
13	0.8581546707503829	0.48501461988304095	0.09686064318529862	0.031432748538011694
5	0.7655053598774885	0.43585526315789475	0.26761102603369064	0.5376461988304093
5	0.29900459418070446	0.43585526315789475	0.29402756508422667	0.5456871345029239
3	0.6181087289433385	0.5897295321637427	0.5187595712098009	0.20942982456140352
3	0.6181087289433385	0.5897295321637427	0.5187595712098009	0.20942982456140352
13	0.8581546707503829	0.48501461988304095	0.09686064318529862	0.031432748538011694
5	0.7655053598774885	0.43585526315789475	0.26761102603369064	0.5376461988304093
0	0.6031776416539051	0.2881944444444444	0.12136294027565084	0.11366959064327485
