0	1.1858294442087398	0.642089093701997	0.12685617310140007	0.642089093701997
13	0.3797199830292745	0.685099846390169	0.08952057700466695	0.685099846390169
2	0.3797199830292745	0.685099846390169	0.08952057700466695	0.685099846390169
0	1.1858294442087398	0.642089093701997	0.12685617310140007	0.642089093701997
13	0.3797199830292745	0.685099846390169	0.08952057700466695	0.685099846390169
2	0.3797199830292745	0.685099846390169	0.08952057700466695	0.685099846390169
0	0.5929147221043699	0.3210445468509985	0.12685617310140007	0.13640552995391705
13	0.18985999151463726	0.3425499231950845	0.08952057700466695	0.02273425499231951
2	0.18985999151463726	0.3425499231950845	0.08952057700466695	0.02273425499231951
0	0.5929147221043699	0.3210445468509985	0.12685617310140007	0.13640552995391705
13	0.18985999151463726	0.3425499231950845	0.08952057700466695	0.02273425499231951
2	0.18985999151463726	0.3425499231950845	0.08952057700466695	0.02273425499231951
