11	1.2256944444444444	0.36875	0.09895833333333333	0.36875
11	0.2222222222222222	1.4711805555555555	0.03211805555555555	1.4711805555555555
0	1.11328125	0.7333333333333333	0.11588541666666667	0.7333333333333333
11	1.2256944444444444	0.36875	0.09895833333333333	0.36875
11	0.2222222222222222	1.4711805555555555	0.03211805555555555	1.4711805555555555
0	1.11328125	0.7333333333333333	0.11588541666666667	0.7333333333333333
11	0.6128472222222222	0.184375	0.09895833333333333	0.018055555555555554
11	0.1111111111111111	0.7355902777777777	0.03211805555555555	0.049652777777777775
0	0.556640625	0.36666666666666664	0.11588541666666667	0.1527777777777778
11	0.6128472222222222	0.184375	0.09895833333333333	0.018055555555555554
0	0.556640625	0.36666666666666664	0.11588541666666667	0.1527777777777778
