9	0.486979167	0.507161458	0.119140625	0.406901042
9	0.334798177	0.624511719	0.064778646	0.069986979
4	0.347981771	0.606119792	0.103515625	0.111979167
1	0.676595052	0.178385417	0.170247396	0.100911458
1	0.699707031	0.310872396	0.181966146	0.291666667
11	0.774576823	0.691894531	0.041341146	0.062825521
11	0.751302083	0.676920573	0.075520833	0.073893229
11	0.663411458	0.18359375	0.173828125	0.087239583
6	0.347981771	0.606119792	0.103515625	0.111979167
6	0.697591146	0.28515625	0.123697917	0.075520833
13	0.699707031	0.310872396	0.181966146	0.291666667
13	0.347981771	0.606119792	0.103515625	0.111979167
13	0.697591146	0.28515625	0.123697917	0.075520833
10	0.736653646	0.670572917	0.100911458	0.116536458
10	0.774576823	0.691894531	0.041341146	0.062825521
