11	0.3190104166666667	1.3024305555555555	0.03515625	1.3024305555555555
11	1.5091145833333333	0.28125	0.06901041666666667	0.28125
3	1.2395833333333333	1.1284722222222223	0.4331597222222222	1.1284722222222223
11	0.3190104166666667	1.3024305555555555	0.03515625	1.3024305555555555
11	1.5091145833333333	0.28125	0.06901041666666667	0.28125
3	1.2395833333333333	1.1284722222222223	0.4331597222222222	1.1284722222222223
11	0.15950520833333334	0.6512152777777778	0.03515625	0.036458333333333336
11	0.7545572916666666	0.140625	0.06901041666666667	0.04236111111111111
3	0.6197916666666666	0.5642361111111112	0.4331597222222222	0.11041666666666666
11	0.15950520833333334	0.6512152777777778	0.03515625	0.036458333333333336
10	0.15950520833333334	0.6512152777777778	0.03515625	0.036458333333333336
3	0.6197916666666666	0.5642361111111112	0.4331597222222222	0.11041666666666666
