10	1.5494791666666667	1.021875	0.08072916666666667	1.021875
10	0.3016493055555556	1.0274305555555556	0.07335069444444445	1.0274305555555556
10	0.4249131944444444	1.040625	0.17317708333333334	1.040625
13	0.7291666666666666	0.27118055555555554	0.051215277777777776	0.27118055555555554
13	0.5824652777777778	0.8586805555555556	0.1501736111111111	0.8586805555555556
0	1.0711805555555556	0.4288194444444444	0.09722222222222222	0.4288194444444444
11	0.3016493055555556	1.0274305555555556	0.07335069444444445	1.0274305555555556
11	0.6675347222222222	0.20243055555555556	0.07378472222222222	0.20243055555555556
11	1.5494791666666667	1.021875	0.08072916666666667	1.021875
10	1.5494791666666667	1.021875	0.08072916666666667	1.021875
10	0.3016493055555556	1.0274305555555556	0.07335069444444445	1.0274305555555556
10	0.4249131944444444	1.040625	0.17317708333333334	1.040625
13	0.7291666666666666	0.27118055555555554	0.051215277777777776	0.27118055555555554
13	0.5824652777777778	0.8586805555555556	0.1501736111111111	0.8586805555555556
0	1.0711805555555556	0.4288194444444444	0.09722222222222222	0.4288194444444444
11	0.3016493055555556	1.0274305555555556	0.07335069444444445	1.0274305555555556
11	0.6675347222222222	0.20243055555555556	0.07378472222222222	0.20243055555555556
11	1.5494791666666667	1.021875	0.08072916666666667	1.021875
10	0.7747395833333334	0.5109375	0.08072916666666667	0.09340277777777778
10	0.1508246527777778	0.5137152777777778	0.07335069444444445	0.05798611111111111
10	0.2124565972222222	0.5203125	0.17317708333333334	0.06284722222222222
13	0.3645833333333333	0.13559027777777777	0.051215277777777776	0.07048611111111111
13	0.2912326388888889	0.4293402777777778	0.1501736111111111	0.07465277777777778
0	0.5355902777777778	0.2144097222222222	0.09722222222222222	0.08576388888888889
11	0.1508246527777778	0.5137152777777778	0.07335069444444445	0.05798611111111111
11	0.3337673611111111	0.10121527777777778	0.07378472222222222	0.017013888888888887
11	0.7747395833333334	0.5109375	0.08072916666666667	0.09340277777777778
10	0.7747395833333334	0.5109375	0.08072916666666667	0.09340277777777778
13	0.3645833333333333	0.13559027777777777	0.051215277777777776	0.07048611111111111
0	0.5355902777777778	0.2144097222222222	0.09722222222222222	0.08576388888888889
11	0.1508246527777778	0.5137152777777778	0.07335069444444445	0.05798611111111111
7	0.19813368055555555	0.49149305555555556	0.13758680555555555	0.05381944444444445
