11	1.6970599181243022	1.5043507362784472	0.04391514700409378	1.5043507362784472
11	1.6576107182731672	1.4832663989290495	0.04763676963155936	1.4832663989290495
10	1.6576107182731672	1.4832663989290495	0.04763676963155936	1.4832663989290495
10	1.6970599181243022	1.5043507362784472	0.04391514700409378	1.5043507362784472
9	0.2415333085225158	1.3045515394912985	0.07778191291403051	1.3045515394912985
9	1.1656122069222181	0.4431057563587684	0.05359136583550428	0.4431057563587684
11	1.6970599181243022	1.5043507362784472	0.04391514700409378	1.5043507362784472
11	1.6576107182731672	1.4832663989290495	0.04763676963155936	1.4832663989290495
10	1.6576107182731672	1.4832663989290495	0.04763676963155936	1.4832663989290495
10	1.6970599181243022	1.5043507362784472	0.04391514700409378	1.5043507362784472
9	0.2415333085225158	1.3045515394912985	0.07778191291403051	1.3045515394912985
9	1.1656122069222181	0.4431057563587684	0.05359136583550428	0.4431057563587684
11	0.8485299590621511	0.7521753681392236	0.04391514700409378	0.04049531459170013
11	0.8288053591365836	0.7416331994645248	0.04763676963155936	0.050870147255689425
10	0.8288053591365836	0.7416331994645248	0.04763676963155936	0.050870147255689425
10	0.8485299590621511	0.7521753681392236	0.04391514700409378	0.04049531459170013
9	0.1207666542612579	0.6522757697456493	0.07778191291403051	0.024096385542168676
9	0.5828061034611091	0.2215528781793842	0.05359136583550428	0.03681392235609103
9	0.1207666542612579	0.6522757697456493	0.07778191291403051	0.024096385542168676
11	0.8485299590621511	0.7521753681392236	0.04391514700409378	0.04049531459170013
10	0.8288053591365836	0.7416331994645248	0.04763676963155936	0.050870147255689425
0	0.5336806847785635	0.2965194109772423	0.10643840714551545	0.10307898259705489
13	0.7108299218459249	0.6576305220883534	0.10718273167100856	0.15863453815261044
