11	0.1015625	1.6315972222222221	0.0546875	1.6315972222222221
11	1.4752604166666667	1.3027777777777778	0.04383680555555555	1.3027777777777778
11	1.8259548611111112	1.523611111111111	0.04383680555555555	1.523611111111111
5	1.4635416666666667	0.8649305555555555	0.3576388888888889	0.8649305555555555
5	0.4743923611111111	0.8753472222222223	0.3901909722222222	0.8753472222222223
5	0.3888888888888889	1.1559027777777777	0.2048611111111111	1.1559027777777777
10	0.1015625	1.6315972222222221	0.0546875	1.6315972222222221
10	1.8259548611111112	1.523611111111111	0.04383680555555555	1.523611111111111
6	1.5316840277777777	0.4666666666666667	0.1584201388888889	0.4666666666666667
6	0.5473090277777778	0.465625	0.2730034722222222	0.465625
11	0.1015625	1.6315972222222221	0.0546875	1.6315972222222221
11	1.4752604166666667	1.3027777777777778	0.04383680555555555	1.3027777777777778
11	1.8259548611111112	1.523611111111111	0.04383680555555555	1.523611111111111
5	1.4635416666666667	0.8649305555555555	0.3576388888888889	0.8649305555555555
5	0.4743923611111111	0.8753472222222223	0.3901909722222222	0.8753472222222223
5	0.3888888888888889	1.1559027777777777	0.2048611111111111	1.1559027777777777
10	0.1015625	1.6315972222222221	0.0546875	1.6315972222222221
10	1.8259548611111112	1.523611111111111	0.04383680555555555	1.523611111111111
6	1.5316840277777777	0.4666666666666667	0.1584201388888889	0.4666666666666667
6	0.5473090277777778	0.465625	0.2730034722222222	0.465625
11	0.05078125	0.8157986111111111	0.0546875	0.07395833333333333
11	0.7376302083333334	0.6513888888888889	0.04383680555555555	0.05347222222222222
11	0.9129774305555556	0.7618055555555555	0.04383680555555555	0.058333333333333334
5	0.7317708333333334	0.43246527777777777	0.3576388888888889	0.5982638888888889
5	0.23719618055555555	0.43767361111111114	0.3901909722222222	0.6038194444444445
5	0.19444444444444445	0.5779513888888889	0.2048611111111111	0.11909722222222222
10	0.05078125	0.8157986111111111	0.0546875	0.07395833333333333
10	0.9129774305555556	0.7618055555555555	0.04383680555555555	0.058333333333333334
6	0.7658420138888888	0.23333333333333334	0.1584201388888889	0.10208333333333333
6	0.2736545138888889	0.2328125	0.2730034722222222	0.16493055555555555
11	0.05078125	0.8157986111111111	0.0546875	0.07395833333333333
5	0.7317708333333334	0.43246527777777777	0.3576388888888889	0.5982638888888889
10	0.05078125	0.8157986111111111	0.0546875	0.07395833333333333
13	0.2736545138888889	0.2328125	0.2730034722222222	0.16493055555555555
6	0.7658420138888888	0.23333333333333334	0.1584201388888889	0.10208333333333333
9	0.7428385416666666	0.6546875	0.04123263888888889	0.051041666666666666
