11	1.279485049833887	0.1188707280832095	0.12167774086378738	0.1188707280832095
11	0.6528239202657807	0.1326151560178306	0.13704318936877077	0.1326151560178306
11	0.19808970099667775	1.7563150074294205	0.04941860465116279	1.7563150074294205
3	1.0564784053156147	1.4283060921248143	0.457641196013289	1.4283060921248143
8	0.32599667774086377	1.5843239227340267	0.031146179401993355	1.5843239227340267
8	0.3276578073089701	1.4097325408618129	0.051079734219269105	1.4097325408618129
8	0.2516611295681063	1.2708023774145616	0.029900332225913623	1.2708023774145616
8	1.331810631229236	0.7113670133729569	0.016196013289036543	0.7113670133729569
8	0.3235049833887043	1.0074294205052006	0.02367109634551495	1.0074294205052006
8	1.632890365448505	0.950222882615156	0.02159468438538206	0.950222882615156
8	0.37375415282392027	1.338038632986627	0.03903654485049834	1.338038632986627
8	0.3446843853820598	1.2046805349182763	0.030730897009966777	1.2046805349182763
8	1.418189368770764	0.8632986627043091	0.024501661129568107	0.8632986627043091
8	1.6893687707641196	1.527117384843982	0.07641196013289037	1.527117384843982
8	0.49169435215946844	0.8543833580980683	0.036544850498338874	0.8543833580980683
8	0.5946843853820598	0.49257057949479943	0.0340531561461794	0.49257057949479943
8	0.5627076411960132	1.4075037147102527	0.03612956810631229	1.4075037147102527
8	0.2782392026578073	1.5074294205052006	0.03737541528239203	1.5074294205052006
8	0.7354651162790697	1.6953937592867756	0.07848837209302326	1.6953937592867756
8	0.5178571428571429	0.6448736998514116	0.03363787375415282	0.6448736998514116
8	0.5950996677740864	1.212852897473997	0.055232558139534885	1.212852897473997
8	1.5880398671096345	1.1229569093610698	0.02408637873754153	1.1229569093610698
8	0.47259136212624586	0.6054977711738484	0.03239202657807309	0.6054977711738484
8	0.3230897009966777	1.4661961367013372	0.09551495016611296	1.4661961367013372
8	0.4730066445182724	1.3150074294205052	0.013704318936877076	1.3150074294205052
8	1.5888704318936877	1.2938335809806836	0.02408637873754153	1.2938335809806836
8	1.5361295681063123	1.138930163447251	0.03363787375415282	1.138930163447251
0	1.0705980066445182	0.5932392273402675	0.13538205980066445	0.5932392273402675
11	1.279485049833887	0.1188707280832095	0.12167774086378738	0.1188707280832095
11	0.6528239202657807	0.1326151560178306	0.13704318936877077	0.1326151560178306
11	0.19808970099667775	1.7563150074294205	0.04941860465116279	1.7563150074294205
3	1.0564784053156147	1.4283060921248143	0.457641196013289	1.4283060921248143
8	0.32599667774086377	1.5843239227340267	0.031146179401993355	1.5843239227340267
8	0.3276578073089701	1.4097325408618129	0.051079734219269105	1.4097325408618129
8	0.2516611295681063	1.2708023774145616	0.029900332225913623	1.2708023774145616
8	1.331810631229236	0.7113670133729569	0.016196013289036543	0.7113670133729569
8	0.3235049833887043	1.0074294205052006	0.02367109634551495	1.0074294205052006
8	1.632890365448505	0.950222882615156	0.02159468438538206	0.950222882615156
8	0.37375415282392027	1.338038632986627	0.03903654485049834	1.338038632986627
8	0.3446843853820598	1.2046805349182763	0.030730897009966777	1.2046805349182763
8	1.418189368770764	0.8632986627043091	0.024501661129568107	0.8632986627043091
8	1.6893687707641196	1.527117384843982	0.07641196013289037	1.527117384843982
8	0.49169435215946844	0.8543833580980683	0.036544850498338874	0.8543833580980683
8	0.5946843853820598	0.49257057949479943	0.0340531561461794	0.49257057949479943
8	0.5627076411960132	1.4075037147102527	0.03612956810631229	1.4075037147102527
8	0.2782392026578073	1.5074294205052006	0.03737541528239203	1.5074294205052006
8	0.7354651162790697	1.6953937592867756	0.07848837209302326	1.6953937592867756
8	0.5178571428571429	0.6448736998514116	0.03363787375415282	0.6448736998514116
8	0.5950996677740864	1.212852897473997	0.055232558139534885	1.212852897473997
8	1.5880398671096345	1.1229569093610698	0.02408637873754153	1.1229569093610698
8	0.47259136212624586	0.6054977711738484	0.03239202657807309	0.6054977711738484
8	0.3230897009966777	1.4661961367013372	0.09551495016611296	1.4661961367013372
8	0.4730066445182724	1.3150074294205052	0.013704318936877076	1.3150074294205052
8	1.5888704318936877	1.2938335809806836	0.02408637873754153	1.2938335809806836
8	1.5361295681063123	1.138930163447251	0.03363787375415282	1.138930163447251
0	1.0705980066445182	0.5932392273402675	0.13538205980066445	0.5932392273402675
11	0.6397425249169435	0.05943536404160475	0.12167774086378738	0.0274888558692422
11	0.32641196013289037	0.0663075780089153	0.13704318936877077	0.03528974739970282
11	0.09904485049833887	0.8781575037147102	0.04941860465116279	0.05349182763744428
3	0.5282392026578073	0.7141530460624071	0.457641196013289	0.1474739970282318
8	0.16299833887043189	0.7921619613670133	0.031146179401993355	0.028603268945022287
8	0.16382890365448505	0.7048662704309064	0.051079734219269105	0.0412332838038633
8	0.12583056478405316	0.6354011887072808	0.029900332225913623	0.02711738484398217
8	0.665905315614618	0.35568350668647847	0.016196013289036543	0.018945022288261514
8	0.16175249169435216	0.5037147102526003	0.02367109634551495	0.0237741456166419
8	0.8164451827242525	0.475111441307578	0.02159468438538206	0.021545319465081723
8	0.18687707641196014	0.6690193164933135	0.03903654485049834	0.03417533432392273
8	0.1723421926910299	0.6023402674591382	0.030730897009966777	0.02637444279346211
8	0.709094684385382	0.43164933135215455	0.024501661129568107	0.022288261515601784
8	0.8446843853820598	0.763558692421991	0.07641196013289037	0.05386329866270431
8	0.24584717607973422	0.42719167904903416	0.036544850498338874	0.02600297176820208
8	0.2973421926910299	0.24628528974739972	0.0340531561461794	0.03194650817236255
8	0.2813538205980066	0.7037518573551264	0.03612956810631229	0.030089153046062408
8	0.13911960132890366	0.7537147102526003	0.03737541528239203	0.0237741456166419
8	0.36773255813953487	0.8476968796433878	0.07848837209302326	0.07949479940564635
8	0.25892857142857145	0.3224368499257058	0.03363787375415282	0.02526002971768202
8	0.2975498338870432	0.6064264487369985	0.055232558139534885	0.05163447251114413
8	0.7940199335548173	0.5614784546805349	0.02408637873754153	0.021173848439821695
8	0.23629568106312293	0.3027488855869242	0.03239202657807309	0.02526002971768202
8	0.16154485049833886	0.7330980683506686	0.09551495016611296	0.16158989598811294
8	0.2365033222591362	0.6575037147102526	0.013704318936877076	0.01634472511144131
8	0.7944352159468439	0.6469167904903418	0.02408637873754153	0.018202080237741457
8	0.7680647840531561	0.5694650817236255	0.03363787375415282	0.02897473997028232
0	0.5352990033222591	0.29661961367013373	0.13538205980066445	0.11329866270430906
8	0.16299833887043189	0.7921619613670133	0.031146179401993355	0.028603268945022287
0	0.5352990033222591	0.29661961367013373	0.13538205980066445	0.11329866270430906
11	0.6397425249169435	0.05943536404160475	0.12167774086378738	0.0274888558692422
3	0.5282392026578073	0.7141530460624071	0.457641196013289	0.1474739970282318
13	0.22466777408637872	0.28343239227340267	0.09966777408637874	0.1151560178306092
