13	0.5290868924889544	0.9904141104294478	0.06590574374079529	0.9904141104294478
13	0.4263622974963181	0.8190184049079755	0.024300441826215022	0.8190184049079755
13	0.6572164948453608	0.7641871165644172	0.09167893961708394	0.7641871165644172
0	1.1281296023564065	0.7028374233128835	0.15537555228276878	0.7028374233128835
13	0.5290868924889544	0.9904141104294478	0.06590574374079529	0.9904141104294478
13	0.4263622974963181	0.8190184049079755	0.024300441826215022	0.8190184049079755
13	0.6572164948453608	0.7641871165644172	0.09167893961708394	0.7641871165644172
0	1.1281296023564065	0.7028374233128835	0.15537555228276878	0.7028374233128835
13	0.2645434462444772	0.4952070552147239	0.06590574374079529	0.014187116564417178
13	0.21318114874815905	0.40950920245398775	0.024300441826215022	0.013803680981595092
13	0.3286082474226804	0.3820935582822086	0.09167893961708394	0.08934049079754601
0	0.5640648011782032	0.35141871165644173	0.15537555228276878	0.17292944785276074
3	0.5377393225331369	0.6035276073619632	0.3589837997054492	0.13266871165644173
13	0.2645434462444772	0.4952070552147239	0.06590574374079529	0.014187116564417178
0	0.5640648011782032	0.35141871165644173	0.15537555228276878	0.17292944785276074
