11	0.5693359375	0.4884	0.158203125	0.4884
11	0.1640625	1.8488	0.078125	1.8488
11	0.14501953125	1.8172	0.03271484375	1.8172
11	1.875	1.776	0.033203125	1.776
11	1.1298828125	0.4252	0.1015625	0.4252
11	0.5693359375	0.4884	0.158203125	0.4884
11	0.1640625	1.8488	0.078125	1.8488
11	0.14501953125	1.8172	0.03271484375	1.8172
11	1.875	1.776	0.033203125	1.776
11	1.1298828125	0.4252	0.1015625	0.4252
11	0.28466796875	0.2442	0.158203125	0.066
11	0.08203125	0.9244	0.078125	0.0504
11	0.072509765625	0.9086	0.03271484375	0.0436
11	0.9375	0.888	0.033203125	0.0392
11	0.56494140625	0.2126	0.1015625	0.0228
11	0.28466796875	0.2442	0.158203125	0.066
9	0.194580078125	0.818	0.16943359375	0.1112
10	0.072509765625	0.9086	0.03271484375	0.0436
0	0.505859375	0.3522	0.1181640625	0.0892
