10	1.5555555555555556	1.1694444444444445	0.2595486111111111	1.1694444444444445
11	1.5217013888888888	0.4947916666666667	0.08159722222222222	0.4947916666666667
11	0.5138888888888888	0.47638888888888886	0.09288194444444445	0.47638888888888886
10	1.5555555555555556	1.1694444444444445	0.2595486111111111	1.1694444444444445
11	1.5217013888888888	0.4947916666666667	0.08159722222222222	0.4947916666666667
11	0.5138888888888888	0.47638888888888886	0.09288194444444445	0.47638888888888886
10	0.7777777777777778	0.5847222222222223	0.2595486111111111	0.22708333333333333
11	0.7608506944444444	0.24739583333333334	0.08159722222222222	0.05451388888888889
11	0.2569444444444444	0.23819444444444443	0.09288194444444445	0.049305555555555554
9	0.3858506944444444	0.2595486111111111	0.07465277777777778	0.18229166666666666
10	0.7777777777777778	0.5847222222222223	0.2595486111111111	0.22708333333333333
11	0.7608506944444444	0.24739583333333334	0.08159722222222222	0.05451388888888889
