0	1.2513020833333333	0.5442708333333334	0.09440104166666667	0.5442708333333334
3	1.20703125	1.1897786458333333	0.3430989583333333	1.1897786458333333
9	0.5595703125	0.623046875	0.11555989583333333	0.623046875
9	1.0374348958333333	0.9033203125	0.06412760416666667	0.9033203125
0	1.2513020833333333	0.5442708333333334	0.09440104166666667	0.5442708333333334
3	1.20703125	1.1897786458333333	0.3430989583333333	1.1897786458333333
9	0.5595703125	0.623046875	0.11555989583333333	0.623046875
9	1.0374348958333333	0.9033203125	0.06412760416666667	0.9033203125
0	0.6256510416666666	0.2721354166666667	0.09440104166666667	0.12825520833333334
3	0.603515625	0.5948893229166666	0.3430989583333333	0.09993489583333333
9	0.27978515625	0.3115234375	0.11555989583333333	0.20182291666666666
9	0.5187174479166666	0.45166015625	0.06412760416666667	0.3922526041666667
2	0.27978515625	0.3115234375	0.11555989583333333	0.20182291666666666
0	0.6256510416666666	0.2721354166666667	0.09440104166666667	0.12825520833333334
3	0.603515625	0.5948893229166666	0.3430989583333333	0.09993489583333333
9	0.27978515625	0.3115234375	0.11555989583333333	0.20182291666666666
5	0.6236979166666666	0.2630208333333333	0.10416666666666667	0.10872395833333333
