10	1.805052790346908	1.472523499638467	0.08484162895927602	1.472523499638467
10	1.833710407239819	1.4887924801156904	0.03431372549019608	1.4887924801156904
11	0.1885369532428356	1.5607375271149675	0.02262443438914027	1.5607375271149675
11	1.805052790346908	1.472523499638467	0.08484162895927602	1.472523499638467
11	1.833710407239819	1.4887924801156904	0.03431372549019608	1.4887924801156904
10	1.805052790346908	1.472523499638467	0.08484162895927602	1.472523499638467
10	1.833710407239819	1.4887924801156904	0.03431372549019608	1.4887924801156904
11	0.1885369532428356	1.5607375271149675	0.02262443438914027	1.5607375271149675
11	1.805052790346908	1.472523499638467	0.08484162895927602	1.472523499638467
11	1.833710407239819	1.4887924801156904	0.03431372549019608	1.4887924801156904
11	0.0942684766214178	0.7803687635574837	0.02262443438914027	0.03796095444685466
11	0.902526395173454	0.7362617498192335	0.08484162895927602	0.10303687635574837
11	0.9168552036199095	0.7443962400578452	0.03431372549019608	0.05061460592913955
10	0.902526395173454	0.7362617498192335	0.08484162895927602	0.10303687635574837
10	0.9168552036199095	0.7443962400578452	0.03431372549019608	0.05061460592913955
10	0.902526395173454	0.7362617498192335	0.08484162895927602	0.10303687635574837
11	0.0942684766214178	0.7803687635574837	0.02262443438914027	0.03796095444685466
0	0.6014328808446455	0.3257411424439624	0.083710407239819	0.08098336948662328
13	0.6464932126696833	0.618763557483731	0.06447963800904978	0.23318872017353579
7	0.9228883861236803	0.7554229934924078	0.033559577677224735	0.08640636297903109
