11	1.3916015625	0.3876	0.1533203125	0.3876
11	1.3115234375	0.3592	0.1181640625	0.3592
11	0.67041015625	0.4148	0.14306640625	0.4148
11	0.77978515625	0.4016	0.10498046875	0.4016
0	1.1552734375	0.7036	0.1552734375	0.7036
11	1.3916015625	0.3876	0.1533203125	0.3876
11	1.3115234375	0.3592	0.1181640625	0.3592
11	0.67041015625	0.4148	0.14306640625	0.4148
11	0.77978515625	0.4016	0.10498046875	0.4016
0	1.1552734375	0.7036	0.1552734375	0.7036
11	0.69580078125	0.1938	0.1533203125	0.0548
11	0.65576171875	0.1796	0.1181640625	0.024
11	0.335205078125	0.2074	0.14306640625	0.0692
11	0.389892578125	0.2008	0.10498046875	0.0168
0	0.57763671875	0.3518	0.1552734375	0.1284
11	0.69580078125	0.1938	0.1533203125	0.0548
0	0.57763671875	0.3518	0.1552734375	0.1284
