0	1.1197278911564625	0.697	0.21360544217687075	0.697
8	1.314625850340136	0.865	0.10782312925170068	0.865
8	0.9496598639455782	0.9146666666666666	0.13197278911564625	0.9146666666666666
0	1.1197278911564625	0.697	0.21360544217687075	0.697
8	1.314625850340136	0.865	0.10782312925170068	0.865
8	0.9496598639455782	0.9146666666666666	0.13197278911564625	0.9146666666666666
8	0.657312925170068	0.4325	0.10782312925170068	0.17033333333333334
8	0.4748299319727891	0.4573333333333333	0.13197278911564625	0.188
0	0.5598639455782313	0.3485	0.21360544217687075	0.12166666666666667
0	0.5598639455782313	0.3485	0.21360544217687075	0.12166666666666667
5	0.7448979591836735	0.454	0.145578231292517	0.18066666666666667
8	0.657312925170068	0.4325	0.10782312925170068	0.17033333333333334
