3	1.165289256198347	1.218840579710145	0.4628099173553719	1.218840579710145
0	1.1429752066115701	0.6213768115942029	0.1322314049586777	0.6213768115942029
11	0.6822314049586777	0.19891304347826086	0.1847107438016529	0.19891304347826086
11	1.3194214876033057	0.21992753623188405	0.15165289256198347	0.21992753623188405
3	1.165289256198347	1.218840579710145	0.4628099173553719	1.218840579710145
0	1.1429752066115701	0.6213768115942029	0.1322314049586777	0.6213768115942029
11	0.6822314049586777	0.19891304347826086	0.1847107438016529	0.19891304347826086
11	1.3194214876033057	0.21992753623188405	0.15165289256198347	0.21992753623188405
3	0.5826446280991735	0.6094202898550725	0.4628099173553719	0.12753623188405797
0	0.5714876033057851	0.31068840579710144	0.1322314049586777	0.12427536231884058
11	0.34111570247933887	0.09945652173913043	0.1847107438016529	0.03731884057971015
11	0.6597107438016528	0.10996376811594202	0.15165289256198347	0.02355072463768116
3	0.5826446280991735	0.6094202898550725	0.4628099173553719	0.12753623188405797
0	0.5714876033057851	0.31068840579710144	0.1322314049586777	0.12427536231884058
11	0.34111570247933887	0.09945652173913043	0.1847107438016529	0.03731884057971015
