11	0.608984375	0.28269484808454426	0.203515625	0.28269484808454426
11	1.47265625	1.5640686922060767	0.04765625	1.5640686922060767
11	1.42421875	0.2899603698811096	0.1734375	0.2899603698811096
11	0.608984375	0.28269484808454426	0.203515625	0.28269484808454426
11	1.47265625	1.5640686922060767	0.04765625	1.5640686922060767
11	1.42421875	0.2899603698811096	0.1734375	0.2899603698811096
11	0.3044921875	0.14134742404227213	0.203515625	0.10568031704095113
11	0.736328125	0.7820343461030383	0.04765625	0.05019815059445178
11	0.712109375	0.1449801849405548	0.1734375	0.1023778071334214
11	0.3044921875	0.14134742404227213	0.203515625	0.10568031704095113
9	0.73515625	0.785336856010568	0.05390625	0.043593130779392336
