13	1.433179723502304	0.5205655526992288	0.1912442396313364	0.5205655526992288
0	1.1781874039938556	0.675235646958012	0.11059907834101383	0.675235646958012
13	1.433179723502304	0.5205655526992288	0.1912442396313364	0.5205655526992288
0	1.1781874039938556	0.675235646958012	0.11059907834101383	0.675235646958012
13	0.716589861751152	0.2602827763496144	0.1912442396313364	0.2120822622107969
0	0.5890937019969278	0.337617823479006	0.11059907834101383	0.1790916880891174
13	0.716589861751152	0.2602827763496144	0.1912442396313364	0.2120822622107969
6	0.716589861751152	0.2602827763496144	0.1912442396313364	0.2120822622107969
8	0.7960829493087558	0.3468294772922022	0.05069124423963134	0.03299057412167952
0	0.5890937019969278	0.337617823479006	0.11059907834101383	0.1790916880891174
