11	0.7484939759036144	0.26012113484220595	0.11295180722891567	0.26012113484220595
0	1.050301204819277	0.6681542875358623	0.08524096385542168	0.6681542875358623
5	1.3424698795180723	1.0066942939113803	0.18825301204819278	1.0066942939113803
5	0.5942771084337349	0.9489958559132929	0.24728915662650602	0.9489958559132929
11	0.7484939759036144	0.26012113484220595	0.11295180722891567	0.26012113484220595
0	1.050301204819277	0.6681542875358623	0.08524096385542168	0.6681542875358623
5	1.3424698795180723	1.0066942939113803	0.18825301204819278	1.0066942939113803
5	0.5942771084337349	0.9489958559132929	0.24728915662650602	0.9489958559132929
11	0.3742469879518072	0.13006056742110297	0.11295180722891567	0.03251514185527574
0	0.5251506024096385	0.33407714376793113	0.08524096385542168	0.08989480395282116
5	0.6712349397590361	0.5033471469556902	0.18825301204819278	0.5992986930188078
5	0.29713855421686747	0.47449792795664647	0.24728915662650602	0.6117309531399426
7	0.7207831325301205	0.7092763787057699	0.035542168674698796	0.04335352247370099
11	0.3742469879518072	0.13006056742110297	0.11295180722891567	0.03251514185527574
0	0.5251506024096385	0.33407714376793113	0.08524096385542168	0.08989480395282116
5	0.6712349397590361	0.5033471469556902	0.18825301204819278	0.5992986930188078
