11	1.6901041666666667	1.4003472222222222	0.0920138888888889	1.4003472222222222
10	1.6692708333333333	1.3791666666666667	0.0998263888888889	1.3791666666666667
0	0.9700520833333334	0.6086805555555556	0.11328125	0.6086805555555556
0	0.8016493055555556	0.7274305555555556	0.2738715277777778	0.7274305555555556
11	1.6901041666666667	1.4003472222222222	0.0920138888888889	1.4003472222222222
10	1.6692708333333333	1.3791666666666667	0.0998263888888889	1.3791666666666667
0	0.9700520833333334	0.6086805555555556	0.11328125	0.6086805555555556
0	0.8016493055555556	0.7274305555555556	0.2738715277777778	0.7274305555555556
11	0.8450520833333334	0.7001736111111111	0.0920138888888889	0.08645833333333333
10	0.8346354166666666	0.6895833333333333	0.0998263888888889	0.10138888888888889
0	0.4850260416666667	0.3043402777777778	0.11328125	0.10451388888888889
0	0.4008246527777778	0.3637152777777778	0.2738715277777778	0.2267361111111111
0	0.4850260416666667	0.3043402777777778	0.11328125	0.10451388888888889
11	0.8450520833333334	0.7001736111111111	0.0920138888888889	0.08645833333333333
10	0.8346354166666666	0.6895833333333333	0.0998263888888889	0.10138888888888889
