0	1.19384765625	0.5588	0.11572265625	0.5588
11	1.2861328125	0.242	0.1044921875	0.242
11	0.7158203125	0.252	0.083984375	0.252
0	1.19384765625	0.5588	0.11572265625	0.5588
11	1.2861328125	0.242	0.1044921875	0.242
11	0.7158203125	0.252	0.083984375	0.252
0	0.596923828125	0.2794	0.11572265625	0.0988
11	0.64306640625	0.121	0.1044921875	0.022
11	0.35791015625	0.126	0.083984375	0.0224
0	0.596923828125	0.2794	0.11572265625	0.0988
11	0.64306640625	0.121	0.1044921875	0.022
3	0.56396484375	0.596	0.412109375	0.1576
