0	1.1770833333333333	0.7597222222222222	0.13194444444444445	0.7597222222222222
10	1.7934027777777777	1.2177083333333334	0.04774305555555555	1.2177083333333334
0	1.1770833333333333	0.7597222222222222	0.13194444444444445	0.7597222222222222
10	1.7934027777777777	1.2177083333333334	0.04774305555555555	1.2177083333333334
0	0.5885416666666666	0.3798611111111111	0.13194444444444445	0.09722222222222222
10	0.8967013888888888	0.6088541666666667	0.04774305555555555	0.058680555555555555
9	0.2866753472222222	0.5036458333333333	0.17664930555555555	0.11423611111111111
0	0.5885416666666666	0.3798611111111111	0.13194444444444445	0.09722222222222222
10	0.8967013888888888	0.6088541666666667	0.04774305555555555	0.058680555555555555
7	0.2866753472222222	0.5036458333333333	0.17664930555555555	0.11423611111111111
11	0.8797743055555556	0.6039930555555556	0.078125	0.09756944444444444
