8	0.671972049689441	0.6147623862487361	0.20069875776397517	0.6147623862487361
4	0.7336956521739131	0.7000337040781934	0.11490683229813664	0.7000337040781934
4	0.6459627329192547	0.6376811594202898	0.2360248447204969	0.6376811594202898
7	0.671972049689441	0.6147623862487361	0.20069875776397517	0.6147623862487361
8	0.671972049689441	0.6147623862487361	0.20069875776397517	0.6147623862487361
4	0.7336956521739131	0.7000337040781934	0.11490683229813664	0.7000337040781934
4	0.6459627329192547	0.6376811594202898	0.2360248447204969	0.6376811594202898
7	0.671972049689441	0.6147623862487361	0.20069875776397517	0.6147623862487361
8	0.3359860248447205	0.30738119312436807	0.20069875776397517	0.2804179305695989
4	0.36684782608695654	0.3500168520390967	0.11490683229813664	0.1600943714189417
4	0.32298136645962733	0.3188405797101449	0.2360248447204969	0.301314459049545
7	0.3359860248447205	0.30738119312436807	0.20069875776397517	0.2804179305695989
8	0.3359860248447205	0.30738119312436807	0.20069875776397517	0.2804179305695989
4	0.36684782608695654	0.3500168520390967	0.11490683229813664	0.1600943714189417
7	0.3359860248447205	0.30738119312436807	0.20069875776397517	0.2804179305695989
1	0.32298136645962733	0.3188405797101449	0.2360248447204969	0.301314459049545
