7	1.600095785440613	0.5626984126984127	0.04932950191570881	0.5626984126984127
13	1.4272030651340997	0.4928571428571429	0.06226053639846743	0.4928571428571429
13	1.575191570881226	0.5805555555555556	0.05603448275862069	0.5805555555555556
7	1.600095785440613	0.5626984126984127	0.04932950191570881	0.5626984126984127
13	1.4272030651340997	0.4928571428571429	0.06226053639846743	0.4928571428571429
13	1.575191570881226	0.5805555555555556	0.05603448275862069	0.5805555555555556
7	0.8000478927203065	0.28134920634920635	0.04932950191570881	0.05873015873015873
13	0.7136015325670498	0.24642857142857144	0.06226053639846743	0.02619047619047619
13	0.787595785440613	0.2902777777777778	0.05603448275862069	0.04007936507936508
7	0.8000478927203065	0.28134920634920635	0.04932950191570881	0.05873015873015873
13	0.7136015325670498	0.24642857142857144	0.06226053639846743	0.02619047619047619
