7	0.6108843537414966	1.0723333333333334	0.08843537414965986	1.0723333333333334
7	1.5081632653061225	1.0803333333333334	0.13401360544217686	1.0803333333333334
7	0.7384353741496599	0.9256666666666666	0.18197278911564627	0.9256666666666666
8	0.8272108843537415	0.9336666666666666	0.0782312925170068	0.9336666666666666
8	0.7598639455782313	1.0833333333333333	0.06326530612244897	1.0833333333333333
7	0.6108843537414966	1.0723333333333334	0.08843537414965986	1.0723333333333334
7	1.5081632653061225	1.0803333333333334	0.13401360544217686	1.0803333333333334
7	0.7384353741496599	0.9256666666666666	0.18197278911564627	0.9256666666666666
8	0.8272108843537415	0.9336666666666666	0.0782312925170068	0.9336666666666666
8	0.7598639455782313	1.0833333333333333	0.06326530612244897	1.0833333333333333
7	0.3054421768707483	0.5361666666666667	0.08843537414965986	0.09633333333333334
7	0.7540816326530613	0.5401666666666667	0.13401360544217686	0.183
7	0.36921768707482994	0.4628333333333333	0.18197278911564627	0.25366666666666665
8	0.41360544217687073	0.4668333333333333	0.0782312925170068	0.06366666666666666
8	0.37993197278911567	0.5416666666666666	0.06326530612244897	0.056
7	0.3054421768707483	0.5361666666666667	0.08843537414965986	0.09633333333333334
8	0.41360544217687073	0.4668333333333333	0.0782312925170068	0.06366666666666666
9	0.39591836734693875	0.5268333333333334	0.050340136054421766	0.058333333333333334
4	0.3006802721088435	0.5295	0.10340136054421768	0.10833333333333334
13	0.3227891156462585	0.5898333333333333	0.09523809523809523	0.025
