13	1.3446180555555556	0.3996527777777778	0.03732638888888889	0.3996527777777778
13	1.2161458333333333	0.34791666666666665	0.036458333333333336	0.34791666666666665
13	1.2413194444444444	0.3263888888888889	0.11979166666666667	0.3263888888888889
0	1.0785590277777777	0.5444444444444444	0.13151041666666666	0.5444444444444444
8	0.21875	0.9809027777777778	0.036458333333333336	0.9809027777777778
13	1.3446180555555556	0.3996527777777778	0.03732638888888889	0.3996527777777778
13	1.2161458333333333	0.34791666666666665	0.036458333333333336	0.34791666666666665
13	1.2413194444444444	0.3263888888888889	0.11979166666666667	0.3263888888888889
0	1.0785590277777777	0.5444444444444444	0.13151041666666666	0.5444444444444444
8	0.21875	0.9809027777777778	0.036458333333333336	0.9809027777777778
0	0.5392795138888888	0.2722222222222222	0.13151041666666666	0.13680555555555557
8	0.109375	0.4904513888888889	0.036458333333333336	0.015625
13	0.6723090277777778	0.1998263888888889	0.03732638888888889	0.09270833333333334
13	0.6080729166666666	0.17395833333333333	0.036458333333333336	0.1736111111111111
13	0.6206597222222222	0.16319444444444445	0.11979166666666667	0.09027777777777778
9	0.11328125	0.4918402777777778	0.03298611111111111	0.017013888888888887
13	0.6723090277777778	0.1998263888888889	0.03732638888888889	0.09270833333333334
3	0.5060763888888888	0.5982638888888889	0.4739583333333333	0.1673611111111111
2	0.1111111111111111	0.4907986111111111	0.026041666666666668	0.019791666666666666
0	0.5392795138888888	0.2722222222222222	0.13151041666666666	0.13680555555555557
8	0.109375	0.4904513888888889	0.036458333333333336	0.015625
11	0.3070746527777778	0.09305555555555556	0.0993923611111111	0.016666666666666666
