9	1.3680220537560304	0.4724756212645486	0.022742935906271536	0.4724756212645486
9	1.3297725706409373	0.5347593582887701	0.03273604410751206	0.5347593582887701
10	0.5706409372846313	0.918842403271469	0.34321157822191595	0.918842403271469
9	1.3680220537560304	0.4724756212645486	0.022742935906271536	0.4724756212645486
9	1.3297725706409373	0.5347593582887701	0.03273604410751206	0.5347593582887701
10	0.5706409372846313	0.918842403271469	0.34321157822191595	0.918842403271469
9	0.6840110268780152	0.2362378106322743	0.022742935906271536	0.03019817552689525
9	0.6648862853204687	0.26737967914438504	0.03273604410751206	0.024536017615602392
10	0.28532046864231564	0.4594212016357345	0.34321157822191595	0.58414595784838
7	0.3418332184700207	0.28546712802768165	0.11164713990351481	0.1726958162944322
9	0.6840110268780152	0.2362378106322743	0.022742935906271536	0.03019817552689525
10	0.28532046864231564	0.4594212016357345	0.34321157822191595	0.58414595784838
0	0.5871812543073742	0.3843976093111041	0.10475534114403859	0.11513054419628814
