11	0.7834201388888888	0.5611111111111111	0.07335069444444445	0.5611111111111111
11	0.7973090277777778	0.471875	0.1115451388888889	0.471875
5	0.63671875	1.3059027777777779	0.1723090277777778	1.3059027777777779
5	1.7100694444444444	1.2170138888888888	0.10677083333333333	1.2170138888888888
13	0.7834201388888888	0.5611111111111111	0.07335069444444445	0.5611111111111111
13	0.7209201388888888	0.5680555555555555	0.023003472222222224	0.5680555555555555
13	1.2630208333333333	0.5180555555555556	0.0546875	0.5180555555555556
0	1.2035590277777777	0.7916666666666666	0.09678819444444445	0.7916666666666666
11	0.7834201388888888	0.5611111111111111	0.07335069444444445	0.5611111111111111
11	0.7973090277777778	0.471875	0.1115451388888889	0.471875
5	0.63671875	1.3059027777777779	0.1723090277777778	1.3059027777777779
5	1.7100694444444444	1.2170138888888888	0.10677083333333333	1.2170138888888888
13	0.7834201388888888	0.5611111111111111	0.07335069444444445	0.5611111111111111
13	0.7209201388888888	0.5680555555555555	0.023003472222222224	0.5680555555555555
13	1.2630208333333333	0.5180555555555556	0.0546875	0.5180555555555556
0	1.2035590277777777	0.7916666666666666	0.09678819444444445	0.7916666666666666
0	0.6017795138888888	0.3958333333333333	0.09678819444444445	0.07013888888888889
11	0.3917100694444444	0.28055555555555556	0.07335069444444445	0.09097222222222222
11	0.3986545138888889	0.2359375	0.1115451388888889	0.03159722222222222
5	0.318359375	0.6529513888888889	0.1723090277777778	0.0920138888888889
5	0.8550347222222222	0.6085069444444444	0.10677083333333333	0.23854166666666668
13	0.3917100694444444	0.28055555555555556	0.07335069444444445	0.09097222222222222
13	0.3604600694444444	0.28402777777777777	0.023003472222222224	0.07083333333333333
13	0.6315104166666666	0.2590277777777778	0.0546875	0.030555555555555555
11	0.3917100694444444	0.28055555555555556	0.07335069444444445	0.09097222222222222
5	0.318359375	0.6529513888888889	0.1723090277777778	0.0920138888888889
3	0.5926649305555556	0.6708333333333333	0.40234375	0.07291666666666667
13	0.3917100694444444	0.28055555555555556	0.07335069444444445	0.09097222222222222
0	0.6017795138888888	0.3958333333333333	0.09678819444444445	0.07013888888888889
