2	1.499212598425197	1.1458333333333333	0.05669291338582677	1.1458333333333333
13	0.521259842519685	0.4505208333333333	0.05196850393700787	0.4505208333333333
13	1.499212598425197	1.1458333333333333	0.05669291338582677	1.1458333333333333
2	1.499212598425197	1.1458333333333333	0.05669291338582677	1.1458333333333333
13	0.521259842519685	0.4505208333333333	0.05196850393700787	0.4505208333333333
13	1.499212598425197	1.1458333333333333	0.05669291338582677	1.1458333333333333
2	0.7496062992125985	0.5729166666666666	0.05669291338582677	0.035807291666666664
13	0.2606299212598425	0.22526041666666666	0.05196850393700787	0.048828125
13	0.7496062992125985	0.5729166666666666	0.05669291338582677	0.035807291666666664
0	0.5244094488188976	0.3020833333333333	0.06771653543307087	0.08268229166666667
2	0.7496062992125985	0.5729166666666666	0.05669291338582677	0.035807291666666664
13	0.2606299212598425	0.22526041666666666	0.05196850393700787	0.048828125
8	0.28818897637795277	0.2353515625	0.04251968503937008	0.020833333333333332
