11	1.2838541666666667	0.22395833333333334	0.10503472222222222	0.22395833333333334
11	0.6167534722222222	0.24895833333333334	0.1306423611111111	0.24895833333333334
0	1.0911458333333333	0.5076388888888889	0.11284722222222222	0.5076388888888889
11	1.2838541666666667	0.22395833333333334	0.10503472222222222	0.22395833333333334
11	0.6167534722222222	0.24895833333333334	0.1306423611111111	0.24895833333333334
0	1.0911458333333333	0.5076388888888889	0.11284722222222222	0.5076388888888889
11	0.6419270833333334	0.11197916666666667	0.10503472222222222	0.023958333333333335
11	0.3083767361111111	0.12447916666666667	0.1306423611111111	0.043402777777777776
0	0.5455729166666666	0.25381944444444443	0.11284722222222222	0.09097222222222222
11	0.6419270833333334	0.11197916666666667	0.10503472222222222	0.023958333333333335
0	0.5455729166666666	0.25381944444444443	0.11284722222222222	0.09097222222222222
