6	1.3493923611111112	0.38229166666666664	0.21571180555555555	0.38229166666666664
6	0.5915798611111112	0.41805555555555557	0.12022569444444445	0.41805555555555557
6	1.1883680555555556	0.2954861111111111	0.05381944444444445	0.2954861111111111
7	1.1883680555555556	0.2954861111111111	0.05381944444444445	0.2954861111111111
6	1.3493923611111112	0.38229166666666664	0.21571180555555555	0.38229166666666664
6	0.5915798611111112	0.41805555555555557	0.12022569444444445	0.41805555555555557
6	1.1883680555555556	0.2954861111111111	0.05381944444444445	0.2954861111111111
7	1.1883680555555556	0.2954861111111111	0.05381944444444445	0.2954861111111111
7	0.5941840277777778	0.14774305555555556	0.05381944444444445	0.03993055555555555
6	0.6746961805555556	0.19114583333333332	0.21571180555555555	0.15034722222222222
6	0.2957899305555556	0.20902777777777778	0.12022569444444445	0.07777777777777778
6	0.5941840277777778	0.14774305555555556	0.05381944444444445	0.03993055555555555
0	0.5240885416666666	0.265625	0.10807291666666667	0.08402777777777778
6	0.6746961805555556	0.19114583333333332	0.21571180555555555	0.15034722222222222
3	0.5592447916666666	0.503125	0.4457465277777778	0.12083333333333333
7	0.5941840277777778	0.14774305555555556	0.05381944444444445	0.03993055555555555
11	0.2736545138888889	0.16319444444444445	0.1540798611111111	0.03888888888888889
