0	1.1720472440944882	0.5299479166666666	0.12007874015748031	0.5299479166666666
11	1.7909448818897638	1.3626302083333333	0.019291338582677165	1.3626302083333333
11	0.41338582677165353	1.3307291666666667	0.01968503937007874	1.3307291666666667
10	1.7909448818897638	1.3626302083333333	0.019291338582677165	1.3626302083333333
10	0.41338582677165353	1.3307291666666667	0.01968503937007874	1.3307291666666667
0	1.1720472440944882	0.5299479166666666	0.12007874015748031	0.5299479166666666
11	1.7909448818897638	1.3626302083333333	0.019291338582677165	1.3626302083333333
11	0.41338582677165353	1.3307291666666667	0.01968503937007874	1.3307291666666667
10	1.7909448818897638	1.3626302083333333	0.019291338582677165	1.3626302083333333
10	0.41338582677165353	1.3307291666666667	0.01968503937007874	1.3307291666666667
11	0.8954724409448819	0.6813151041666666	0.019291338582677165	0.031901041666666664
11	0.20669291338582677	0.6653645833333334	0.01968503937007874	0.05078125
10	0.8954724409448819	0.6813151041666666	0.019291338582677165	0.031901041666666664
10	0.20669291338582677	0.6653645833333334	0.01968503937007874	0.05078125
0	0.5860236220472441	0.2649739583333333	0.12007874015748031	0.08854166666666667
0	0.5860236220472441	0.2649739583333333	0.12007874015748031	0.08854166666666667
3	0.6	0.5779622395833334	0.36220472440944884	0.1142578125
2	0.6125984251968504	0.26416015625	0.04094488188976378	0.0693359375
11	0.8954724409448819	0.6813151041666666	0.019291338582677165	0.031901041666666664
10	0.8954724409448819	0.6813151041666666	0.019291338582677165	0.031901041666666664
