9	1.6305338541666667	1.2034505208333333	0.019856770833333332	1.2034505208333333
9	0.5423177083333334	1.4111328125	0.10546875	1.4111328125
13	0.6070963541666666	0.8460286458333334	0.11295572916666667	0.8460286458333334
11	0.7805989583333334	0.4443359375	0.091796875	0.4443359375
11	1.2272135416666667	0.4147135416666667	0.09505208333333333	0.4147135416666667
3	1.1360677083333333	1.26953125	0.396484375	1.26953125
6	0.6129557291666666	0.8525390625	0.11360677083333333	0.8525390625
6	0.6383463541666666	1.232421875	0.1064453125	1.232421875
9	1.6305338541666667	1.2034505208333333	0.019856770833333332	1.2034505208333333
9	0.5423177083333334	1.4111328125	0.10546875	1.4111328125
13	0.6070963541666666	0.8460286458333334	0.11295572916666667	0.8460286458333334
11	0.7805989583333334	0.4443359375	0.091796875	0.4443359375
11	1.2272135416666667	0.4147135416666667	0.09505208333333333	0.4147135416666667
3	1.1360677083333333	1.26953125	0.396484375	1.26953125
6	0.6129557291666666	0.8525390625	0.11360677083333333	0.8525390625
6	0.6383463541666666	1.232421875	0.1064453125	1.232421875
9	0.8152669270833334	0.6017252604166666	0.019856770833333332	0.023763020833333332
9	0.2711588541666667	0.70556640625	0.10546875	0.07389322916666667
13	0.3035481770833333	0.4230143229166667	0.11295572916666667	0.046549479166666664
11	0.3902994791666667	0.22216796875	0.091796875	0.019856770833333332
11	0.6136067708333334	0.20735677083333334	0.09505208333333333	0.036458333333333336
3	0.5680338541666666	0.634765625	0.396484375	0.19205729166666666
6	0.3064778645833333	0.42626953125	0.11360677083333333	0.049153645833333336
6	0.3191731770833333	0.6162109375	0.1064453125	0.06901041666666667
13	0.3035481770833333	0.4230143229166667	0.11295572916666667	0.046549479166666664
11	0.3902994791666667	0.22216796875	0.091796875	0.019856770833333332
3	0.5680338541666666	0.634765625	0.396484375	0.19205729166666666
6	0.3064778645833333	0.42626953125	0.11360677083333333	0.049153645833333336
8	0.8152669270833334	0.6017252604166666	0.019856770833333332	0.023763020833333332
9	0.8152669270833334	0.6017252604166666	0.019856770833333332	0.023763020833333332
7	0.2711588541666667	0.70556640625	0.10546875	0.07389322916666667
0	0.56396484375	0.3722330729166667	0.09928385416666667	0.10774739583333333
