7	0.6800130208333334	1.1416015625	0.11360677083333333	1.1416015625
6	0.6429036458333334	1.0774739583333333	0.20865885416666666	1.0774739583333333
13	0.7770182291666666	0.3190104166666667	0.039388020833333336	0.3190104166666667
7	0.6800130208333334	1.1416015625	0.11360677083333333	1.1416015625
6	0.6429036458333334	1.0774739583333333	0.20865885416666666	1.0774739583333333
13	0.7770182291666666	0.3190104166666667	0.039388020833333336	0.3190104166666667
13	0.3885091145833333	0.15950520833333334	0.039388020833333336	0.057291666666666664
7	0.3400065104166667	0.57080078125	0.11360677083333333	0.10709635416666667
6	0.3214518229166667	0.5387369791666666	0.20865885416666666	0.193359375
7	0.3400065104166667	0.57080078125	0.11360677083333333	0.10709635416666667
6	0.3214518229166667	0.5387369791666666	0.20865885416666666	0.193359375
5	0.3486328125	0.5787760416666666	0.11653645833333333	0.08138020833333333
9	0.3486328125	0.5787760416666666	0.11653645833333333	0.08138020833333333
13	0.3885091145833333	0.15950520833333334	0.039388020833333336	0.057291666666666664
