0	1.2145833333333333	0.6203183520599251	0.134375	0.6203183520599251
8	1.5234375	0.49250936329588013	0.030729166666666665	0.49250936329588013
3	1.2510416666666666	1.2162921348314606	0.48854166666666665	1.2162921348314606
13	1.4057291666666667	0.3539325842696629	0.0265625	0.3539325842696629
13	1.5203125	0.4517790262172285	0.06614583333333333	0.4517790262172285
0	1.2145833333333333	0.6203183520599251	0.134375	0.6203183520599251
8	1.5234375	0.49250936329588013	0.030729166666666665	0.49250936329588013
3	1.2510416666666666	1.2162921348314606	0.48854166666666665	1.2162921348314606
13	1.4057291666666667	0.3539325842696629	0.0265625	0.3539325842696629
13	1.5203125	0.4517790262172285	0.06614583333333333	0.4517790262172285
0	0.6072916666666667	0.31015917602996257	0.134375	0.1306179775280899
8	0.76171875	0.24625468164794007	0.030729166666666665	0.03651685393258427
3	0.6255208333333333	0.6081460674157303	0.48854166666666665	0.14887640449438203
13	0.7028645833333333	0.17696629213483145	0.0265625	0.05056179775280899
13	0.76015625	0.22588951310861424	0.06614583333333333	0.07911985018726592
3	0.6255208333333333	0.6081460674157303	0.48854166666666665	0.14887640449438203
13	0.7028645833333333	0.17696629213483145	0.0265625	0.05056179775280899
9	0.7651041666666667	0.24648876404494383	0.03229166666666667	0.0351123595505618
11	0.6888020833333334	0.14700374531835206	0.14010416666666667	0.04307116104868914
0	0.6072916666666667	0.31015917602996257	0.134375	0.1306179775280899
8	0.76171875	0.24625468164794007	0.030729166666666665	0.03651685393258427
