0	1.1016228748068007	0.6447761194029851	0.12712519319938176	0.6447761194029851
11	0.7074961360123647	0.2048507462686567	0.1642194744976816	0.2048507462686567
11	1.25	0.22388059701492538	0.1580370942812983	0.22388059701492538
11	0.23918083462132922	1.6347014925373133	0.018160741885625966	1.6347014925373133
0	1.1016228748068007	0.6447761194029851	0.12712519319938176	0.6447761194029851
11	0.7074961360123647	0.2048507462686567	0.1642194744976816	0.2048507462686567
11	1.25	0.22388059701492538	0.1580370942812983	0.22388059701492538
11	0.23918083462132922	1.6347014925373133	0.018160741885625966	1.6347014925373133
0	0.5508114374034003	0.32238805970149254	0.12712519319938176	0.1761194029850746
11	0.35374806800618236	0.10242537313432835	0.1642194744976816	0.05111940298507463
11	0.625	0.11194029850746269	0.1580370942812983	0.05522388059701493
11	0.11959041731066461	0.8173507462686567	0.018160741885625966	0.04216417910447761
0	0.5508114374034003	0.32238805970149254	0.12712519319938176	0.1761194029850746
3	0.5274343122102009	0.6777985074626866	0.3732612055641422	0.15559701492537314
11	0.35374806800618236	0.10242537313432835	0.1642194744976816	0.05111940298507463
