8	1.4982638888888888	0.5472222222222223	0.018229166666666668	0.5472222222222223
13	1.3129340277777777	0.4861111111111111	0.03602430555555555	0.4861111111111111
13	1.4001736111111112	0.44479166666666664	0.13194444444444445	0.44479166666666664
13	1.4288194444444444	0.4173611111111111	0.044270833333333336	0.4173611111111111
8	1.4982638888888888	0.5472222222222223	0.018229166666666668	0.5472222222222223
13	1.3129340277777777	0.4861111111111111	0.03602430555555555	0.4861111111111111
13	1.4001736111111112	0.44479166666666664	0.13194444444444445	0.44479166666666664
13	1.4288194444444444	0.4173611111111111	0.044270833333333336	0.4173611111111111
8	0.7491319444444444	0.27361111111111114	0.018229166666666668	0.013888888888888888
13	0.6564670138888888	0.24305555555555555	0.03602430555555555	0.08680555555555555
13	0.7000868055555556	0.22239583333333332	0.13194444444444445	0.12256944444444444
13	0.7144097222222222	0.20868055555555556	0.044270833333333336	0.049305555555555554
6	0.7278645833333334	0.6114583333333333	0.11631944444444445	0.21180555555555555
7	0.7163628472222222	0.5947916666666667	0.2087673611111111	0.23194444444444445
13	0.6564670138888888	0.24305555555555555	0.03602430555555555	0.08680555555555555
8	0.7491319444444444	0.27361111111111114	0.018229166666666668	0.013888888888888888
