13	1.5008680555555556	0.8916666666666667	0.019097222222222224	0.8916666666666667
13	0.5568576388888888	0.7194444444444444	0.12890625	0.7194444444444444
13	0.5034722222222222	0.6725694444444444	0.0763888888888889	0.6725694444444444
13	1.4144965277777777	0.6638888888888889	0.023003472222222224	0.6638888888888889
8	0.5529513888888888	0.6784722222222223	0.020833333333333332	0.6784722222222223
8	1.4227430555555556	0.6631944444444444	0.025173611111111112	0.6631944444444444
8	1.49609375	0.8857638888888889	0.023871527777777776	0.8857638888888889
8	1.4457465277777777	0.7142361111111111	0.010850694444444444	0.7142361111111111
8	0.4900173611111111	0.6809027777777777	0.016927083333333332	0.6809027777777777
11	1.3528645833333333	1.4284722222222221	0.037760416666666664	1.4284722222222221
11	0.5182291666666666	0.5166666666666667	0.11284722222222222	0.5166666666666667
11	0.5855034722222222	0.48993055555555554	0.07421875	0.48993055555555554
2	0.5568576388888888	0.7194444444444444	0.12890625	0.7194444444444444
2	1.4314236111111112	0.6826388888888889	0.025173611111111112	0.6826388888888889
2	1.5026041666666667	0.8909722222222223	0.017361111111111112	0.8909722222222223
13	1.5008680555555556	0.8916666666666667	0.019097222222222224	0.8916666666666667
13	0.5568576388888888	0.7194444444444444	0.12890625	0.7194444444444444
13	0.5034722222222222	0.6725694444444444	0.0763888888888889	0.6725694444444444
13	1.4144965277777777	0.6638888888888889	0.023003472222222224	0.6638888888888889
8	0.5529513888888888	0.6784722222222223	0.020833333333333332	0.6784722222222223
8	1.4227430555555556	0.6631944444444444	0.025173611111111112	0.6631944444444444
8	1.49609375	0.8857638888888889	0.023871527777777776	0.8857638888888889
8	1.4457465277777777	0.7142361111111111	0.010850694444444444	0.7142361111111111
8	0.4900173611111111	0.6809027777777777	0.016927083333333332	0.6809027777777777
11	1.3528645833333333	1.4284722222222221	0.037760416666666664	1.4284722222222221
11	0.5182291666666666	0.5166666666666667	0.11284722222222222	0.5166666666666667
11	0.5855034722222222	0.48993055555555554	0.07421875	0.48993055555555554
2	0.5568576388888888	0.7194444444444444	0.12890625	0.7194444444444444
2	1.4314236111111112	0.6826388888888889	0.025173611111111112	0.6826388888888889
2	1.5026041666666667	0.8909722222222223	0.017361111111111112	0.8909722222222223
13	0.7504340277777778	0.44583333333333336	0.019097222222222224	0.01875
13	0.2784288194444444	0.3597222222222222	0.12890625	0.07430555555555556
13	0.2517361111111111	0.3362847222222222	0.0763888888888889	0.040625
13	0.7072482638888888	0.33194444444444443	0.023003472222222224	0.024305555555555556
8	0.2764756944444444	0.3392361111111111	0.020833333333333332	0.013888888888888888
8	0.7113715277777778	0.3315972222222222	0.025173611111111112	0.025
8	0.748046875	0.44288194444444445	0.023871527777777776	0.022569444444444444
8	0.7228732638888888	0.35711805555555554	0.010850694444444444	0.012847222222222222
8	0.24500868055555555	0.3404513888888889	0.016927083333333332	0.01423611111111111
11	0.6764322916666666	0.7142361111111111	0.037760416666666664	0.02847222222222222
11	0.2591145833333333	0.25833333333333336	0.11284722222222222	0.06597222222222222
11	0.2927517361111111	0.24496527777777777	0.07421875	0.03784722222222222
2	0.2784288194444444	0.3597222222222222	0.12890625	0.07430555555555556
2	0.7157118055555556	0.34131944444444445	0.025173611111111112	0.044444444444444446
2	0.7513020833333334	0.44548611111111114	0.017361111111111112	0.01875
13	0.7504340277777778	0.44583333333333336	0.019097222222222224	0.01875
8	0.2764756944444444	0.3392361111111111	0.020833333333333332	0.013888888888888888
11	0.6764322916666666	0.7142361111111111	0.037760416666666664	0.02847222222222222
2	0.2784288194444444	0.3597222222222222	0.12890625	0.07430555555555556
