8	1.4126461988304093	0.6124879304795623	0.04203216374269006	0.6124879304795623
8	1.5274122807017543	0.5159317669777921	0.04203216374269006	0.5159317669777921
8	1.4948830409356726	0.41165111039588026	0.03216374269005848	0.41165111039588026
8	1.391812865497076	0.7447698744769874	0.027777777777777776	0.7447698744769874
13	1.4170321637426901	0.5008046346958481	0.17141812865497075	0.5008046346958481
8	1.4126461988304093	0.6124879304795623	0.04203216374269006	0.6124879304795623
8	1.5274122807017543	0.5159317669777921	0.04203216374269006	0.5159317669777921
8	1.4948830409356726	0.41165111039588026	0.03216374269005848	0.41165111039588026
8	1.391812865497076	0.7447698744769874	0.027777777777777776	0.7447698744769874
13	1.4170321637426901	0.5008046346958481	0.17141812865497075	0.5008046346958481
8	0.7063230994152047	0.30624396523978115	0.04203216374269006	0.04023173479240425
8	0.7637061403508771	0.25796588348889604	0.04203216374269006	0.03830061152236885
8	0.7474415204678363	0.20582555519794013	0.03216374269005848	0.029288702928870293
8	0.695906432748538	0.3723849372384937	0.027777777777777776	0.02188606372706791
13	0.7085160818713451	0.25040231734792406	0.17141812865497075	0.160926939169617
8	0.7063230994152047	0.30624396523978115	0.04203216374269006	0.04023173479240425
13	0.7085160818713451	0.25040231734792406	0.17141812865497075	0.160926939169617
0	0.5789473684210527	0.2888638558094625	0.13450292397660818	0.1258448664306405
