8	0.3180835734870317	1.3074866310160427	0.02989913544668588	1.3074866310160427
8	0.2878242074927954	1.3793449197860963	0.022694524495677233	1.3793449197860963
8	1.6484149855907781	1.098596256684492	0.0345821325648415	1.098596256684492
8	1.6653458213256485	1.1758021390374331	0.02845821325648415	1.1758021390374331
8	1.669308357348703	1.3883689839572193	0.0345821325648415	1.3883689839572193
8	0.41570605187319887	1.106951871657754	0.02881844380403458	1.106951871657754
8	0.30439481268011526	1.0200534759358288	0.024135446685878963	1.0200534759358288
8	1.567363112391931	0.6747994652406417	0.11707492795389049	0.6747994652406417
8	1.7838616714697406	1.0608288770053476	0.035302593659942365	1.0608288770053476
8	0.2968299711815562	1.5080213903743316	0.03818443804034582	1.5080213903743316
8	1.306556195965418	0.5284090909090909	0.027737752161383286	0.5284090909090909
8	1.4791066282420748	0.8937165775401069	0.02521613832853026	0.8937165775401069
8	0.3303314121037464	0.9247994652406417	0.024855907780979826	0.9247994652406417
8	0.3404178674351585	0.6881684491978609	0.017651296829971182	0.6881684491978609
8	0.4769452449567723	0.8131684491978609	0.024495677233429394	0.8131684491978609
8	0.4265129682997118	1.3900401069518717	0.025936599423631124	1.3900401069518717
8	1.7871037463976944	0.7720588235294118	0.030619596541786743	0.7720588235294118
8	1.809077809798271	1.4949866310160427	0.02521613832853026	1.4949866310160427
8	1.5889769452449567	1.0698529411764706	0.31664265129682995	1.0698529411764706
8	1.7773775216138328	0.9431818181818182	0.018011527377521614	0.9431818181818182
8	1.3879682997118155	1.419451871657754	0.03926512968299712	1.419451871657754
8	0.4164265129682997	0.7857620320855615	0.029538904899135448	0.7857620320855615
8	0.4722622478386167	0.7296122994652406	0.02701729106628242	0.7296122994652406
8	0.3976945244956772	1.1801470588235294	0.026657060518731988	1.1801470588235294
8	0.5144092219020173	1.1066176470588236	0.33861671469740634	1.1066176470588236
8	0.6649855907780979	1.02774064171123	0.02089337175792507	1.02774064171123
8	0.534942363112392	1.455548128342246	0.027737752161383286	1.455548128342246
8	1.625	0.9973262032085561	0.030619596541786743	0.9973262032085561
8	0.6660662824207493	0.9572192513368984	0.02197406340057637	0.9572192513368984
8	0.5111671469740634	0.6948529411764706	0.019812680115273776	0.6948529411764706
8	0.7053314121037464	0.9976604278074866	0.021613832853025938	0.9976604278074866
8	0.39121037463976943	1.5868983957219251	0.02881844380403458	1.5868983957219251
8	1.7770172910662825	0.8993983957219251	0.02989913544668588	0.8993983957219251
8	0.6282420749279539	0.9588903743315508	0.035302593659942365	0.9588903743315508
8	0.579971181556196	0.5401069518716578	0.0345821325648415	0.5401069518716578
8	1.8595100864553313	1.6560828877005347	0.020172910662824207	1.6560828877005347
8	1.7312680115273775	1.1661096256684491	0.032420749279538905	1.1661096256684491
8	0.3757204610951009	1.1580882352941178	0.035662824207492796	1.1580882352941178
8	1.7337896253602305	1.5651737967914439	0.017651296829971182	1.5651737967914439
5	0.5086455331412104	1.0982620320855614	0.31195965417867433	1.0982620320855614
5	1.5644812680115274	1.018716577540107	0.30295389048991356	1.018716577540107
8	0.3180835734870317	1.3074866310160427	0.02989913544668588	1.3074866310160427
8	0.2878242074927954	1.3793449197860963	0.022694524495677233	1.3793449197860963
8	1.6484149855907781	1.098596256684492	0.0345821325648415	1.098596256684492
8	1.6653458213256485	1.1758021390374331	0.02845821325648415	1.1758021390374331
8	1.669308357348703	1.3883689839572193	0.0345821325648415	1.3883689839572193
8	0.41570605187319887	1.106951871657754	0.02881844380403458	1.106951871657754
8	0.30439481268011526	1.0200534759358288	0.024135446685878963	1.0200534759358288
8	1.567363112391931	0.6747994652406417	0.11707492795389049	0.6747994652406417
8	1.7838616714697406	1.0608288770053476	0.035302593659942365	1.0608288770053476
8	0.2968299711815562	1.5080213903743316	0.03818443804034582	1.5080213903743316
8	1.306556195965418	0.5284090909090909	0.027737752161383286	0.5284090909090909
8	1.4791066282420748	0.8937165775401069	0.02521613832853026	0.8937165775401069
8	0.3303314121037464	0.9247994652406417	0.024855907780979826	0.9247994652406417
8	0.3404178674351585	0.6881684491978609	0.017651296829971182	0.6881684491978609
8	0.4769452449567723	0.8131684491978609	0.024495677233429394	0.8131684491978609
8	0.4265129682997118	1.3900401069518717	0.025936599423631124	1.3900401069518717
8	1.7871037463976944	0.7720588235294118	0.030619596541786743	0.7720588235294118
8	1.809077809798271	1.4949866310160427	0.02521613832853026	1.4949866310160427
8	1.5889769452449567	1.0698529411764706	0.31664265129682995	1.0698529411764706
8	1.7773775216138328	0.9431818181818182	0.018011527377521614	0.9431818181818182
8	1.3879682997118155	1.419451871657754	0.03926512968299712	1.419451871657754
8	0.4164265129682997	0.7857620320855615	0.029538904899135448	0.7857620320855615
8	0.4722622478386167	0.7296122994652406	0.02701729106628242	0.7296122994652406
8	0.3976945244956772	1.1801470588235294	0.026657060518731988	1.1801470588235294
8	0.5144092219020173	1.1066176470588236	0.33861671469740634	1.1066176470588236
8	0.6649855907780979	1.02774064171123	0.02089337175792507	1.02774064171123
8	0.534942363112392	1.455548128342246	0.027737752161383286	1.455548128342246
8	1.625	0.9973262032085561	0.030619596541786743	0.9973262032085561
8	0.6660662824207493	0.9572192513368984	0.02197406340057637	0.9572192513368984
8	0.5111671469740634	0.6948529411764706	0.019812680115273776	0.6948529411764706
8	0.7053314121037464	0.9976604278074866	0.021613832853025938	0.9976604278074866
8	0.39121037463976943	1.5868983957219251	0.02881844380403458	1.5868983957219251
8	1.7770172910662825	0.8993983957219251	0.02989913544668588	0.8993983957219251
8	0.6282420749279539	0.9588903743315508	0.035302593659942365	0.9588903743315508
8	0.579971181556196	0.5401069518716578	0.0345821325648415	0.5401069518716578
8	1.8595100864553313	1.6560828877005347	0.020172910662824207	1.6560828877005347
8	1.7312680115273775	1.1661096256684491	0.032420749279538905	1.1661096256684491
8	0.3757204610951009	1.1580882352941178	0.035662824207492796	1.1580882352941178
8	1.7337896253602305	1.5651737967914439	0.017651296829971182	1.5651737967914439
5	0.5086455331412104	1.0982620320855614	0.31195965417867433	1.0982620320855614
5	1.5644812680115274	1.018716577540107	0.30295389048991356	1.018716577540107
8	0.15904178674351585	0.6537433155080213	0.02989913544668588	0.024732620320855617
8	0.1439121037463977	0.6896724598930482	0.022694524495677233	0.026403743315508023
8	0.8242074927953891	0.549298128342246	0.0345821325648415	0.028409090909090908
8	0.8326729106628242	0.5879010695187166	0.02845821325648415	0.02807486631016043
8	0.8346541786743515	0.6941844919786097	0.0345821325648415	0.02807486631016043
8	0.20785302593659943	0.553475935828877	0.02881844380403458	0.022727272727272728
8	0.15219740634005763	0.5100267379679144	0.024135446685878963	0.0374331550802139
8	0.7836815561959655	0.33739973262032086	0.11707492795389049	0.1661096256684492
8	0.8919308357348703	0.5304144385026738	0.035302593659942365	0.03409090909090909
8	0.1484149855907781	0.7540106951871658	0.03818443804034582	0.03676470588235294
8	0.653278097982709	0.26420454545454547	0.027737752161383286	0.027072192513368985
8	0.7395533141210374	0.44685828877005346	0.02521613832853026	0.02339572192513369
8	0.1651657060518732	0.46239973262032086	0.024855907780979826	0.023061497326203207
8	0.17020893371757925	0.34408422459893045	0.017651296829971182	0.01570855614973262
8	0.23847262247838616	0.40658422459893045	0.024495677233429394	0.02038770053475936
8	0.2132564841498559	0.6950200534759359	0.025936599423631124	0.019050802139037433
8	0.8935518731988472	0.3860294117647059	0.030619596541786743	0.03141711229946524
8	0.9045389048991355	0.7474933155080213	0.02521613832853026	0.031751336898395724
8	0.7944884726224783	0.5349264705882353	0.31664265129682995	0.6460561497326203
8	0.8886887608069164	0.4715909090909091	0.018011527377521614	0.017379679144385027
8	0.6939841498559077	0.709725935828877	0.03926512968299712	0.035093582887700536
8	0.20821325648414984	0.39288101604278075	0.029538904899135448	0.027740641711229946
8	0.23613112391930835	0.3648061497326203	0.02701729106628242	0.02038770053475936
8	0.1988472622478386	0.5900735294117647	0.026657060518731988	0.022393048128342245
8	0.25720461095100866	0.5533088235294118	0.33861671469740634	0.6681149732620321
8	0.33249279538904897	0.513870320855615	0.02089337175792507	0.017045454545454544
8	0.267471181556196	0.727774064171123	0.027737752161383286	0.029745989304812835
8	0.8125	0.49866310160427807	0.030619596541786743	0.020053475935828877
8	0.33303314121037464	0.4786096256684492	0.02197406340057637	0.02072192513368984
8	0.2555835734870317	0.3474264705882353	0.019812680115273776	0.021724598930481284
8	0.3526657060518732	0.4988302139037433	0.021613832853025938	0.023061497326203207
8	0.19560518731988472	0.7934491978609626	0.02881844380403458	0.030080213903743314
8	0.8885086455331412	0.4496991978609626	0.02989913544668588	0.026403743315508023
8	0.31412103746397696	0.4794451871657754	0.035302593659942365	0.03910427807486631
8	0.289985590778098	0.2700534759358289	0.0345821325648415	0.032754010695187165
8	0.9297550432276657	0.8280414438502673	0.020172910662824207	0.021724598930481284
8	0.8656340057636888	0.5830548128342246	0.032420749279538905	0.03308823529411765
8	0.18786023054755044	0.5790441176470589	0.035662824207492796	0.03108288770053476
8	0.8668948126801153	0.7825868983957219	0.017651296829971182	0.015040106951871657
5	0.2543227665706052	0.5491310160427807	0.31195965417867433	0.6062834224598931
5	0.7822406340057637	0.5093582887700535	0.30295389048991356	0.6062834224598931
8	0.15904178674351585	0.6537433155080213	0.02989913544668588	0.024732620320855617
5	0.2543227665706052	0.5491310160427807	0.31195965417867433	0.6062834224598931
