9	0.7586361597128757	0.33039906103286387	0.12337371018393899	0.33039906103286387
9	1.2830865859129654	0.32247652582159625	0.13907581875280395	0.32247652582159625
11	0.7501121579183491	0.3617957746478873	0.1516375056078959	0.3617957746478873
11	0.14984297891431134	1.533744131455399	0.057424854194706144	1.533744131455399
7	0.7586361597128757	0.33039906103286387	0.12337371018393899	0.33039906103286387
7	1.2830865859129654	0.32247652582159625	0.13907581875280395	0.32247652582159625
9	0.7586361597128757	0.33039906103286387	0.12337371018393899	0.33039906103286387
9	1.2830865859129654	0.32247652582159625	0.13907581875280395	0.32247652582159625
11	0.7501121579183491	0.3617957746478873	0.1516375056078959	0.3617957746478873
11	0.14984297891431134	1.533744131455399	0.057424854194706144	1.533744131455399
7	0.7586361597128757	0.33039906103286387	0.12337371018393899	0.33039906103286387
7	1.2830865859129654	0.32247652582159625	0.13907581875280395	0.32247652582159625
9	0.37931807985643784	0.16519953051643194	0.12337371018393899	0.05868544600938967
9	0.6415432929564827	0.16123826291079812	0.13907581875280395	0.06073943661971831
11	0.37505607895917453	0.18089788732394366	0.1516375056078959	0.06308685446009389
11	0.07492148945715567	0.7668720657276995	0.057424854194706144	0.0443075117370892
7	0.37931807985643784	0.16519953051643194	0.12337371018393899	0.05868544600938967
7	0.6415432929564827	0.16123826291079812	0.13907581875280395	0.06073943661971831
9	0.37931807985643784	0.16519953051643194	0.12337371018393899	0.05868544600938967
11	0.37505607895917453	0.18089788732394366	0.1516375056078959	0.06308685446009389
7	0.37931807985643784	0.16519953051643194	0.12337371018393899	0.05868544600938967
0	0.6058770749214895	0.3075117370892019	0.1009421265141319	0.08568075117370892
10	0.07492148945715567	0.7668720657276995	0.057424854194706144	0.0443075117370892
