2	1.2500875656742556	0.9617428267800212	0.03887915936952715	0.9617428267800212
2	1.4914185639229423	1.009918526390365	0.018213660245183887	1.009918526390365
2	1.1499124343257443	0.7662061636556854	0.012959719789842382	0.7662061636556854
2	1.2381786339754817	0.9344668792065179	0.026970227670753064	0.9344668792065179
2	1.2500875656742556	0.9617428267800212	0.03887915936952715	0.9617428267800212
2	1.4914185639229423	1.009918526390365	0.018213660245183887	1.009918526390365
2	1.1499124343257443	0.7662061636556854	0.012959719789842382	0.7662061636556854
2	1.2381786339754817	0.9344668792065179	0.026970227670753064	0.9344668792065179
2	0.6250437828371278	0.4808714133900106	0.03887915936952715	0.04852993269571378
2	0.7457092819614711	0.5049592631951825	0.018213660245183887	0.015940488841657812
2	0.5749562171628722	0.3831030818278427	0.012959719789842382	0.019482819695359546
2	0.6190893169877408	0.46723343960325897	0.026970227670753064	0.018420120439249024
2	0.6250437828371278	0.4808714133900106	0.03887915936952715	0.04852993269571378
8	0.7450087565674256	0.5053134962805526	0.021015761821366025	0.01381509032943677
3	0.5343257443082312	0.7146652497343252	0.3415061295971979	0.13567127169677648
11	0.39544658493870405	0.1624158696422246	0.08336252189141856	0.017357421183138506
