10	0.16493055555555555	1.4857638888888889	0.0390625	1.4857638888888889
0	1.0217013888888888	0.5302083333333333	0.0859375	0.5302083333333333
11	0.16493055555555555	1.4857638888888889	0.0390625	1.4857638888888889
10	0.16493055555555555	1.4857638888888889	0.0390625	1.4857638888888889
0	1.0217013888888888	0.5302083333333333	0.0859375	0.5302083333333333
11	0.16493055555555555	1.4857638888888889	0.0390625	1.4857638888888889
0	0.5108506944444444	0.26510416666666664	0.0859375	0.07743055555555556
11	0.08246527777777778	0.7428819444444444	0.0390625	0.04895833333333333
10	0.08246527777777778	0.7428819444444444	0.0390625	0.04895833333333333
10	0.08246527777777778	0.7428819444444444	0.0390625	0.04895833333333333
0	0.5108506944444444	0.26510416666666664	0.0859375	0.07743055555555556
11	0.08246527777777778	0.7428819444444444	0.0390625	0.04895833333333333
