8	1.7001953125	0.5092	0.03515625	0.5092
6	0.60595703125	0.612	0.31591796875	0.612
6	0.5146484375	0.6476	0.1142578125	0.6476
13	1.623046875	0.4976	0.13671875	0.4976
13	0.587890625	0.628	0.2841796875	0.628
8	1.7001953125	0.5092	0.03515625	0.5092
6	0.60595703125	0.612	0.31591796875	0.612
6	0.5146484375	0.6476	0.1142578125	0.6476
13	1.623046875	0.4976	0.13671875	0.4976
13	0.587890625	0.628	0.2841796875	0.628
8	0.85009765625	0.2546	0.03515625	0.0276
6	0.302978515625	0.306	0.31591796875	0.3632
6	0.25732421875	0.3238	0.1142578125	0.0996
13	0.8115234375	0.2488	0.13671875	0.1024
13	0.2939453125	0.314	0.2841796875	0.3512
8	0.85009765625	0.2546	0.03515625	0.0276
6	0.302978515625	0.306	0.31591796875	0.3632
13	0.8115234375	0.2488	0.13671875	0.1024
1	0.2939453125	0.314	0.2841796875	0.3512
11	0.059814453125	0.663	0.03271484375	0.0308
4	0.3125	0.195	0.072265625	0.0484
10	0.059814453125	0.663	0.03271484375	0.0308
