0	1.0234375	0.7434027777777777	0.12239583333333333	0.7434027777777777
9	0.3116319444444444	1.3111111111111111	0.265625	1.3111111111111111
9	0.09895833333333333	0.6159722222222223	0.09114583333333333	0.6159722222222223
11	0.5525173611111112	0.43020833333333336	0.22960069444444445	0.43020833333333336
11	1.2052951388888888	0.3767361111111111	0.08289930555555555	0.3767361111111111
11	0.26953125	0.6729166666666667	0.0802951388888889	0.6729166666666667
11	0.4487847222222222	0.6517361111111111	0.3081597222222222	0.6517361111111111
0	1.0234375	0.7434027777777777	0.12239583333333333	0.7434027777777777
9	0.3116319444444444	1.3111111111111111	0.265625	1.3111111111111111
9	0.09895833333333333	0.6159722222222223	0.09114583333333333	0.6159722222222223
11	0.5525173611111112	0.43020833333333336	0.22960069444444445	0.43020833333333336
11	1.2052951388888888	0.3767361111111111	0.08289930555555555	0.3767361111111111
11	0.26953125	0.6729166666666667	0.0802951388888889	0.6729166666666667
11	0.4487847222222222	0.6517361111111111	0.3081597222222222	0.6517361111111111
0	0.51171875	0.3717013888888889	0.12239583333333333	0.13229166666666667
9	0.1558159722222222	0.6555555555555556	0.265625	0.17083333333333334
9	0.049479166666666664	0.3079861111111111	0.09114583333333333	0.23333333333333334
11	0.2762586805555556	0.21510416666666668	0.22960069444444445	0.060069444444444446
11	0.6026475694444444	0.18836805555555555	0.08289930555555555	0.01840277777777778
11	0.134765625	0.33645833333333336	0.0802951388888889	0.11944444444444445
11	0.2243923611111111	0.32586805555555554	0.3081597222222222	0.3072916666666667
0	0.51171875	0.3717013888888889	0.12239583333333333	0.13229166666666667
9	0.1558159722222222	0.6555555555555556	0.265625	0.17083333333333334
11	0.2762586805555556	0.21510416666666668	0.22960069444444445	0.060069444444444446
7	0.21614583333333334	0.6840277777777778	0.328125	0.12708333333333333
13	0.2094184027777778	0.2690972222222222	0.13151041666666666	0.08333333333333333
8	0.33203125	0.4703125	0.08940972222222222	0.07673611111111112
1	0.208984375	0.6284722222222222	0.3424479166666667	0.20972222222222223
12	0.2606336805555556	0.25277777777777777	0.23307291666666666	0.09930555555555555
4	0.208984375	0.6284722222222222	0.3424479166666667	0.20972222222222223
