13	1.4113793103448276	0.4088687150837989	0.09137931034482759	0.4088687150837989
0	1.1868965517241379	0.6421089385474861	0.1310344827586207	0.6421089385474861
6	1.4075862068965517	0.3956005586592179	0.11172413793103449	0.3956005586592179
13	1.4113793103448276	0.4088687150837989	0.09137931034482759	0.4088687150837989
0	1.1868965517241379	0.6421089385474861	0.1310344827586207	0.6421089385474861
6	1.4075862068965517	0.3956005586592179	0.11172413793103449	0.3956005586592179
13	0.7056896551724138	0.20443435754189945	0.09137931034482759	0.1672486033519553
0	0.5934482758620689	0.32105446927374304	0.1310344827586207	0.15188547486033518
6	0.7037931034482758	0.19780027932960895	0.11172413793103449	0.17981843575418993
13	0.7056896551724138	0.20443435754189945	0.09137931034482759	0.1672486033519553
0	0.5934482758620689	0.32105446927374304	0.1310344827586207	0.15188547486033518
7	0.7037931034482758	0.19780027932960895	0.11172413793103449	0.17981843575418993
6	0.7037931034482758	0.19780027932960895	0.11172413793103449	0.17981843575418993
