13	0.5478515625	0.6568	0.236328125	0.6568
11	0.60302734375	0.354	0.20849609375	0.354
6	0.54833984375	0.622	0.25634765625	0.622
13	0.5478515625	0.6568	0.236328125	0.6568
11	0.60302734375	0.354	0.20849609375	0.354
6	0.54833984375	0.622	0.25634765625	0.622
13	0.27392578125	0.3284	0.236328125	0.2472
11	0.301513671875	0.177	0.20849609375	0.0604
6	0.274169921875	0.311	0.25634765625	0.2148
13	0.27392578125	0.3284	0.236328125	0.2472
5	0.286865234375	0.3138	0.24853515625	0.1948
11	0.301513671875	0.177	0.20849609375	0.0604
6	0.274169921875	0.311	0.25634765625	0.2148
