8	1.2891566265060241	0.4386737089201878	0.06475903614457831	0.4386737089201878
5	0.5869728915662651	0.5868544600938967	0.23230421686746988	0.5868544600938967
5	1.555722891566265	0.6484741784037559	0.1272590361445783	0.6484741784037559
8	1.2891566265060241	0.4386737089201878	0.06475903614457831	0.4386737089201878
5	0.5869728915662651	0.5868544600938967	0.23230421686746988	0.5868544600938967
5	1.555722891566265	0.6484741784037559	0.1272590361445783	0.6484741784037559
8	0.6445783132530121	0.2193368544600939	0.06475903614457831	0.07306338028169014
5	0.29348644578313254	0.2934272300469484	0.23230421686746988	0.24706572769953053
5	0.7778614457831325	0.32423708920187794	0.1272590361445783	0.18309859154929578
8	0.6445783132530121	0.2193368544600939	0.06475903614457831	0.07306338028169014
5	0.29348644578313254	0.2934272300469484	0.23230421686746988	0.24706572769953053
7	0.6462725903614458	0.21376173708920188	0.06814759036144578	0.08538732394366197
