11	0.7330729166666666	0.4027777777777778	0.14192708333333334	0.4027777777777778
11	1.2786458333333333	0.4041666666666667	0.15104166666666666	0.4041666666666667
11	0.6770833333333334	0.4638888888888889	0.13802083333333334	0.4638888888888889
0	1.08984375	0.7538194444444445	0.1228298611111111	0.7538194444444445
11	0.7330729166666666	0.4027777777777778	0.14192708333333334	0.4027777777777778
11	1.2786458333333333	0.4041666666666667	0.15104166666666666	0.4041666666666667
11	0.6770833333333334	0.4638888888888889	0.13802083333333334	0.4638888888888889
0	1.08984375	0.7538194444444445	0.1228298611111111	0.7538194444444445
11	0.3665364583333333	0.2013888888888889	0.14192708333333334	0.0625
11	0.6393229166666666	0.20208333333333334	0.15104166666666666	0.029166666666666667
11	0.3385416666666667	0.23194444444444445	0.13802083333333334	0.05694444444444444
0	0.544921875	0.37690972222222224	0.1228298611111111	0.13645833333333332
11	0.3665364583333333	0.2013888888888889	0.14192708333333334	0.0625
0	0.544921875	0.37690972222222224	0.1228298611111111	0.13645833333333332
