0	1.1467198581560283	0.6194029850746269	0.1351950354609929	0.6194029850746269
3	1.0438829787234043	1.361318407960199	0.4605496453900709	1.361318407960199
8	1.549645390070922	1.4769900497512438	0.0549645390070922	1.4769900497512438
13	0.586436170212766	0.4670398009950249	0.212322695035461	0.4670398009950249
13	0.5425531914893617	0.6884328358208955	0.11170212765957446	0.6884328358208955
13	0.31560283687943264	0.7260572139303483	0.11524822695035461	0.7260572139303483
13	0.4933510638297872	0.6194029850746269	0.2752659574468085	0.6194029850746269
0	1.1467198581560283	0.6194029850746269	0.1351950354609929	0.6194029850746269
3	1.0438829787234043	1.361318407960199	0.4605496453900709	1.361318407960199
8	1.549645390070922	1.4769900497512438	0.0549645390070922	1.4769900497512438
13	0.586436170212766	0.4670398009950249	0.212322695035461	0.4670398009950249
13	0.5425531914893617	0.6884328358208955	0.11170212765957446	0.6884328358208955
13	0.31560283687943264	0.7260572139303483	0.11524822695035461	0.7260572139303483
13	0.4933510638297872	0.6194029850746269	0.2752659574468085	0.6194029850746269
0	0.5733599290780141	0.30970149253731344	0.1351950354609929	0.10199004975124377
3	0.5219414893617021	0.6806592039800995	0.4605496453900709	0.1927860696517413
8	0.774822695035461	0.7384950248756219	0.0549645390070922	0.03980099502487562
13	0.293218085106383	0.23351990049751245	0.212322695035461	0.18407960199004975
13	0.2712765957446808	0.34421641791044777	0.11170212765957446	0.046019900497512436
13	0.15780141843971632	0.36302860696517414	0.11524822695035461	0.05068407960199005
13	0.2466755319148936	0.30970149253731344	0.2752659574468085	0.1480099502487562
13	0.293218085106383	0.23351990049751245	0.212322695035461	0.18407960199004975
9	0.7712765957446809	0.7369402985074627	0.047872340425531915	0.04291044776119403
11	0.11768617021276596	0.8128109452736318	0.05895390070921986	0.07773631840796019
0	0.5733599290780141	0.30970149253731344	0.1351950354609929	0.10199004975124377
3	0.5219414893617021	0.6806592039800995	0.4605496453900709	0.1927860696517413
8	0.774822695035461	0.7384950248756219	0.0549645390070922	0.03980099502487562
10	0.11768617021276596	0.8128109452736318	0.05895390070921986	0.07773631840796019
6	0.25132978723404253	0.29990671641791045	0.2907801418439716	0.1700870646766169
