11	0.40971766250820746	1.289906103286385	0.09455022980958634	1.289906103286385
11	1.7337491792514774	1.539906103286385	0.03512803676953381	1.539906103286385
11	0.38640840446487196	1.3195422535211268	0.03315824031516743	1.3195422535211268
9	0.5131319763624426	0.7681924882629108	0.3128693368351937	0.7681924882629108
9	1.3493105712409719	0.16784037558685447	0.13263296126066973	0.16784037558685447
9	0.14839133289560077	1.238849765258216	0.1437951411687459	1.238849765258216
9	0.5860144451739987	0.2943075117370892	0.1428102429415627	0.2943075117370892
9	0.2124097176625082	1.8488849765258215	0.05679579776756402	1.8488849765258215
7	0.8391332895600788	0.8858568075117371	0.09783322390019698	0.8858568075117371
7	0.7156927117531189	0.693075117370892	0.29612606697307947	0.693075117370892
7	0.5423506237688772	1.028462441314554	0.1490479317137229	1.028462441314554
10	0.40971766250820746	1.289906103286385	0.09455022980958634	1.289906103286385
10	0.38640840446487196	1.3195422535211268	0.03315824031516743	1.3195422535211268
10	1.720945502298096	1.5214201877934272	0.04727511490479317	1.5214201877934272
11	0.40971766250820746	1.289906103286385	0.09455022980958634	1.289906103286385
11	1.7337491792514774	1.539906103286385	0.03512803676953381	1.539906103286385
11	0.38640840446487196	1.3195422535211268	0.03315824031516743	1.3195422535211268
9	0.5131319763624426	0.7681924882629108	0.3128693368351937	0.7681924882629108
9	1.3493105712409719	0.16784037558685447	0.13263296126066973	0.16784037558685447
9	0.14839133289560077	1.238849765258216	0.1437951411687459	1.238849765258216
9	0.5860144451739987	0.2943075117370892	0.1428102429415627	0.2943075117370892
9	0.2124097176625082	1.8488849765258215	0.05679579776756402	1.8488849765258215
7	0.8391332895600788	0.8858568075117371	0.09783322390019698	0.8858568075117371
7	0.7156927117531189	0.693075117370892	0.29612606697307947	0.693075117370892
7	0.5423506237688772	1.028462441314554	0.1490479317137229	1.028462441314554
10	0.40971766250820746	1.289906103286385	0.09455022980958634	1.289906103286385
10	0.38640840446487196	1.3195422535211268	0.03315824031516743	1.3195422535211268
10	1.720945502298096	1.5214201877934272	0.04727511490479317	1.5214201877934272
11	0.20485883125410373	0.6449530516431925	0.09455022980958634	0.07863849765258216
11	0.8668745896257387	0.7699530516431925	0.03512803676953381	0.06044600938967136
11	0.19320420223243598	0.6597711267605634	0.03315824031516743	0.079518779342723
9	0.2565659881812213	0.3840962441314554	0.3128693368351937	0.198943661971831
9	0.6746552856204859	0.08392018779342723	0.13263296126066973	0.13732394366197184
9	0.07419566644780039	0.619424882629108	0.1437951411687459	0.7288732394366197
9	0.29300722258699935	0.1471537558685446	0.1428102429415627	0.14994131455399062
9	0.1062048588312541	0.9244424882629108	0.05679579776756402	0.13703051643192488
7	0.4195666447800394	0.44292840375586856	0.09783322390019698	0.14583333333333334
7	0.35784635587655944	0.346537558685446	0.29612606697307947	0.375
7	0.2711753118844386	0.514231220657277	0.1490479317137229	0.1317488262910798
10	0.20485883125410373	0.6449530516431925	0.09455022980958634	0.07863849765258216
10	0.19320420223243598	0.6597711267605634	0.03315824031516743	0.079518779342723
10	0.860472751149048	0.7607100938967136	0.04727511490479317	0.08421361502347417
11	0.20485883125410373	0.6449530516431925	0.09455022980958634	0.07863849765258216
9	0.2565659881812213	0.3840962441314554	0.3128693368351937	0.198943661971831
7	0.4195666447800394	0.44292840375586856	0.09783322390019698	0.14583333333333334
3	0.5625410374261326	0.6307218309859155	0.35423506237688773	0.17576291079812206
10	0.20485883125410373	0.6449530516431925	0.09455022980958634	0.07863849765258216
0	0.5937294812869337	0.34903169014084506	0.10735390676296783	0.09653755868544601
