3	1.1574803149606299	1.1845703125	0.45354330708661417	1.1845703125
11	1.3933070866141732	0.3287760416666667	0.06811023622047244	0.3287760416666667
11	0.6192913385826772	0.3557942708333333	0.09881889763779528	0.3557942708333333
3	1.1574803149606299	1.1845703125	0.45354330708661417	1.1845703125
11	1.3933070866141732	0.3287760416666667	0.06811023622047244	0.3287760416666667
11	0.6192913385826772	0.3557942708333333	0.09881889763779528	0.3557942708333333
3	0.5787401574803149	0.59228515625	0.45354330708661417	0.12727864583333334
11	0.6966535433070866	0.16438802083333334	0.06811023622047244	0.037760416666666664
11	0.3096456692913386	0.17789713541666666	0.09881889763779528	0.058268229166666664
3	0.5787401574803149	0.59228515625	0.45354330708661417	0.12727864583333334
11	0.6966535433070866	0.16438802083333334	0.06811023622047244	0.037760416666666664
0	0.5706692913385827	0.3492838541666667	0.12480314960629921	0.11002604166666667
