11	1.6767578125	1.7276	0.0498046875	1.7276
11	0.36962890625	1.6896	0.05322265625	1.6896
7	0.46240234375	1.1556	0.05908203125	1.1556
7	1.6083984375	1.4004	0.0419921875	1.4004
9	0.58642578125	0.9692	0.17724609375	0.9692
9	0.59912109375	1.5032	0.18310546875	1.5032
10	0.36962890625	1.6896	0.05322265625	1.6896
10	1.6767578125	1.7276	0.0498046875	1.7276
13	0.58642578125	0.9692	0.17724609375	0.9692
13	0.54248046875	1.0832	0.17822265625	1.0832
13	0.48779296875	0.862	0.09521484375	0.862
11	1.6767578125	1.7276	0.0498046875	1.7276
11	0.36962890625	1.6896	0.05322265625	1.6896
7	0.46240234375	1.1556	0.05908203125	1.1556
7	1.6083984375	1.4004	0.0419921875	1.4004
9	0.58642578125	0.9692	0.17724609375	0.9692
9	0.59912109375	1.5032	0.18310546875	1.5032
10	0.36962890625	1.6896	0.05322265625	1.6896
10	1.6767578125	1.7276	0.0498046875	1.7276
13	0.58642578125	0.9692	0.17724609375	0.9692
13	0.54248046875	1.0832	0.17822265625	1.0832
13	0.48779296875	0.862	0.09521484375	0.862
11	0.83837890625	0.8638	0.0498046875	0.058
11	0.184814453125	0.8448	0.05322265625	0.0432
7	0.231201171875	0.5778	0.05908203125	0.0412
7	0.80419921875	0.7002	0.0419921875	0.0276
9	0.293212890625	0.4846	0.17724609375	0.2748
9	0.299560546875	0.7516	0.18310546875	0.1256
10	0.184814453125	0.8448	0.05322265625	0.0432
10	0.83837890625	0.8638	0.0498046875	0.058
13	0.293212890625	0.4846	0.17724609375	0.2748
13	0.271240234375	0.5416	0.17822265625	0.0464
13	0.243896484375	0.431	0.09521484375	0.086
10	0.184814453125	0.8448	0.05322265625	0.0432
13	0.293212890625	0.4846	0.17724609375	0.2748
11	0.83837890625	0.8638	0.0498046875	0.058
7	0.231201171875	0.5778	0.05908203125	0.0412
9	0.293212890625	0.4846	0.17724609375	0.2748
5	0.293212890625	0.4846	0.17724609375	0.2748
