7	0.5592672413793104	1.3458333333333334	0.2607758620689655	1.3458333333333334
7	0.646551724137931	0.48009259259259257	0.11314655172413793	0.48009259259259257
10	0.39978448275862066	1.4282407407407407	0.23060344827586207	1.4282407407407407
10	0.2952586206896552	1.4662037037037037	0.14870689655172414	1.4662037037037037
0	1.1400862068965518	0.700462962962963	0.1540948275862069	0.700462962962963
8	0.6589439655172413	0.487962962962963	0.11584051724137931	0.487962962962963
8	0.5738146551724138	1.0763888888888888	0.12661637931034483	1.0763888888888888
7	0.5592672413793104	1.3458333333333334	0.2607758620689655	1.3458333333333334
7	0.646551724137931	0.48009259259259257	0.11314655172413793	0.48009259259259257
10	0.39978448275862066	1.4282407407407407	0.23060344827586207	1.4282407407407407
10	0.2952586206896552	1.4662037037037037	0.14870689655172414	1.4662037037037037
0	1.1400862068965518	0.700462962962963	0.1540948275862069	0.700462962962963
8	0.6589439655172413	0.487962962962963	0.11584051724137931	0.487962962962963
8	0.5738146551724138	1.0763888888888888	0.12661637931034483	1.0763888888888888
10	0.19989224137931033	0.7141203703703703	0.23060344827586207	0.22453703703703703
10	0.1476293103448276	0.7331018518518518	0.14870689655172414	0.08472222222222223
0	0.5700431034482759	0.3502314814814815	0.1540948275862069	0.1449074074074074
8	0.32947198275862066	0.2439814814814815	0.11584051724137931	0.10185185185185185
8	0.2869073275862069	0.5381944444444444	0.12661637931034483	0.1050925925925926
7	0.2796336206896552	0.6729166666666667	0.2607758620689655	0.10324074074074074
7	0.3232758620689655	0.24004629629629629	0.11314655172413793	0.10416666666666667
7	0.2796336206896552	0.6729166666666667	0.2607758620689655	0.10324074074074074
13	0.19181034482758622	0.5277777777777778	0.10775862068965517	0.05092592592592592
10	0.19989224137931033	0.7141203703703703	0.23060344827586207	0.22453703703703703
0	0.5700431034482759	0.3502314814814815	0.1540948275862069	0.1449074074074074
8	0.32947198275862066	0.2439814814814815	0.11584051724137931	0.10185185185185185
6	0.25700431034482757	0.6099537037037037	0.3114224137931034	0.20601851851851852
