13	1.4555267702936097	0.4420572916666667	0.2033678756476684	0.4420572916666667
13	1.589378238341969	0.4697265625	0.05569948186528497	0.4697265625
0	1.1757340241796201	0.6048177083333334	0.12046632124352331	0.6048177083333334
6	1.5094991364421417	0.4430338541666667	0.14766839378238342	0.4430338541666667
13	1.4555267702936097	0.4420572916666667	0.2033678756476684	0.4420572916666667
13	1.589378238341969	0.4697265625	0.05569948186528497	0.4697265625
0	1.1757340241796201	0.6048177083333334	0.12046632124352331	0.6048177083333334
6	1.5094991364421417	0.4430338541666667	0.14766839378238342	0.4430338541666667
0	0.5878670120898101	0.3024088541666667	0.12046632124352331	0.11783854166666667
6	0.7547495682210709	0.22151692708333334	0.14766839378238342	0.0849609375
13	0.7277633851468048	0.22102864583333334	0.2033678756476684	0.16080729166666666
13	0.7946891191709845	0.23486328125	0.05569948186528497	0.047200520833333336
13	0.7277633851468048	0.22102864583333334	0.2033678756476684	0.16080729166666666
0	0.5878670120898101	0.3024088541666667	0.12046632124352331	0.11783854166666667
6	0.7547495682210709	0.22151692708333334	0.14766839378238342	0.0849609375
11	0.6349309153713298	0.14290364583333334	0.06778929188255613	0.024739583333333332
3	0.6219775474956822	0.5465494791666666	0.401986183074266	0.10546875
