0	1.1410590277777777	0.6423611111111112	0.11588541666666667	0.6423611111111112
13	0.5455729166666666	0.9885416666666667	0.17838541666666666	0.9885416666666667
13	0.4444444444444444	0.9458333333333333	0.06163194444444445	0.9458333333333333
0	1.1410590277777777	0.6423611111111112	0.11588541666666667	0.6423611111111112
13	0.5455729166666666	0.9885416666666667	0.17838541666666666	0.9885416666666667
13	0.4444444444444444	0.9458333333333333	0.06163194444444445	0.9458333333333333
0	0.5705295138888888	0.3211805555555556	0.11588541666666667	0.13125
13	0.2727864583333333	0.4942708333333333	0.17838541666666666	0.08159722222222222
13	0.2222222222222222	0.47291666666666665	0.06163194444444445	0.043055555555555555
0	0.5705295138888888	0.3211805555555556	0.11588541666666667	0.13125
13	0.2727864583333333	0.4942708333333333	0.17838541666666666	0.08159722222222222
