11	0.6755905511811023	0.2688802083333333	0.08976377952755905	0.2688802083333333
11	1.3992125984251969	0.2838541666666667	0.10708661417322834	0.2838541666666667
9	1.215748031496063	0.5657552083333334	0.014960629921259842	0.5657552083333334
11	0.6755905511811023	0.2688802083333333	0.08976377952755905	0.2688802083333333
11	1.3992125984251969	0.2838541666666667	0.10708661417322834	0.2838541666666667
9	1.215748031496063	0.5657552083333334	0.014960629921259842	0.5657552083333334
11	0.33779527559055117	0.13444010416666666	0.08976377952755905	0.040364583333333336
11	0.6996062992125984	0.14192708333333334	0.10708661417322834	0.06315104166666667
9	0.6078740157480315	0.2828776041666667	0.014960629921259842	0.01953125
0	0.5616141732283465	0.2775065104166667	0.11299212598425197	0.11555989583333333
11	0.33779527559055117	0.13444010416666666	0.08976377952755905	0.040364583333333336
9	0.6078740157480315	0.2828776041666667	0.014960629921259842	0.01953125
