11	1.5940944881889765	1.2340494791666667	0.07677165354330709	1.2340494791666667
11	1.3992125984251969	0.4251302083333333	0.14094488188976378	0.4251302083333333
10	1.634251968503937	1.462890625	0.06338582677165354	1.462890625
10	1.6015748031496062	1.2333984375	0.08818897637795275	1.2333984375
7	1.4318897637795276	1.1549479166666667	0.14921259842519685	1.1549479166666667
13	1.3803149606299212	0.5963541666666666	0.20708661417322835	0.5963541666666666
11	1.5940944881889765	1.2340494791666667	0.07677165354330709	1.2340494791666667
11	1.3992125984251969	0.4251302083333333	0.14094488188976378	0.4251302083333333
10	1.634251968503937	1.462890625	0.06338582677165354	1.462890625
10	1.6015748031496062	1.2333984375	0.08818897637795275	1.2333984375
7	1.4318897637795276	1.1549479166666667	0.14921259842519685	1.1549479166666667
13	1.3803149606299212	0.5963541666666666	0.20708661417322835	0.5963541666666666
11	0.7970472440944882	0.6170247395833334	0.07677165354330709	0.22688802083333334
11	0.6996062992125984	0.21256510416666666	0.14094488188976378	0.11328125
10	0.8171259842519685	0.7314453125	0.06338582677165354	0.078125
10	0.8007874015748031	0.61669921875	0.08818897637795275	0.2470703125
7	0.7159448818897638	0.5774739583333334	0.14921259842519685	0.19986979166666666
13	0.6901574803149606	0.2981770833333333	0.20708661417322835	0.2552083333333333
11	0.7970472440944882	0.6170247395833334	0.07677165354330709	0.22688802083333334
10	0.8171259842519685	0.7314453125	0.06338582677165354	0.078125
7	0.7159448818897638	0.5774739583333334	0.14921259842519685	0.19986979166666666
13	0.6901574803149606	0.2981770833333333	0.20708661417322835	0.2552083333333333
6	0.6742125984251969	0.3077799479166667	0.24921259842519686	0.2561848958333333
5	0.27716535433070866	0.56103515625	0.15984251968503937	0.11555989583333333
