2	1.6519685039370078	1.4104817708333333	0.03858267716535433	1.4104817708333333
2	0.6881889763779527	1.0325520833333333	0.050393700787401574	1.0325520833333333
2	1.6779527559055119	1.013671875	0.011811023622047244	1.013671875
2	1.2673228346456693	0.9625651041666666	0.08858267716535433	0.9625651041666666
9	1.26496062992126	0.95703125	0.07834645669291339	0.95703125
9	0.6881889763779527	1.0325520833333333	0.050393700787401574	1.0325520833333333
2	1.6519685039370078	1.4104817708333333	0.03858267716535433	1.4104817708333333
2	0.6881889763779527	1.0325520833333333	0.050393700787401574	1.0325520833333333
2	1.6779527559055119	1.013671875	0.011811023622047244	1.013671875
2	1.2673228346456693	0.9625651041666666	0.08858267716535433	0.9625651041666666
9	1.26496062992126	0.95703125	0.07834645669291339	0.95703125
9	0.6881889763779527	1.0325520833333333	0.050393700787401574	1.0325520833333333
2	0.8259842519685039	0.7052408854166666	0.03858267716535433	0.0224609375
2	0.34409448818897637	0.5162760416666666	0.050393700787401574	0.055338541666666664
2	0.8389763779527559	0.5068359375	0.011811023622047244	0.013020833333333334
2	0.6336614173228347	0.4812825520833333	0.08858267716535433	0.18977864583333334
9	0.63248031496063	0.478515625	0.07834645669291339	0.19270833333333334
9	0.34409448818897637	0.5162760416666666	0.050393700787401574	0.055338541666666664
2	0.8259842519685039	0.7052408854166666	0.03858267716535433	0.0224609375
13	0.8281496062992126	0.70849609375	0.04055118110236221	0.0224609375
9	0.63248031496063	0.478515625	0.07834645669291339	0.19270833333333334
8	0.841732283464567	0.5099283854166666	0.011811023622047244	0.012044270833333334
