13	1.1744791666666667	0.32395833333333335	0.08159722222222222	0.32395833333333335
13	0.3046875	0.7614583333333333	0.08072916666666667	0.7614583333333333
11	0.6419270833333334	0.30868055555555557	0.08550347222222222	0.30868055555555557
11	1.1675347222222223	0.2864583333333333	0.1605902777777778	0.2864583333333333
13	1.1744791666666667	0.32395833333333335	0.08159722222222222	0.32395833333333335
13	0.3046875	0.7614583333333333	0.08072916666666667	0.7614583333333333
11	0.6419270833333334	0.30868055555555557	0.08550347222222222	0.30868055555555557
11	1.1675347222222223	0.2864583333333333	0.1605902777777778	0.2864583333333333
13	0.5872395833333334	0.16197916666666667	0.08159722222222222	0.06770833333333333
13	0.15234375	0.3807291666666667	0.08072916666666667	0.06354166666666666
11	0.3209635416666667	0.15434027777777778	0.08550347222222222	0.021875
11	0.5837673611111112	0.14322916666666666	0.1605902777777778	0.05173611111111111
13	0.5872395833333334	0.16197916666666667	0.08159722222222222	0.06770833333333333
11	0.3209635416666667	0.15434027777777778	0.08550347222222222	0.021875
9	0.5915798611111112	0.6477430555555556	0.15625	0.03923611111111111
