13	0.5998666222074025	0.6710617626648161	0.043014338112704234	0.6710617626648161
13	0.7485828609536512	0.3945176960444136	0.05235078359453151	0.3945176960444136
8	0.5848616205401801	0.6193615544760583	0.056018672890963656	0.6193615544760583
8	0.7382460820273424	0.3608605135322693	0.020006668889629875	0.3608605135322693
8	0.5825275091697233	0.7460097154753643	0.019673224408136045	0.7460097154753643
13	0.5998666222074025	0.6710617626648161	0.043014338112704234	0.6710617626648161
13	0.7485828609536512	0.3945176960444136	0.05235078359453151	0.3945176960444136
8	0.5848616205401801	0.6193615544760583	0.056018672890963656	0.6193615544760583
8	0.7382460820273424	0.3608605135322693	0.020006668889629875	0.3608605135322693
8	0.5825275091697233	0.7460097154753643	0.019673224408136045	0.7460097154753643
13	0.29993331110370125	0.33553088133240805	0.043014338112704234	0.09576682859125607
13	0.3742914304768256	0.1972588480222068	0.05235078359453151	0.12040249826509368
8	0.29243081027009005	0.30968077723802917	0.056018672890963656	0.061415683553088136
8	0.3691230410136712	0.18043025676613464	0.020006668889629875	0.01943095072866065
8	0.29126375458486164	0.37300485773768216	0.019673224408136045	0.020124913254684247
13	0.29993331110370125	0.33553088133240805	0.043014338112704234	0.09576682859125607
8	0.29243081027009005	0.30968077723802917	0.056018672890963656	0.061415683553088136
