13	1.3499348958333333	0.845703125	0.10579427083333333	0.845703125
13	1.4039713541666667	0.8404947916666666	0.1201171875	0.8404947916666666
3	1.1435546875	1.2057291666666667	0.3675130208333333	1.2057291666666667
0	1.1305338541666667	0.6331380208333334	0.07975260416666667	0.6331380208333334
2	1.4508463541666667	0.7154947916666666	0.017252604166666668	0.7154947916666666
2	1.2893880208333333	0.4163411458333333	0.011393229166666666	0.4163411458333333
13	1.3499348958333333	0.845703125	0.10579427083333333	0.845703125
13	1.4039713541666667	0.8404947916666666	0.1201171875	0.8404947916666666
3	1.1435546875	1.2057291666666667	0.3675130208333333	1.2057291666666667
0	1.1305338541666667	0.6331380208333334	0.07975260416666667	0.6331380208333334
2	1.4508463541666667	0.7154947916666666	0.017252604166666668	0.7154947916666666
2	1.2893880208333333	0.4163411458333333	0.011393229166666666	0.4163411458333333
13	0.6749674479166666	0.4228515625	0.10579427083333333	0.024088541666666668
13	0.7019856770833334	0.4202473958333333	0.1201171875	0.15755208333333334
3	0.57177734375	0.6028645833333334	0.3675130208333333	0.10221354166666667
0	0.5652669270833334	0.3165690104166667	0.07975260416666667	0.0771484375
2	0.7254231770833334	0.3577473958333333	0.017252604166666668	0.016927083333333332
2	0.6446940104166666	0.20817057291666666	0.011393229166666666	0.021158854166666668
2	0.7254231770833334	0.3577473958333333	0.017252604166666668	0.016927083333333332
8	0.6466471354166666	0.20947265625	0.012044270833333334	0.0263671875
13	0.6749674479166666	0.4228515625	0.10579427083333333	0.024088541666666668
10	0.7976888020833334	0.7005208333333334	0.0361328125	0.059895833333333336
3	0.57177734375	0.6028645833333334	0.3675130208333333	0.10221354166666667
11	0.7976888020833334	0.7005208333333334	0.0361328125	0.059895833333333336
7	0.73779296875	0.5402018229166666	0.10579427083333333	0.2373046875
0	0.5652669270833334	0.3165690104166667	0.07975260416666667	0.0771484375
