13	0.36733870967741933	1.2236519607843137	0.12782258064516128	1.2236519607843137
10	1.8116935483870968	1.4895833333333333	0.0375	1.4895833333333333
10	0.18266129032258063	1.4607843137254901	0.03024193548387097	1.4607843137254901
11	1.8116935483870968	1.4895833333333333	0.0375	1.4895833333333333
11	0.18266129032258063	1.4607843137254901	0.03024193548387097	1.4607843137254901
13	0.36733870967741933	1.2236519607843137	0.12782258064516128	1.2236519607843137
10	1.8116935483870968	1.4895833333333333	0.0375	1.4895833333333333
10	0.18266129032258063	1.4607843137254901	0.03024193548387097	1.4607843137254901
11	1.8116935483870968	1.4895833333333333	0.0375	1.4895833333333333
11	0.18266129032258063	1.4607843137254901	0.03024193548387097	1.4607843137254901
11	0.9058467741935484	0.7447916666666666	0.0375	0.03860294117647059
11	0.09133064516129032	0.7303921568627451	0.03024193548387097	0.03308823529411765
13	0.18366935483870966	0.6118259803921569	0.12782258064516128	0.09558823529411764
10	0.9058467741935484	0.7447916666666666	0.0375	0.03860294117647059
10	0.09133064516129032	0.7303921568627451	0.03024193548387097	0.03308823529411765
13	0.18366935483870966	0.6118259803921569	0.12782258064516128	0.09558823529411764
10	0.9058467741935484	0.7447916666666666	0.0375	0.03860294117647059
9	0.17298387096774193	0.6211703431372549	0.10967741935483871	0.08547794117647059
11	0.9058467741935484	0.7447916666666666	0.0375	0.03860294117647059
