13	0.7955729166666666	0.7132161458333334	0.111328125	0.7132161458333334
13	0.8444010416666666	0.5074869791666666	0.059244791666666664	0.5074869791666666
13	0.8304036458333334	0.5973307291666666	0.11686197916666667	0.5973307291666666
13	0.7955729166666666	0.7132161458333334	0.111328125	0.7132161458333334
13	0.8444010416666666	0.5074869791666666	0.059244791666666664	0.5074869791666666
13	0.8304036458333334	0.5973307291666666	0.11686197916666667	0.5973307291666666
13	0.3977864583333333	0.3566080729166667	0.111328125	0.050455729166666664
13	0.4222005208333333	0.2537434895833333	0.059244791666666664	0.10774739583333333
13	0.4152018229166667	0.2986653645833333	0.11686197916666667	0.19759114583333334
2	0.4152018229166667	0.2986653645833333	0.11686197916666667	0.19759114583333334
13	0.3977864583333333	0.3566080729166667	0.111328125	0.050455729166666664
