3	1.1631944444444444	1.3712686567164178	0.4262152777777778	1.3712686567164178
0	1.1974826388888888	0.7384328358208955	0.1349826388888889	0.7384328358208955
11	1.4006076388888888	0.40559701492537314	0.2573784722222222	0.40559701492537314
11	0.5542534722222222	0.41044776119402987	0.20442708333333334	0.41044776119402987
11	0.6701388888888888	0.3194029850746269	0.10590277777777778	0.3194029850746269
3	1.1631944444444444	1.3712686567164178	0.4262152777777778	1.3712686567164178
0	1.1974826388888888	0.7384328358208955	0.1349826388888889	0.7384328358208955
11	1.4006076388888888	0.40559701492537314	0.2573784722222222	0.40559701492537314
11	0.5542534722222222	0.41044776119402987	0.20442708333333334	0.41044776119402987
11	0.6701388888888888	0.3194029850746269	0.10590277777777778	0.3194029850746269
11	0.7003038194444444	0.20279850746268657	0.2573784722222222	0.08246268656716418
11	0.2771267361111111	0.20522388059701493	0.20442708333333334	0.12611940298507462
11	0.3350694444444444	0.15970149253731344	0.10590277777777778	0.033582089552238806
3	0.5815972222222222	0.6856343283582089	0.4262152777777778	0.14440298507462687
0	0.5987413194444444	0.36921641791044774	0.1349826388888889	0.14664179104477612
3	0.5815972222222222	0.6856343283582089	0.4262152777777778	0.14440298507462687
0	0.5987413194444444	0.36921641791044774	0.1349826388888889	0.14664179104477612
11	0.7003038194444444	0.20279850746268657	0.2573784722222222	0.08246268656716418
