13	1.3846456692913385	0.5237630208333334	0.23031496062992127	0.5237630208333334
13	1.4421259842519685	0.5130208333333334	0.10354330708661418	0.5130208333333334
13	1.3846456692913385	0.5237630208333334	0.23031496062992127	0.5237630208333334
13	1.4421259842519685	0.5130208333333334	0.10354330708661418	0.5130208333333334
13	0.6923228346456692	0.2618815104166667	0.23031496062992127	0.20279947916666666
13	0.7210629921259842	0.2565104166666667	0.10354330708661418	0.125
13	0.6923228346456692	0.2618815104166667	0.23031496062992127	0.20279947916666666
6	0.6974409448818898	0.2648111979166667	0.17204724409448818	0.18131510416666666
8	0.7523622047244094	0.3033854166666667	0.030708661417322834	0.02734375
9	0.7523622047244094	0.3033854166666667	0.030708661417322834	0.02734375
