13	0.47474348855564324	0.8781313473256601	0.11089187056037884	0.8781313473256601
13	0.5572217837411207	0.7271496276235613	0.1910023677979479	0.7271496276235613
13	0.4976322020520916	0.6408259986459038	0.12746645619573796	0.6408259986459038
0	1.0726124704025257	0.7261340555179417	0.11917916337805841	0.7261340555179417
13	0.47474348855564324	0.8781313473256601	0.11089187056037884	0.8781313473256601
13	0.5572217837411207	0.7271496276235613	0.1910023677979479	0.7271496276235613
13	0.4976322020520916	0.6408259986459038	0.12746645619573796	0.6408259986459038
0	1.0726124704025257	0.7261340555179417	0.11917916337805841	0.7261340555179417
13	0.23737174427782162	0.43906567366283006	0.11089187056037884	0.06973595125253892
13	0.2786108918705604	0.36357481381178064	0.1910023677979479	0.23222748815165878
13	0.2488161010260458	0.3204129993229519	0.12746645619573796	0.0971563981042654
0	0.5363062352012629	0.3630670277589709	0.11917916337805841	0.13574813811780637
13	0.23737174427782162	0.43906567366283006	0.11089187056037884	0.06973595125253892
0	0.5363062352012629	0.3630670277589709	0.11917916337805841	0.13574813811780637
