11	1.8020030816640986	1.3746488764044944	0.04699537750385208	1.3746488764044944
11	0.26540832049306623	1.3865870786516854	0.05970724191063174	1.3865870786516854
11	1.8089368258859784	1.3609550561797752	0.016178736517719568	1.3609550561797752
8	1.6621725731895223	1.026685393258427	0.06818181818181818	1.026685393258427
11	1.8020030816640986	1.3746488764044944	0.04699537750385208	1.3746488764044944
11	0.26540832049306623	1.3865870786516854	0.05970724191063174	1.3865870786516854
11	1.8089368258859784	1.3609550561797752	0.016178736517719568	1.3609550561797752
8	1.6621725731895223	1.026685393258427	0.06818181818181818	1.026685393258427
11	0.9010015408320493	0.6873244382022472	0.04699537750385208	0.06355337078651685
11	0.13270416024653311	0.6932935393258427	0.05970724191063174	0.07970505617977527
11	0.9044684129429892	0.6804775280898876	0.016178736517719568	0.03089887640449438
8	0.8310862865947611	0.5133426966292135	0.06818181818181818	0.06811797752808989
11	0.9010015408320493	0.6873244382022472	0.04699537750385208	0.06355337078651685
0	0.6018875192604006	0.2891502808988764	0.10285053929121726	0.10217696629213484
10	0.889060092449923	0.6602879213483146	0.06548536209553159	0.07408707865168539
8	0.8310862865947611	0.5133426966292135	0.06818181818181818	0.06811797752808989
7	0.8310862865947611	0.5094803370786517	0.09591679506933744	0.08146067415730338
6	0.8310862865947611	0.5094803370786517	0.09591679506933744	0.08146067415730338
9	0.5414098613251156	0.1738061797752809	0.10978428351309708	0.31320224719101125
