11	1.3395196506550218	0.24414715719063546	0.1812227074235808	0.24414715719063546
13	0.5092794759825328	0.5154682274247492	0.1861353711790393	0.5154682274247492
13	0.5267467248908297	0.8298494983277592	0.12390829694323144	0.8298494983277592
13	0.6026200873362445	0.33528428093645485	0.2183406113537118	0.33528428093645485
11	1.3395196506550218	0.24414715719063546	0.1812227074235808	0.24414715719063546
13	0.5092794759825328	0.5154682274247492	0.1861353711790393	0.5154682274247492
13	0.5267467248908297	0.8298494983277592	0.12390829694323144	0.8298494983277592
13	0.6026200873362445	0.33528428093645485	0.2183406113537118	0.33528428093645485
11	0.6697598253275109	0.12207357859531773	0.1812227074235808	0.030100334448160536
13	0.2546397379912664	0.2577341137123746	0.1861353711790393	0.20192307692307693
13	0.26337336244541487	0.4149247491638796	0.12390829694323144	0.058946488294314384
13	0.30131004366812225	0.16764214046822742	0.2183406113537118	0.07023411371237458
11	0.6697598253275109	0.12207357859531773	0.1812227074235808	0.030100334448160536
13	0.2546397379912664	0.2577341137123746	0.1861353711790393	0.20192307692307693
9	0.7330786026200873	0.7583612040133779	0.04912663755458515	0.05852842809364549
