9	0.5807291666666666	1.2392361111111112	0.17708333333333334	1.2392361111111112
9	0.5598958333333334	0.5829861111111111	0.026909722222222224	0.5829861111111111
8	0.5598958333333334	0.5833333333333334	0.026041666666666668	0.5833333333333334
9	0.5807291666666666	1.2392361111111112	0.17708333333333334	1.2392361111111112
9	0.5598958333333334	0.5829861111111111	0.026909722222222224	0.5829861111111111
8	0.5598958333333334	0.5833333333333334	0.026041666666666668	0.5833333333333334
9	0.2903645833333333	0.6196180555555556	0.17708333333333334	0.11631944444444445
9	0.2799479166666667	0.29149305555555555	0.026909722222222224	0.012847222222222222
8	0.2799479166666667	0.2916666666666667	0.026041666666666668	0.014583333333333334
7	0.2903645833333333	0.6196180555555556	0.17708333333333334	0.11631944444444445
9	0.2903645833333333	0.6196180555555556	0.17708333333333334	0.11631944444444445
8	0.2799479166666667	0.2916666666666667	0.026041666666666668	0.014583333333333334
