3	1.0907118055555556	1.3458333333333334	0.4917534722222222	1.3458333333333334
0	1.0625	0.7076388888888889	0.1111111111111111	0.7076388888888889
3	1.0907118055555556	1.3458333333333334	0.4917534722222222	1.3458333333333334
0	1.0625	0.7076388888888889	0.1111111111111111	0.7076388888888889
3	0.5453559027777778	0.6729166666666667	0.4917534722222222	0.13541666666666666
0	0.53125	0.35381944444444446	0.1111111111111111	0.11597222222222223
3	0.5453559027777778	0.6729166666666667	0.4917534722222222	0.13541666666666666
0	0.53125	0.35381944444444446	0.1111111111111111	0.11597222222222223
8	0.1675347222222222	0.6550347222222223	0.022569444444444444	0.02048611111111111
11	0.5813802083333334	0.20590277777777777	0.029947916666666668	0.0125
9	0.1675347222222222	0.6550347222222223	0.022569444444444444	0.02048611111111111
