7	0.4314236111111111	1.1579861111111112	0.1736111111111111	1.1579861111111112
7	1.5755208333333333	1.4506944444444445	0.07378472222222222	1.4506944444444445
7	0.4457465277777778	0.8111111111111111	0.05164930555555555	0.8111111111111111
7	0.8346354166666666	0.6923611111111111	0.07769097222222222	0.6923611111111111
10	0.3953993055555556	1.2440972222222222	0.22265625	1.2440972222222222
10	1.5750868055555556	1.5222222222222221	0.12456597222222222	1.5222222222222221
4	0.6627604166666666	0.9996527777777777	0.1271701388888889	0.9996527777777777
4	0.4301215277777778	0.815625	0.0959201388888889	0.815625
4	0.4314236111111111	1.1579861111111112	0.1736111111111111	1.1579861111111112
3	1.0690104166666667	1.2885416666666667	0.4657118055555556	1.2885416666666667
7	0.4314236111111111	1.1579861111111112	0.1736111111111111	1.1579861111111112
7	1.5755208333333333	1.4506944444444445	0.07378472222222222	1.4506944444444445
7	0.4457465277777778	0.8111111111111111	0.05164930555555555	0.8111111111111111
7	0.8346354166666666	0.6923611111111111	0.07769097222222222	0.6923611111111111
10	0.3953993055555556	1.2440972222222222	0.22265625	1.2440972222222222
10	1.5750868055555556	1.5222222222222221	0.12456597222222222	1.5222222222222221
4	0.6627604166666666	0.9996527777777777	0.1271701388888889	0.9996527777777777
4	0.4301215277777778	0.815625	0.0959201388888889	0.815625
4	0.4314236111111111	1.1579861111111112	0.1736111111111111	1.1579861111111112
3	1.0690104166666667	1.2885416666666667	0.4657118055555556	1.2885416666666667
7	0.21571180555555555	0.5789930555555556	0.1736111111111111	0.10729166666666666
7	0.7877604166666666	0.7253472222222223	0.07378472222222222	0.09236111111111112
7	0.2228732638888889	0.40555555555555556	0.05164930555555555	0.06944444444444445
7	0.4173177083333333	0.34618055555555555	0.07769097222222222	0.10486111111111111
10	0.1976996527777778	0.6220486111111111	0.22265625	0.21770833333333334
10	0.7875434027777778	0.7611111111111111	0.12456597222222222	0.1527777777777778
4	0.3313802083333333	0.49982638888888886	0.1271701388888889	0.08506944444444445
4	0.2150607638888889	0.4078125	0.0959201388888889	0.07465277777777778
4	0.21571180555555555	0.5789930555555556	0.1736111111111111	0.10729166666666666
3	0.5345052083333334	0.6442708333333333	0.4657118055555556	0.20243055555555556
7	0.21571180555555555	0.5789930555555556	0.1736111111111111	0.10729166666666666
10	0.1976996527777778	0.6220486111111111	0.22265625	0.21770833333333334
4	0.3313802083333333	0.49982638888888886	0.1271701388888889	0.08506944444444445
3	0.5345052083333334	0.6442708333333333	0.4657118055555556	0.20243055555555556
8	0.4173177083333333	0.34618055555555555	0.07769097222222222	0.10486111111111111
6	0.2280815972222222	0.4046875	0.07161458333333333	0.06284722222222222
