13	1.7179195140470767	0.9430117796879974	0.09832953682611997	0.9430117796879974
3	1.2198177676537585	1.154727793696275	0.5561883067577829	1.154727793696275
0	1.2228549734244496	0.6752626552053486	0.1780561883067578	0.6752626552053486
13	1.7179195140470767	0.9430117796879974	0.09832953682611997	0.9430117796879974
3	1.2198177676537585	1.154727793696275	0.5561883067577829	1.154727793696275
0	1.2228549734244496	0.6752626552053486	0.1780561883067578	0.6752626552053486
13	0.8589597570235383	0.4715058898439987	0.09832953682611997	0.02355937599490608
3	0.6099088838268792	0.5773638968481375	0.5561883067577829	0.16141356255969436
0	0.6114274867122248	0.3376313276026743	0.1780561883067578	0.14358484559057624
13	0.8589597570235383	0.4715058898439987	0.09832953682611997	0.02355937599490608
3	0.6099088838268792	0.5773638968481375	0.5561883067577829	0.16141356255969436
0	0.6114274867122248	0.3376313276026743	0.1780561883067578	0.14358484559057624
