11	1.6917735042735043	1.190625	0.09027777777777778	1.190625
11	1.359508547008547	0.4446428571428571	0.19925213675213677	0.4446428571428571
11	1.6639957264957266	0.8799107142857143	0.06570512820512821	0.8799107142857143
11	1.4898504273504274	0.7348214285714286	0.2483974358974359	0.7348214285714286
10	1.5870726495726495	1.3674107142857144	0.15651709401709402	1.3674107142857144
4	1.3392094017094016	0.5696428571428571	0.13514957264957264	0.5696428571428571
9	1.0512820512820513	0.9504464285714286	0.22756410256410256	0.9504464285714286
8	1.5865384615384615	0.9660714285714286	0.041666666666666664	0.9660714285714286
8	1.5090811965811965	0.9933035714285714	0.038995726495726496	0.9933035714285714
7	1.6639957264957266	0.8799107142857143	0.06570512820512821	0.8799107142857143
7	1.3466880341880343	0.5428571428571428	0.17681623931623933	0.5428571428571428
7	1.4626068376068375	0.9008928571428572	0.24252136752136752	0.9008928571428572
7	1.5074786324786325	1.1799107142857144	0.18482905982905984	1.1799107142857144
11	1.6917735042735043	1.190625	0.09027777777777778	1.190625
11	1.359508547008547	0.4446428571428571	0.19925213675213677	0.4446428571428571
11	1.6639957264957266	0.8799107142857143	0.06570512820512821	0.8799107142857143
11	1.4898504273504274	0.7348214285714286	0.2483974358974359	0.7348214285714286
10	1.5870726495726495	1.3674107142857144	0.15651709401709402	1.3674107142857144
4	1.3392094017094016	0.5696428571428571	0.13514957264957264	0.5696428571428571
9	1.0512820512820513	0.9504464285714286	0.22756410256410256	0.9504464285714286
8	1.5865384615384615	0.9660714285714286	0.041666666666666664	0.9660714285714286
8	1.5090811965811965	0.9933035714285714	0.038995726495726496	0.9933035714285714
7	1.6639957264957266	0.8799107142857143	0.06570512820512821	0.8799107142857143
7	1.3466880341880343	0.5428571428571428	0.17681623931623933	0.5428571428571428
7	1.4626068376068375	0.9008928571428572	0.24252136752136752	0.9008928571428572
7	1.5074786324786325	1.1799107142857144	0.18482905982905984	1.1799107142857144
11	0.8458867521367521	0.5953125	0.09027777777777778	0.17008928571428572
11	0.6797542735042735	0.22232142857142856	0.19925213675213677	0.1
11	0.8319978632478633	0.43995535714285716	0.06570512820512821	0.278125
11	0.7449252136752137	0.3674107142857143	0.2483974358974359	0.38035714285714284
10	0.7935363247863247	0.6837053571428572	0.15651709401709402	0.19151785714285716
4	0.6696047008547008	0.28482142857142856	0.13514957264957264	0.12053571428571429
9	0.5256410256410257	0.4752232142857143	0.22756410256410256	0.5808035714285714
8	0.7932692307692307	0.4830357142857143	0.041666666666666664	0.055357142857142855
8	0.7545405982905983	0.4966517857142857	0.038995726495726496	0.04241071428571429
7	0.8319978632478633	0.43995535714285716	0.06570512820512821	0.278125
7	0.6733440170940171	0.2714285714285714	0.17681623931623933	0.15625
7	0.7313034188034188	0.4504464285714286	0.24252136752136752	0.33303571428571427
7	0.7537393162393162	0.5899553571428572	0.18482905982905984	0.10133928571428572
1	0.6527777777777778	0.2502232142857143	0.16132478632478633	0.13794642857142858
11	0.8458867521367521	0.5953125	0.09027777777777778	0.17008928571428572
10	0.7935363247863247	0.6837053571428572	0.15651709401709402	0.19151785714285716
4	0.6696047008547008	0.28482142857142856	0.13514957264957264	0.12053571428571429
9	0.5256410256410257	0.4752232142857143	0.22756410256410256	0.5808035714285714
8	0.7932692307692307	0.4830357142857143	0.041666666666666664	0.055357142857142855
7	0.8319978632478633	0.43995535714285716	0.06570512820512821	0.278125
