7	1.6775205963122792	0.9429270281288219	0.12710867006669282	0.9429270281288219
7	0.49391918399372303	1.1553200163065633	0.1887014515496273	1.1553200163065633
7	1.7344056492742252	1.1911944557684468	0.10474695959199685	1.1911944557684468
0	1.1989015300117694	0.7219730941704036	0.1169085916045508	0.7219730941704036
3	1.2149862691251472	1.1907867916836528	0.49862691251471164	1.1907867916836528
4	1.663005100039231	0.9502649816551162	0.13456257355825815	0.9502649816551162
4	1.6575127500980777	0.9343660823481451	0.06708513142408788	0.9343660823481451
7	1.6775205963122792	0.9429270281288219	0.12710867006669282	0.9429270281288219
7	0.49391918399372303	1.1553200163065633	0.1887014515496273	1.1553200163065633
7	1.7344056492742252	1.1911944557684468	0.10474695959199685	1.1911944557684468
0	1.1989015300117694	0.7219730941704036	0.1169085916045508	0.7219730941704036
3	1.2149862691251472	1.1907867916836528	0.49862691251471164	1.1907867916836528
4	1.663005100039231	0.9502649816551162	0.13456257355825815	0.9502649816551162
4	1.6575127500980777	0.9343660823481451	0.06708513142408788	0.9343660823481451
7	0.8387602981561396	0.47146351406441095	0.12710867006669282	0.12352221769262128
7	0.24695959199686152	0.5776600081532817	0.1887014515496273	0.07582551977170811
7	0.8672028246371126	0.5955972278842234	0.10474695959199685	0.16143497757847533
0	0.5994507650058847	0.3609865470852018	0.1169085916045508	0.15287403179779863
3	0.6074931345625736	0.5953933958418264	0.49862691251471164	0.17651854871585812
4	0.8315025500196155	0.4751324908275581	0.13456257355825815	0.4154097024052181
4	0.8287563750490389	0.46718304117407256	0.06708513142408788	0.07908683245006115
0	0.5994507650058847	0.3609865470852018	0.1169085916045508	0.15287403179779863
3	0.6074931345625736	0.5953933958418264	0.49862691251471164	0.17651854871585812
4	0.8315025500196155	0.4751324908275581	0.13456257355825815	0.4154097024052181
6	0.8387602981561396	0.47146351406441095	0.12710867006669282	0.12352221769262128
7	0.8387602981561396	0.47146351406441095	0.12710867006669282	0.12352221769262128
9	0.8672028246371126	0.5955972278842234	0.10474695959199685	0.16143497757847533
13	0.24695959199686152	0.5776600081532817	0.1887014515496273	0.07582551977170811
