8	0.3938931297709924	0.648884239888424	0.021374045801526718	0.648884239888424
8	1.332442748091603	0.8437935843793585	0.052290076335877865	0.8437935843793585
8	0.5740458015267176	1.160739191073919	0.029770992366412213	1.160739191073919
8	0.3919847328244275	1.1028591352859136	0.0316793893129771	1.1028591352859136
8	1.3236641221374046	0.9853556485355649	0.0450381679389313	0.9853556485355649
8	0.5076335877862596	1.1928172942817294	0.030534351145038167	1.1928172942817294
8	1.5435114503816794	0.9121338912133892	0.029770992366412213	0.9121338912133892
8	1.3767175572519084	0.4013249651324965	0.030916030534351144	0.4013249651324965
8	0.5683206106870229	0.7670850767085077	0.027862595419847327	0.7670850767085077
8	0.5034351145038168	0.8723849372384938	0.025572519083969465	0.8723849372384938
8	1.5645038167938932	0.9801255230125523	0.029389312977099236	0.9801255230125523
0	1.199236641221374	0.5292887029288703	0.1435114503816794	0.5292887029288703
9	1.5454198473282443	0.9159693165969317	0.027099236641221373	0.9159693165969317
9	0.3950381679389313	1.1018131101813111	0.027862595419847327	1.1018131101813111
8	0.3938931297709924	0.648884239888424	0.021374045801526718	0.648884239888424
8	1.332442748091603	0.8437935843793585	0.052290076335877865	0.8437935843793585
8	0.5740458015267176	1.160739191073919	0.029770992366412213	1.160739191073919
8	0.3919847328244275	1.1028591352859136	0.0316793893129771	1.1028591352859136
8	1.3236641221374046	0.9853556485355649	0.0450381679389313	0.9853556485355649
8	0.5076335877862596	1.1928172942817294	0.030534351145038167	1.1928172942817294
8	1.5435114503816794	0.9121338912133892	0.029770992366412213	0.9121338912133892
8	1.3767175572519084	0.4013249651324965	0.030916030534351144	0.4013249651324965
8	0.5683206106870229	0.7670850767085077	0.027862595419847327	0.7670850767085077
8	0.5034351145038168	0.8723849372384938	0.025572519083969465	0.8723849372384938
8	1.5645038167938932	0.9801255230125523	0.029389312977099236	0.9801255230125523
0	1.199236641221374	0.5292887029288703	0.1435114503816794	0.5292887029288703
9	1.5454198473282443	0.9159693165969317	0.027099236641221373	0.9159693165969317
9	0.3950381679389313	1.1018131101813111	0.027862595419847327	1.1018131101813111
8	0.1969465648854962	0.324442119944212	0.021374045801526718	0.020571827057182707
8	0.6662213740458015	0.42189679218967924	0.052290076335877865	0.04602510460251046
8	0.2870229007633588	0.5803695955369595	0.029770992366412213	0.021269177126917713
8	0.19599236641221374	0.5514295676429568	0.0316793893129771	0.021966527196652718
8	0.6618320610687023	0.49267782426778245	0.0450381679389313	0.041143654114365415
8	0.2538167938931298	0.5964086471408647	0.030534351145038167	0.024755927475592746
8	0.7717557251908397	0.4560669456066946	0.029770992366412213	0.02092050209205021
8	0.6883587786259542	0.20066248256624825	0.030916030534351144	0.028242677824267783
8	0.28416030534351144	0.38354253835425384	0.027862595419847327	0.023709902370990237
8	0.2517175572519084	0.4361924686192469	0.025572519083969465	0.021617852161785217
8	0.7822519083969466	0.49006276150627615	0.029389312977099236	0.025453277545327755
0	0.599618320610687	0.26464435146443516	0.1435114503816794	0.11715481171548117
9	0.7727099236641222	0.45798465829846585	0.027099236641221373	0.02405857740585774
9	0.19751908396946566	0.5509065550906556	0.027862595419847327	0.027196652719665274
8	0.1969465648854962	0.324442119944212	0.021374045801526718	0.020571827057182707
0	0.599618320610687	0.26464435146443516	0.1435114503816794	0.11715481171548117
9	0.7727099236641222	0.45798465829846585	0.027099236641221373	0.02405857740585774
13	0.8282442748091603	0.5669456066945606	0.026717557251908396	0.024407252440725245
11	0.3887404580152672	0.10285913528591353	0.10343511450381679	0.03765690376569038
