11	0.7379830348727615	0.20174482006543076	0.17907634307257306	0.20174482006543076
11	1.5098963242224317	0.2515448927662668	0.18190386427898209	0.2515448927662668
2	1.6343072573044297	0.8255179934569248	0.04806786050895382	0.8255179934569248
2	0.5141376060320453	0.5917848055252636	0.206880301602262	0.5917848055252636
11	0.7379830348727615	0.20174482006543076	0.17907634307257306	0.20174482006543076
11	1.5098963242224317	0.2515448927662668	0.18190386427898209	0.2515448927662668
2	1.6343072573044297	0.8255179934569248	0.04806786050895382	0.8255179934569248
2	0.5141376060320453	0.5917848055252636	0.206880301602262	0.5917848055252636
11	0.36899151743638076	0.10087241003271538	0.17907634307257306	0.09778262450018176
11	0.7549481621112158	0.1257724463831334	0.18190386427898209	0.09233006179571066
2	0.8171536286522149	0.4127589967284624	0.04806786050895382	0.030897855325336242
2	0.25706880301602264	0.2958924027626318	0.206880301602262	0.1163213376953835
13	0.3501413760603205	0.1737549981824791	0.10084825636192271	0.08215194474736459
2	0.8171536286522149	0.4127589967284624	0.04806786050895382	0.030897855325336242
8	0.8145617342130066	0.4122137404580153	0.04288407163053723	0.023264267539076698
9	0.2858152686145146	0.2951653944020356	0.1880301602262017	0.1272264631043257
11	0.36899151743638076	0.10087241003271538	0.17907634307257306	0.09778262450018176
