13	0.6336805555555556	0.2746527777777778	0.078125	0.2746527777777778
13	0.5998263888888888	0.2746527777777778	0.030381944444444444	0.2746527777777778
0	1.1458333333333333	0.3861111111111111	0.09635416666666667	0.3861111111111111
13	0.6336805555555556	0.2746527777777778	0.078125	0.2746527777777778
13	0.5998263888888888	0.2746527777777778	0.030381944444444444	0.2746527777777778
0	1.1458333333333333	0.3861111111111111	0.09635416666666667	0.3861111111111111
13	0.3168402777777778	0.1373263888888889	0.078125	0.03576388888888889
13	0.2999131944444444	0.1373263888888889	0.030381944444444444	0.025347222222222222
0	0.5729166666666666	0.19305555555555556	0.09635416666666667	0.09444444444444444
13	0.3168402777777778	0.1373263888888889	0.078125	0.03576388888888889
0	0.5729166666666666	0.19305555555555556	0.09635416666666667	0.09444444444444444
