11	0.7311023622047244	0.2835286458333333	0.11929133858267717	0.2835286458333333
11	1.3303149606299212	0.2786458333333333	0.0688976377952756	0.2786458333333333
3	1.1094488188976377	0.9873046875	0.4259842519685039	0.9873046875
13	0.7476377952755906	0.4990234375	0.0531496062992126	0.4990234375
13	1.3866141732283463	0.7760416666666666	0.10393700787401575	0.7760416666666666
13	1.5090551181102363	0.5572916666666666	0.03503937007874016	0.5572916666666666
13	1.4322834645669291	0.9401041666666666	0.08661417322834646	0.9401041666666666
0	1.1535433070866141	0.53515625	0.13307086614173227	0.53515625
11	0.7311023622047244	0.2835286458333333	0.11929133858267717	0.2835286458333333
11	1.3303149606299212	0.2786458333333333	0.0688976377952756	0.2786458333333333
3	1.1094488188976377	0.9873046875	0.4259842519685039	0.9873046875
13	0.7476377952755906	0.4990234375	0.0531496062992126	0.4990234375
13	1.3866141732283463	0.7760416666666666	0.10393700787401575	0.7760416666666666
13	1.5090551181102363	0.5572916666666666	0.03503937007874016	0.5572916666666666
13	1.4322834645669291	0.9401041666666666	0.08661417322834646	0.9401041666666666
0	1.1535433070866141	0.53515625	0.13307086614173227	0.53515625
11	0.3655511811023622	0.14176432291666666	0.11929133858267717	0.023763020833333332
11	0.6651574803149606	0.13932291666666666	0.0688976377952756	0.018880208333333332
3	0.5547244094488188	0.49365234375	0.4259842519685039	0.08756510416666667
13	0.3738188976377953	0.24951171875	0.0531496062992126	0.1376953125
13	0.6933070866141732	0.3880208333333333	0.10393700787401575	0.045572916666666664
13	0.7545275590551181	0.2786458333333333	0.03503937007874016	0.016276041666666668
13	0.7161417322834646	0.4700520833333333	0.08661417322834646	0.052083333333333336
0	0.5767716535433071	0.267578125	0.13307086614173227	0.10221354166666667
11	0.3655511811023622	0.14176432291666666	0.11929133858267717	0.023763020833333332
3	0.5547244094488188	0.49365234375	0.4259842519685039	0.08756510416666667
13	0.3738188976377953	0.24951171875	0.0531496062992126	0.1376953125
0	0.5767716535433071	0.267578125	0.13307086614173227	0.10221354166666667
