13	0.5030381944444444	0.3145833333333333	0.19401041666666666	0.3145833333333333
11	0.5325520833333334	0.2111111111111111	0.17057291666666666	0.2111111111111111
2	0.5065104166666666	0.3090277777777778	0.17664930555555555	0.3090277777777778
13	0.5030381944444444	0.3145833333333333	0.19401041666666666	0.3145833333333333
11	0.5325520833333334	0.2111111111111111	0.17057291666666666	0.2111111111111111
2	0.5065104166666666	0.3090277777777778	0.17664930555555555	0.3090277777777778
13	0.2515190972222222	0.15729166666666666	0.19401041666666666	0.10902777777777778
11	0.2662760416666667	0.10555555555555556	0.17057291666666666	0.04583333333333333
2	0.2532552083333333	0.1545138888888889	0.17664930555555555	0.11597222222222223
13	0.2515190972222222	0.15729166666666666	0.19401041666666666	0.10902777777777778
11	0.2662760416666667	0.10555555555555556	0.17057291666666666	0.04583333333333333
2	0.2532552083333333	0.1545138888888889	0.17664930555555555	0.11597222222222223
4	0.1994357638888889	0.18697916666666667	0.05772569444444445	0.036458333333333336
8	0.1994357638888889	0.18697916666666667	0.05772569444444445	0.036458333333333336
