13	1.711086637298091	0.9376623376623376	0.06938325991189427	0.9376623376623376
13	0.42400881057268724	1.4188311688311688	0.29405286343612336	1.4188311688311688
13	0.4196035242290749	1.5217532467532469	0.2720264317180617	1.5217532467532469
11	1.8373715124816445	1.5646103896103896	0.06130690161527166	1.5646103896103896
13	1.711086637298091	0.9376623376623376	0.06938325991189427	0.9376623376623376
13	0.42400881057268724	1.4188311688311688	0.29405286343612336	1.4188311688311688
13	0.4196035242290749	1.5217532467532469	0.2720264317180617	1.5217532467532469
11	1.8373715124816445	1.5646103896103896	0.06130690161527166	1.5646103896103896
13	0.8555433186490455	0.4688311688311688	0.06938325991189427	0.02207792207792208
13	0.21200440528634362	0.7094155844155844	0.29405286343612336	0.10194805194805195
13	0.20980176211453744	0.7608766233766234	0.2720264317180617	0.04642857142857143
11	0.9186857562408223	0.7823051948051948	0.06130690161527166	0.09707792207792208
13	0.8555433186490455	0.4688311688311688	0.06938325991189427	0.02207792207792208
10	0.9330029368575624	0.7641233766233766	0.06424375917767988	0.0685064935064935
11	0.9186857562408223	0.7823051948051948	0.06130690161527166	0.09707792207792208
9	0.2050293685756241	0.7642857142857142	0.2566079295154185	0.04025974025974026
0	0.584618208516887	0.30243506493506495	0.08039647577092511	0.0788961038961039
