13	1.5205078125	0.625	0.0556640625	0.625
11	0.3287760416666667	1.6236979166666667	0.029947916666666668	1.6236979166666667
11	0.8430989583333334	0.2591145833333333	0.09049479166666667	0.2591145833333333
13	1.5205078125	0.625	0.0556640625	0.625
11	0.3287760416666667	1.6236979166666667	0.029947916666666668	1.6236979166666667
11	0.8430989583333334	0.2591145833333333	0.09049479166666667	0.2591145833333333
13	0.76025390625	0.3125	0.0556640625	0.047526041666666664
11	0.16438802083333334	0.8118489583333334	0.029947916666666668	0.033854166666666664
11	0.4215494791666667	0.12955729166666666	0.09049479166666667	0.033203125
13	0.76025390625	0.3125	0.0556640625	0.047526041666666664
11	0.16438802083333334	0.8118489583333334	0.029947916666666668	0.033854166666666664
10	0.16438802083333334	0.8118489583333334	0.029947916666666668	0.033854166666666664
