9	0.3776041666666667	0.9111111111111111	0.13194444444444445	0.9111111111111111
9	0.055989583333333336	1.5690972222222221	0.055121527777777776	1.5690972222222221
0	0.95703125	0.8517361111111111	0.1072048611111111	0.8517361111111111
9	0.3776041666666667	0.9111111111111111	0.13194444444444445	0.9111111111111111
9	0.055989583333333336	1.5690972222222221	0.055121527777777776	1.5690972222222221
0	0.95703125	0.8517361111111111	0.1072048611111111	0.8517361111111111
9	0.18880208333333334	0.45555555555555555	0.13194444444444445	0.15069444444444444
9	0.027994791666666668	0.7845486111111111	0.055121527777777776	0.08368055555555555
0	0.478515625	0.42586805555555557	0.1072048611111111	0.09965277777777778
9	0.18880208333333334	0.45555555555555555	0.13194444444444445	0.15069444444444444
3	0.4481336805555556	0.7248263888888888	0.4361979166666667	0.1482638888888889
0	0.478515625	0.42586805555555557	0.1072048611111111	0.09965277777777778
7	0.027994791666666668	0.7845486111111111	0.055121527777777776	0.08368055555555555
13	0.18880208333333334	0.45555555555555555	0.13194444444444445	0.15069444444444444
