6	1.5065394132202192	0.40134847409510294	0.05019441498762814	0.40134847409510294
6	0.6836337928596677	0.5833924769339958	0.19158713326263696	0.5833924769339958
13	1.5238600212089077	0.38857345635202273	0.06115235065394132	0.38857345635202273
13	0.6369741958289148	0.5234208658623137	0.13149522799575822	0.5234208658623137
11	0.8221986567691764	0.28566359119943224	0.1470484270060092	0.28566359119943224
11	1.5196182396606575	0.3811213626685593	0.0639802050194415	0.3811213626685593
11	0.824673029338989	0.4709013484740951	0.08943089430894309	0.4709013484740951
6	1.5065394132202192	0.40134847409510294	0.05019441498762814	0.40134847409510294
6	0.6836337928596677	0.5833924769339958	0.19158713326263696	0.5833924769339958
13	1.5238600212089077	0.38857345635202273	0.06115235065394132	0.38857345635202273
13	0.6369741958289148	0.5234208658623137	0.13149522799575822	0.5234208658623137
11	0.8221986567691764	0.28566359119943224	0.1470484270060092	0.28566359119943224
11	1.5196182396606575	0.3811213626685593	0.0639802050194415	0.3811213626685593
11	0.824673029338989	0.4709013484740951	0.08943089430894309	0.4709013484740951
11	0.4110993283845882	0.14283179559971612	0.1470484270060092	0.09545777146912704
11	0.7598091198303287	0.19056068133427964	0.0639802050194415	0.06813342796309439
11	0.4123365146694945	0.23545067423704755	0.08943089430894309	0.15010645848119233
6	0.7532697066101096	0.20067423704755147	0.05019441498762814	0.06352022711142655
6	0.34181689642983387	0.2916962384669979	0.19158713326263696	0.24556422995031937
13	0.7619300106044539	0.19428672817601136	0.06115235065394132	0.05997161107168204
13	0.3184870979144574	0.26171043293115687	0.13149522799575822	0.20546486870120653
6	0.7532697066101096	0.20067423704755147	0.05019441498762814	0.06352022711142655
13	0.7619300106044539	0.19428672817601136	0.06115235065394132	0.05997161107168204
0	0.5666313184870979	0.3152945351312988	0.11382113821138211	0.16572036905606813
7	0.7598091198303287	0.19056068133427964	0.0639802050194415	0.06813342796309439
11	0.4110993283845882	0.14283179559971612	0.1470484270060092	0.09545777146912704
