13	1.4255905511811024	0.4205729166666667	0.06023622047244095	0.4205729166666667
13	0.5118110236220472	0.3844401041666667	0.09527559055118111	0.3844401041666667
13	1.4822834645669292	0.544921875	0.07047244094488189	0.544921875
11	1.5066929133858267	0.3167317708333333	0.10511811023622047	0.3167317708333333
11	0.6196850393700788	0.2571614583333333	0.12598425196850394	0.2571614583333333
13	1.4255905511811024	0.4205729166666667	0.06023622047244095	0.4205729166666667
13	0.5118110236220472	0.3844401041666667	0.09527559055118111	0.3844401041666667
13	1.4822834645669292	0.544921875	0.07047244094488189	0.544921875
11	1.5066929133858267	0.3167317708333333	0.10511811023622047	0.3167317708333333
11	0.6196850393700788	0.2571614583333333	0.12598425196850394	0.2571614583333333
13	0.7127952755905512	0.21028645833333334	0.06023622047244095	0.06575520833333333
13	0.2559055118110236	0.19222005208333334	0.09527559055118111	0.09798177083333333
13	0.7411417322834646	0.2724609375	0.07047244094488189	0.052083333333333336
11	0.7533464566929133	0.15836588541666666	0.10511811023622047	0.08170572916666667
11	0.3098425196850394	0.12858072916666666	0.12598425196850394	0.024739583333333332
13	0.7127952755905512	0.21028645833333334	0.06023622047244095	0.06575520833333333
11	0.7533464566929133	0.15836588541666666	0.10511811023622047	0.08170572916666667
