8	0.46311787072243343	0.8071702053602506	0.12167300380228137	0.8071702053602506
8	0.46806083650190117	0.8360598677340759	0.02623574144486692	0.8360598677340759
8	0.8167300380228137	0.9136790810998956	0.04638783269961977	0.9136790810998956
8	0.3730038022813688	0.8625130525583015	0.011026615969581748	0.8625130525583015
8	1.6448669201520913	0.6491472328576401	0.03878326996197719	0.6491472328576401
8	0.4494296577946768	0.7775844065436825	0.022813688212927757	0.7775844065436825
8	0.4505703422053232	0.608771319178559	0.09011406844106463	0.608771319178559
8	0.3577946768060836	0.8169161155586495	0.005703422053231939	0.8169161155586495
8	0.5703422053231939	0.7814131569787678	0.02585551330798479	0.7814131569787678
13	0.4505703422053232	0.608771319178559	0.09011406844106463	0.608771319178559
13	0.46311787072243343	0.8071702053602506	0.12167300380228137	0.8071702053602506
13	1.5201520912547528	0.4768534632788026	0.2600760456273764	0.4768534632788026
13	0.644106463878327	0.44239470936303515	0.2920152091254753	0.44239470936303515
13	1.6650190114068442	0.6505395057431257	0.08479087452471483	0.6505395057431257
11	1.455893536121673	0.24608423250957187	0.11749049429657794	0.24608423250957187
11	1.3752851711026617	0.2109293421510616	0.2429657794676806	0.2109293421510616
8	0.46311787072243343	0.8071702053602506	0.12167300380228137	0.8071702053602506
8	0.46806083650190117	0.8360598677340759	0.02623574144486692	0.8360598677340759
8	0.8167300380228137	0.9136790810998956	0.04638783269961977	0.9136790810998956
8	0.3730038022813688	0.8625130525583015	0.011026615969581748	0.8625130525583015
8	1.6448669201520913	0.6491472328576401	0.03878326996197719	0.6491472328576401
8	0.4494296577946768	0.7775844065436825	0.022813688212927757	0.7775844065436825
8	0.4505703422053232	0.608771319178559	0.09011406844106463	0.608771319178559
8	0.3577946768060836	0.8169161155586495	0.005703422053231939	0.8169161155586495
8	0.5703422053231939	0.7814131569787678	0.02585551330798479	0.7814131569787678
13	0.4505703422053232	0.608771319178559	0.09011406844106463	0.608771319178559
13	0.46311787072243343	0.8071702053602506	0.12167300380228137	0.8071702053602506
13	1.5201520912547528	0.4768534632788026	0.2600760456273764	0.4768534632788026
13	0.644106463878327	0.44239470936303515	0.2920152091254753	0.44239470936303515
13	1.6650190114068442	0.6505395057431257	0.08479087452471483	0.6505395057431257
11	1.455893536121673	0.24608423250957187	0.11749049429657794	0.24608423250957187
11	1.3752851711026617	0.2109293421510616	0.2429657794676806	0.2109293421510616
8	0.23155893536121672	0.4035851026801253	0.12167300380228137	0.06787330316742081
8	0.23403041825095058	0.41802993386703796	0.02623574144486692	0.021580229725026105
8	0.40836501901140687	0.4568395405499478	0.04638783269961977	0.06369648451096414
8	0.1865019011406844	0.43125652627915073	0.011026615969581748	0.009745910198398886
8	0.8224334600760457	0.32457361642882004	0.03878326996197719	0.02888966237382527
8	0.2247148288973384	0.3887922032718413	0.022813688212927757	0.02018795683954055
8	0.2252851711026616	0.3043856595892795	0.09011406844106463	0.0901496693351897
8	0.1788973384030418	0.40845805777932476	0.005703422053231939	0.01148625130525583
8	0.28517110266159695	0.3907065784893839	0.02585551330798479	0.02262443438914027
13	0.2252851711026616	0.3043856595892795	0.09011406844106463	0.0901496693351897
13	0.23155893536121672	0.4035851026801253	0.12167300380228137	0.06787330316742081
13	0.7600760456273764	0.2384267316394013	0.2600760456273764	0.22554820744865994
13	0.3220532319391635	0.22119735468151758	0.2920152091254753	0.31152105812739295
13	0.8325095057034221	0.32526975287156284	0.08479087452471483	0.06439262095370693
11	0.7279467680608365	0.12304211625478594	0.11749049429657794	0.05255830142707971
11	0.6876425855513308	0.1054646710755308	0.2429657794676806	0.08492864601461887
8	0.23155893536121672	0.4035851026801253	0.12167300380228137	0.06787330316742081
13	0.2252851711026616	0.3043856595892795	0.09011406844106463	0.0901496693351897
7	0.3220532319391635	0.22119735468151758	0.2920152091254753	0.31152105812739295
0	0.5781368821292776	0.28106508875739644	0.14486692015209127	0.1458405847546119
1	0.3249049429657795	0.16515837104072398	0.22547528517110266	0.13609467455621302
11	0.7279467680608365	0.12304211625478594	0.11749049429657794	0.05255830142707971
