12	0.4283854166666667	0.8197916666666667	0.3806423611111111	0.8197916666666667
10	0.1779513888888889	1.5385416666666667	0.14930555555555555	1.5385416666666667
10	0.07942708333333333	1.4864583333333334	0.06032986111111111	1.4864583333333334
11	0.5082465277777778	0.36770833333333336	0.1401909722222222	0.36770833333333336
11	0.07942708333333333	1.4864583333333334	0.06032986111111111	1.4864583333333334
11	0.2287326388888889	1.3809027777777778	0.06640625	1.3809027777777778
12	0.4283854166666667	0.8197916666666667	0.3806423611111111	0.8197916666666667
10	0.1779513888888889	1.5385416666666667	0.14930555555555555	1.5385416666666667
10	0.07942708333333333	1.4864583333333334	0.06032986111111111	1.4864583333333334
11	0.5082465277777778	0.36770833333333336	0.1401909722222222	0.36770833333333336
11	0.07942708333333333	1.4864583333333334	0.06032986111111111	1.4864583333333334
11	0.2287326388888889	1.3809027777777778	0.06640625	1.3809027777777778
12	0.21419270833333334	0.40989583333333335	0.3806423611111111	0.490625
10	0.08897569444444445	0.7692708333333333	0.14930555555555555	0.07256944444444445
10	0.039713541666666664	0.7432291666666667	0.06032986111111111	0.06076388888888889
11	0.2541232638888889	0.18385416666666668	0.1401909722222222	0.03854166666666667
11	0.039713541666666664	0.7432291666666667	0.06032986111111111	0.06076388888888889
11	0.11436631944444445	0.6904513888888889	0.06640625	0.030208333333333334
10	0.08897569444444445	0.7692708333333333	0.14930555555555555	0.07256944444444445
11	0.2541232638888889	0.18385416666666668	0.1401909722222222	0.03854166666666667
9	0.12630208333333334	0.6920138888888889	0.1076388888888889	0.04236111111111111
12	0.21419270833333334	0.40989583333333335	0.3806423611111111	0.490625
0	0.5023871527777778	0.3480902777777778	0.11848958333333333	0.09409722222222222
