10	0.4058159722222222	1.2048611111111112	0.10980902777777778	1.2048611111111112
11	0.62890625	0.2503472222222222	0.07855902777777778	0.2503472222222222
11	0.3836805555555556	1.0711805555555556	0.0642361111111111	1.0711805555555556
7	0.5794270833333334	1.0319444444444446	0.1775173611111111	1.0319444444444446
13	0.6657986111111112	0.378125	0.1440972222222222	0.378125
13	0.6918402777777778	0.2902777777777778	0.08246527777777778	0.2902777777777778
2	0.3836805555555556	1.0711805555555556	0.0642361111111111	1.0711805555555556
10	0.4058159722222222	1.2048611111111112	0.10980902777777778	1.2048611111111112
11	0.62890625	0.2503472222222222	0.07855902777777778	0.2503472222222222
11	0.3836805555555556	1.0711805555555556	0.0642361111111111	1.0711805555555556
7	0.5794270833333334	1.0319444444444446	0.1775173611111111	1.0319444444444446
13	0.6657986111111112	0.378125	0.1440972222222222	0.378125
13	0.6918402777777778	0.2902777777777778	0.08246527777777778	0.2902777777777778
2	0.3836805555555556	1.0711805555555556	0.0642361111111111	1.0711805555555556
13	0.3328993055555556	0.1890625	0.1440972222222222	0.12534722222222222
13	0.3459201388888889	0.1451388888888889	0.08246527777777778	0.029166666666666667
2	0.1918402777777778	0.5355902777777778	0.0642361111111111	0.19131944444444443
10	0.2029079861111111	0.6024305555555556	0.10980902777777778	0.08888888888888889
11	0.314453125	0.1251736111111111	0.07855902777777778	0.03784722222222222
11	0.1918402777777778	0.5355902777777778	0.0642361111111111	0.19131944444444443
7	0.2897135416666667	0.5159722222222223	0.1775173611111111	0.1597222222222222
10	0.2029079861111111	0.6024305555555556	0.10980902777777778	0.08888888888888889
11	0.314453125	0.1251736111111111	0.07855902777777778	0.03784722222222222
7	0.2897135416666667	0.5159722222222223	0.1775173611111111	0.1597222222222222
13	0.3328993055555556	0.1890625	0.1440972222222222	0.12534722222222222
2	0.1918402777777778	0.5355902777777778	0.0642361111111111	0.19131944444444443
4	0.2738715277777778	0.49600694444444443	0.1423611111111111	0.10451388888888889
0	0.5427517361111112	0.30104166666666665	0.10980902777777778	0.12083333333333333
