1	0.421875	1.4597222222222221	0.16319444444444445	1.4597222222222221
1	1.4552951388888888	1.4472222222222222	0.13151041666666666	1.4472222222222222
1	1.3424479166666667	0.9475694444444445	0.12803819444444445	0.9475694444444445
1	0.5833333333333334	0.9086805555555556	0.12152777777777778	0.9086805555555556
6	1.3146701388888888	1.4503472222222222	0.19921875	1.4503472222222222
6	0.5221354166666666	1.3868055555555556	0.19053819444444445	1.3868055555555556
13	0.5863715277777778	0.8621527777777778	0.07508680555555555	0.8621527777777778
13	1.3376736111111112	1.0024305555555555	0.1831597222222222	1.0024305555555555
13	0.6171875	0.96875	0.1675347222222222	0.96875
13	1.3984375	0.9652777777777778	0.078125	0.9652777777777778
1	0.421875	1.4597222222222221	0.16319444444444445	1.4597222222222221
1	1.4552951388888888	1.4472222222222222	0.13151041666666666	1.4472222222222222
1	1.3424479166666667	0.9475694444444445	0.12803819444444445	0.9475694444444445
1	0.5833333333333334	0.9086805555555556	0.12152777777777778	0.9086805555555556
6	1.3146701388888888	1.4503472222222222	0.19921875	1.4503472222222222
6	0.5221354166666666	1.3868055555555556	0.19053819444444445	1.3868055555555556
13	0.5863715277777778	0.8621527777777778	0.07508680555555555	0.8621527777777778
13	1.3376736111111112	1.0024305555555555	0.1831597222222222	1.0024305555555555
13	0.6171875	0.96875	0.1675347222222222	0.96875
13	1.3984375	0.9652777777777778	0.078125	0.9652777777777778
1	0.2109375	0.7298611111111111	0.16319444444444445	0.08888888888888889
1	0.7276475694444444	0.7236111111111111	0.13151041666666666	0.13333333333333333
1	0.6712239583333334	0.47378472222222223	0.12803819444444445	0.13159722222222223
1	0.2916666666666667	0.4543402777777778	0.12152777777777778	0.11909722222222222
6	0.6573350694444444	0.7251736111111111	0.19921875	0.13368055555555555
6	0.2610677083333333	0.6934027777777778	0.19053819444444445	0.15486111111111112
13	0.2931857638888889	0.4310763888888889	0.07508680555555555	0.05520833333333333
13	0.6688368055555556	0.5012152777777777	0.1831597222222222	0.140625
13	0.30859375	0.484375	0.1675347222222222	0.22291666666666668
13	0.69921875	0.4826388888888889	0.078125	0.04513888888888889
13	0.2931857638888889	0.4310763888888889	0.07508680555555555	0.05520833333333333
1	0.2109375	0.7298611111111111	0.16319444444444445	0.08888888888888889
2	0.2931857638888889	0.4310763888888889	0.07508680555555555	0.05520833333333333
6	0.6573350694444444	0.7251736111111111	0.19921875	0.13368055555555555
0	0.525390625	0.4965277777777778	0.09418402777777778	0.18888888888888888
