13	0.62255859375	0.6908	0.25048828125	0.6908
6	0.58837890625	0.7536	0.29443359375	0.7536
6	0.642578125	0.6032	0.1845703125	0.6032
6	0.47314453125	0.9912	0.17431640625	0.9912
6	1.3740234375	0.576	0.259765625	0.576
13	0.62255859375	0.6908	0.25048828125	0.6908
6	0.58837890625	0.7536	0.29443359375	0.7536
6	0.642578125	0.6032	0.1845703125	0.6032
6	0.47314453125	0.9912	0.17431640625	0.9912
6	1.3740234375	0.576	0.259765625	0.576
13	0.311279296875	0.3454	0.25048828125	0.2668
6	0.294189453125	0.3768	0.29443359375	0.3944
6	0.3212890625	0.3016	0.1845703125	0.1792
6	0.236572265625	0.4956	0.17431640625	0.1512
6	0.68701171875	0.288	0.259765625	0.1632
13	0.311279296875	0.3454	0.25048828125	0.2668
6	0.294189453125	0.3768	0.29443359375	0.3944
8	0.66357421875	0.2848	0.208984375	0.1384
