0	1.03515625	0.5846354166666666	0.08072916666666667	0.5846354166666666
3	1.0061848958333333	1.1337890625	0.4007161458333333	1.1337890625
13	0.6142578125	0.4365234375	0.08821614583333333	0.4365234375
13	1.1650390625	0.3610026041666667	0.08170572916666667	0.3610026041666667
13	1.265625	0.5856119791666666	0.09895833333333333	0.5856119791666666
6	0.5836588541666666	0.4720052083333333	0.10188802083333333	0.4720052083333333
6	1.2962239583333333	0.5400390625	0.0546875	0.5400390625
6	1.265625	0.5856119791666666	0.09895833333333333	0.5856119791666666
0	1.03515625	0.5846354166666666	0.08072916666666667	0.5846354166666666
3	1.0061848958333333	1.1337890625	0.4007161458333333	1.1337890625
13	0.6142578125	0.4365234375	0.08821614583333333	0.4365234375
13	1.1650390625	0.3610026041666667	0.08170572916666667	0.3610026041666667
13	1.265625	0.5856119791666666	0.09895833333333333	0.5856119791666666
6	0.5836588541666666	0.4720052083333333	0.10188802083333333	0.4720052083333333
6	1.2962239583333333	0.5400390625	0.0546875	0.5400390625
6	1.265625	0.5856119791666666	0.09895833333333333	0.5856119791666666
3	0.5030924479166666	0.56689453125	0.4007161458333333	0.1142578125
13	0.30712890625	0.21826171875	0.08821614583333333	0.15787760416666666
13	0.58251953125	0.18050130208333334	0.08170572916666667	0.10514322916666667
13	0.6328125	0.2928059895833333	0.09895833333333333	0.12337239583333333
6	0.2918294270833333	0.23600260416666666	0.10188802083333333	0.177734375
6	0.6481119791666666	0.27001953125	0.0546875	0.06608072916666667
6	0.6328125	0.2928059895833333	0.09895833333333333	0.12337239583333333
0	0.517578125	0.2923177083333333	0.08072916666666667	0.09505208333333333
0	0.517578125	0.2923177083333333	0.08072916666666667	0.09505208333333333
3	0.5030924479166666	0.56689453125	0.4007161458333333	0.1142578125
13	0.30712890625	0.21826171875	0.08821614583333333	0.15787760416666666
6	0.2918294270833333	0.23600260416666666	0.10188802083333333	0.177734375
