13	1.4201388888888888	0.396875	0.2065972222222222	0.396875
13	1.4548611111111112	0.44930555555555557	0.08333333333333333	0.44930555555555557
13	0.5798611111111112	0.30520833333333336	0.14583333333333334	0.30520833333333336
13	0.5377604166666666	0.2982638888888889	0.05946180555555555	0.2982638888888889
13	1.4201388888888888	0.396875	0.2065972222222222	0.396875
13	1.4548611111111112	0.44930555555555557	0.08333333333333333	0.44930555555555557
13	0.5798611111111112	0.30520833333333336	0.14583333333333334	0.30520833333333336
13	0.5377604166666666	0.2982638888888889	0.05946180555555555	0.2982638888888889
13	0.7100694444444444	0.1984375	0.2065972222222222	0.18854166666666666
13	0.7274305555555556	0.22465277777777778	0.08333333333333333	0.0798611111111111
13	0.2899305555555556	0.15260416666666668	0.14583333333333334	0.10659722222222222
13	0.2688802083333333	0.14913194444444444	0.05946180555555555	0.07326388888888889
13	0.7100694444444444	0.1984375	0.2065972222222222	0.18854166666666666
11	0.5818142361111112	0.11354166666666667	0.10199652777777778	0.05
