3	1.139763779527559	1.0452473958333333	0.4216535433070866	1.0452473958333333
13	1.5724409448818897	0.8743489583333334	0.01653543307086614	0.8743489583333334
13	0.6543307086614173	0.9163411458333334	0.08425196850393701	0.9163411458333334
9	1.5724409448818897	0.8743489583333334	0.01653543307086614	0.8743489583333334
0	1.1181102362204725	0.5374348958333334	0.12283464566929134	0.5374348958333334
3	1.139763779527559	1.0452473958333333	0.4216535433070866	1.0452473958333333
13	1.5724409448818897	0.8743489583333334	0.01653543307086614	0.8743489583333334
13	0.6543307086614173	0.9163411458333334	0.08425196850393701	0.9163411458333334
9	1.5724409448818897	0.8743489583333334	0.01653543307086614	0.8743489583333334
0	1.1181102362204725	0.5374348958333334	0.12283464566929134	0.5374348958333334
0	0.5590551181102362	0.2687174479166667	0.12283464566929134	0.11165364583333333
3	0.5698818897637795	0.5226236979166666	0.4216535433070866	0.09733072916666667
13	0.7862204724409448	0.4371744791666667	0.01653543307086614	0.04296875
13	0.32716535433070865	0.4581705729166667	0.08425196850393701	0.015950520833333332
9	0.7862204724409448	0.4371744791666667	0.01653543307086614	0.04296875
3	0.5698818897637795	0.5226236979166666	0.4216535433070866	0.09733072916666667
13	0.7862204724409448	0.4371744791666667	0.01653543307086614	0.04296875
9	0.7862204724409448	0.4371744791666667	0.01653543307086614	0.04296875
0	0.5590551181102362	0.2687174479166667	0.12283464566929134	0.11165364583333333
2	0.7889763779527559	0.4391276041666667	0.01811023622047244	0.038411458333333336
