0	1.131276150627615	0.6558159722222222	0.10094142259414227	0.6558159722222222
13	1.6448744769874477	1.2313368055555556	0.11663179916317992	1.2313368055555556
13	1.4534518828451883	1.0538194444444444	0.04864016736401674	1.0538194444444444
2	0.8378661087866108	1.0516493055555556	0.029288702928870293	1.0516493055555556
2	0.7860878661087866	1.3328993055555556	0.05596234309623431	1.3328993055555556
2	0.8326359832635983	1.1744791666666667	0.03138075313807531	1.1744791666666667
0	1.131276150627615	0.6558159722222222	0.10094142259414227	0.6558159722222222
13	1.6448744769874477	1.2313368055555556	0.11663179916317992	1.2313368055555556
13	1.4534518828451883	1.0538194444444444	0.04864016736401674	1.0538194444444444
2	0.8378661087866108	1.0516493055555556	0.029288702928870293	1.0516493055555556
2	0.7860878661087866	1.3328993055555556	0.05596234309623431	1.3328993055555556
2	0.8326359832635983	1.1744791666666667	0.03138075313807531	1.1744791666666667
0	0.5656380753138075	0.3279079861111111	0.10094142259414227	0.1228298611111111
13	0.8224372384937239	0.6156684027777778	0.11663179916317992	0.03428819444444445
13	0.7267259414225942	0.5269097222222222	0.04864016736401674	0.03993055555555555
2	0.4189330543933054	0.5258246527777778	0.029288702928870293	0.030815972222222224
2	0.3930439330543933	0.6664496527777778	0.05596234309623431	0.07335069444444445
2	0.41631799163179917	0.5872395833333334	0.03138075313807531	0.022569444444444444
0	0.5656380753138075	0.3279079861111111	0.10094142259414227	0.1228298611111111
13	0.8224372384937239	0.6156684027777778	0.11663179916317992	0.03428819444444445
2	0.4189330543933054	0.5258246527777778	0.029288702928870293	0.030815972222222224
9	0.25392259414225943	0.6985677083333334	0.3070083682008368	0.1228298611111111
