0	1.020704845814978	0.7460380348652932	0.2674008810572687	0.7460380348652932
9	1.2533039647577093	0.5400158478605388	0.5625550660792952	0.5400158478605388
9	1.6744493392070485	0.5744849445324881	0.13964757709251102	0.5744849445324881
0	1.020704845814978	0.7460380348652932	0.2674008810572687	0.7460380348652932
9	1.2533039647577093	0.5400158478605388	0.5625550660792952	0.5400158478605388
9	1.6744493392070485	0.5744849445324881	0.13964757709251102	0.5744849445324881
0	0.510352422907489	0.3730190174326466	0.2674008810572687	0.23811410459587956
9	0.6266519823788547	0.2700079239302694	0.5625550660792952	0.18740095087163233
9	0.8372246696035243	0.28724247226624405	0.13964757709251102	0.12995245641838352
9	0.6266519823788547	0.2700079239302694	0.5625550660792952	0.18740095087163233
0	0.510352422907489	0.3730190174326466	0.2674008810572687	0.23811410459587956
