8	0.6708661417322834	0.494140625	0.03622047244094488	0.494140625
11	0.7519685039370079	0.2786458333333333	0.11968503937007874	0.2786458333333333
11	1.2618110236220472	0.30078125	0.11062992125984251	0.30078125
8	0.6708661417322834	0.494140625	0.03622047244094488	0.494140625
11	0.7519685039370079	0.2786458333333333	0.11968503937007874	0.2786458333333333
11	1.2618110236220472	0.30078125	0.11062992125984251	0.30078125
8	0.3354330708661417	0.2470703125	0.03622047244094488	0.037109375
11	0.37598425196850394	0.13932291666666666	0.11968503937007874	0.024088541666666668
11	0.6309055118110236	0.150390625	0.11062992125984251	0.051432291666666664
8	0.3354330708661417	0.2470703125	0.03622047244094488	0.037109375
13	0.3009842519685039	0.3243815104166667	0.046062992125984255	0.09993489583333333
11	0.37598425196850394	0.13932291666666666	0.11968503937007874	0.024088541666666668
