0	1.0772569444444444	0.5875	0.10590277777777778	0.5875
3	1.1267361111111112	1.067013888888889	0.40625	1.067013888888889
11	0.5755208333333334	0.2677083333333333	0.09635416666666667	0.2677083333333333
11	1.2999131944444444	0.2847222222222222	0.1584201388888889	0.2847222222222222
0	1.0772569444444444	0.5875	0.10590277777777778	0.5875
3	1.1267361111111112	1.067013888888889	0.40625	1.067013888888889
11	0.5755208333333334	0.2677083333333333	0.09635416666666667	0.2677083333333333
11	1.2999131944444444	0.2847222222222222	0.1584201388888889	0.2847222222222222
0	0.5386284722222222	0.29375	0.10590277777777778	0.12152777777777778
3	0.5633680555555556	0.5335069444444445	0.40625	0.1371527777777778
11	0.2877604166666667	0.13385416666666666	0.09635416666666667	0.05243055555555556
11	0.6499565972222222	0.1423611111111111	0.1584201388888889	0.07708333333333334
0	0.5386284722222222	0.29375	0.10590277777777778	0.12152777777777778
3	0.5633680555555556	0.5335069444444445	0.40625	0.1371527777777778
11	0.2877604166666667	0.13385416666666666	0.09635416666666667	0.05243055555555556
