13	0.6506076388888888	0.31875	0.048177083333333336	0.31875
13	0.7139756944444444	0.22256944444444443	0.045572916666666664	0.22256944444444443
11	0.62890625	0.21770833333333334	0.09331597222222222	0.21770833333333334
13	0.6506076388888888	0.31875	0.048177083333333336	0.31875
13	0.7139756944444444	0.22256944444444443	0.045572916666666664	0.22256944444444443
11	0.62890625	0.21770833333333334	0.09331597222222222	0.21770833333333334
13	0.3253038194444444	0.159375	0.048177083333333336	0.041666666666666664
13	0.3569878472222222	0.11128472222222222	0.045572916666666664	0.030208333333333334
11	0.314453125	0.10885416666666667	0.09331597222222222	0.03715277777777778
13	0.3253038194444444	0.159375	0.048177083333333336	0.041666666666666664
11	0.314453125	0.10885416666666667	0.09331597222222222	0.03715277777777778
6	0.3213975694444444	0.16701388888888888	0.06380208333333333	0.05555555555555555
0	0.5661892361111112	0.24357638888888888	0.08203125	0.065625
