11	1.5850694444444444	1.5034722222222223	0.1284722222222222	1.5034722222222223
11	0.058159722222222224	1.5381944444444444	0.058159722222222224	1.5381944444444444
11	0.08940972222222222	1.475	0.08940972222222222	1.475
11	1.6857638888888888	1.4548611111111112	0.06944444444444445	1.4548611111111112
10	0.08940972222222222	1.475	0.08940972222222222	1.475
10	1.5954861111111112	1.4743055555555555	0.11284722222222222	1.4743055555555555
10	1.6857638888888888	1.4548611111111112	0.06944444444444445	1.4548611111111112
11	1.5850694444444444	1.5034722222222223	0.1284722222222222	1.5034722222222223
11	0.058159722222222224	1.5381944444444444	0.058159722222222224	1.5381944444444444
11	0.08940972222222222	1.475	0.08940972222222222	1.475
11	1.6857638888888888	1.4548611111111112	0.06944444444444445	1.4548611111111112
10	0.08940972222222222	1.475	0.08940972222222222	1.475
10	1.5954861111111112	1.4743055555555555	0.11284722222222222	1.4743055555555555
10	1.6857638888888888	1.4548611111111112	0.06944444444444445	1.4548611111111112
11	0.7925347222222222	0.7517361111111112	0.1284722222222222	0.07708333333333334
11	0.029079861111111112	0.7690972222222222	0.058159722222222224	0.07847222222222222
11	0.04470486111111111	0.7375	0.08940972222222222	0.06111111111111111
11	0.8428819444444444	0.7274305555555556	0.06944444444444445	0.05138888888888889
10	0.04470486111111111	0.7375	0.08940972222222222	0.06111111111111111
10	0.7977430555555556	0.7371527777777778	0.11284722222222222	0.08125
10	0.8428819444444444	0.7274305555555556	0.06944444444444445	0.05138888888888889
11	0.7925347222222222	0.7517361111111112	0.1284722222222222	0.07708333333333334
10	0.04470486111111111	0.7375	0.08940972222222222	0.06111111111111111
