11	0.2873263888888889	1.2920138888888888	0.2152777777777778	1.2920138888888888
11	0.1401909722222222	1.2138888888888888	0.05946180555555555	1.2138888888888888
0	1.0750868055555556	0.6767361111111111	0.06987847222222222	0.6767361111111111
10	0.2873263888888889	1.2920138888888888	0.2152777777777778	1.2920138888888888
10	0.1401909722222222	1.2138888888888888	0.05946180555555555	1.2138888888888888
11	0.2873263888888889	1.2920138888888888	0.2152777777777778	1.2920138888888888
11	0.1401909722222222	1.2138888888888888	0.05946180555555555	1.2138888888888888
0	1.0750868055555556	0.6767361111111111	0.06987847222222222	0.6767361111111111
10	0.2873263888888889	1.2920138888888888	0.2152777777777778	1.2920138888888888
10	0.1401909722222222	1.2138888888888888	0.05946180555555555	1.2138888888888888
11	0.14366319444444445	0.6460069444444444	0.2152777777777778	0.13784722222222223
11	0.0700954861111111	0.6069444444444444	0.05946180555555555	0.09027777777777778
0	0.5375434027777778	0.33836805555555555	0.06987847222222222	0.07881944444444444
10	0.14366319444444445	0.6460069444444444	0.2152777777777778	0.13784722222222223
10	0.0700954861111111	0.6069444444444444	0.05946180555555555	0.09027777777777778
10	0.14366319444444445	0.6460069444444444	0.2152777777777778	0.13784722222222223
11	0.14366319444444445	0.6460069444444444	0.2152777777777778	0.13784722222222223
0	0.5375434027777778	0.33836805555555555	0.06987847222222222	0.07881944444444444
6	0.2265625	0.5911458333333334	0.1675347222222222	0.06631944444444444
9	0.07769097222222222	0.31961805555555556	0.14322916666666666	0.2989583333333333
7	0.2265625	0.5911458333333334	0.1675347222222222	0.06631944444444444
