3	1.15490408975751	1.2658513035082073	0.42888165038002174	1.2658513035082073
12	0.5403546869344915	1.3009333762471837	0.23633731451321027	1.3009333762471837
7	0.5870430691277597	1.1171548117154813	0.1816865725660514	1.1171548117154813
7	0.5128483532392327	0.9456066945606695	0.12631197973217517	0.9456066945606695
13	0.5870430691277597	1.1171548117154813	0.1816865725660514	1.1171548117154813
13	0.7274701411509229	0.994528484068233	0.15707564241766195	0.994528484068233
0	1.221498371335505	0.544576762149984	0.0988056460369164	0.544576762149984
3	1.15490408975751	1.2658513035082073	0.42888165038002174	1.2658513035082073
12	0.5403546869344915	1.3009333762471837	0.23633731451321027	1.3009333762471837
7	0.5870430691277597	1.1171548117154813	0.1816865725660514	1.1171548117154813
7	0.5128483532392327	0.9456066945606695	0.12631197973217517	0.9456066945606695
13	0.5870430691277597	1.1171548117154813	0.1816865725660514	1.1171548117154813
13	0.7274701411509229	0.994528484068233	0.15707564241766195	0.994528484068233
0	1.221498371335505	0.544576762149984	0.0988056460369164	0.544576762149984
3	0.577452044878755	0.6329256517541036	0.42888165038002174	0.23656260057933698
12	0.27017734346724576	0.6504666881235919	0.23633731451321027	0.1326037978757644
7	0.29352153456387986	0.5585774058577406	0.1816865725660514	0.1136144190537496
7	0.25642417661961636	0.47280334728033474	0.12631197973217517	0.22401029932410685
13	0.29352153456387986	0.5585774058577406	0.1816865725660514	0.1136144190537496
13	0.36373507057546145	0.4972642420341165	0.15707564241766195	0.11908593498551658
0	0.6107491856677525	0.272288381074992	0.0988056460369164	0.07788863855809462
12	0.27017734346724576	0.6504666881235919	0.23633731451321027	0.1326037978757644
2	0.6496561708288092	0.286128097843579	0.015924719507781397	0.027035725780495654
7	0.29352153456387986	0.5585774058577406	0.1816865725660514	0.1136144190537496
13	0.29352153456387986	0.5585774058577406	0.1816865725660514	0.1136144190537496
0	0.6107491856677525	0.272288381074992	0.0988056460369164	0.07788863855809462
3	0.577452044878755	0.6329256517541036	0.42888165038002174	0.23656260057933698
9	0.4317770539268911	0.4819761828130029	0.044878754976474845	0.10588992597360798
11	0.3941368078175896	0.10685548760862569	0.11436844010133912	0.06501448342452526
