11	0.71875	0.25798611111111114	0.12065972222222222	0.25798611111111114
11	1.2890625	0.2826388888888889	0.1189236111111111	0.2826388888888889
0	1.1497395833333333	0.5927083333333333	0.1349826388888889	0.5927083333333333
8	0.4149305555555556	0.9006944444444445	0.020833333333333332	0.9006944444444445
11	0.71875	0.25798611111111114	0.12065972222222222	0.25798611111111114
11	1.2890625	0.2826388888888889	0.1189236111111111	0.2826388888888889
0	1.1497395833333333	0.5927083333333333	0.1349826388888889	0.5927083333333333
8	0.4149305555555556	0.9006944444444445	0.020833333333333332	0.9006944444444445
11	0.359375	0.12899305555555557	0.12065972222222222	0.03298611111111111
11	0.64453125	0.14131944444444444	0.1189236111111111	0.025694444444444443
0	0.5748697916666666	0.29635416666666664	0.1349826388888889	0.09965277777777778
8	0.2074652777777778	0.45034722222222223	0.020833333333333332	0.011805555555555555
11	0.359375	0.12899305555555557	0.12065972222222222	0.03298611111111111
2	0.208984375	0.45034722222222223	0.025607638888888888	0.016666666666666666
0	0.5748697916666666	0.29635416666666664	0.1349826388888889	0.09965277777777778
9	0.2094184027777778	0.4513888888888889	0.021267361111111112	0.011111111111111112
8	0.2074652777777778	0.45034722222222223	0.020833333333333332	0.011805555555555555
