5	0.6474609375	1.015625	0.21256510416666666	1.015625
5	1.564453125	1.1689453125	0.09895833333333333	1.1689453125
5	1.5543619791666667	1.0475260416666667	0.19954427083333334	1.0475260416666667
11	0.7822265625	0.10904947916666667	0.11490885416666667	0.10904947916666667
11	1.400390625	0.1240234375	0.09635416666666667	0.1240234375
9	0.3896484375	1.2252604166666667	0.017252604166666668	1.2252604166666667
9	0.4215494791666667	1.3274739583333333	0.0146484375	1.3274739583333333
2	0.4225260416666667	1.3277994791666667	0.014322916666666666	1.3277994791666667
2	0.3896484375	1.2262369791666667	0.0146484375	1.2262369791666667
5	0.6474609375	1.015625	0.21256510416666666	1.015625
5	1.564453125	1.1689453125	0.09895833333333333	1.1689453125
5	1.5543619791666667	1.0475260416666667	0.19954427083333334	1.0475260416666667
11	0.7822265625	0.10904947916666667	0.11490885416666667	0.10904947916666667
11	1.400390625	0.1240234375	0.09635416666666667	0.1240234375
9	0.3896484375	1.2252604166666667	0.017252604166666668	1.2252604166666667
9	0.4215494791666667	1.3274739583333333	0.0146484375	1.3274739583333333
2	0.4225260416666667	1.3277994791666667	0.014322916666666666	1.3277994791666667
2	0.3896484375	1.2262369791666667	0.0146484375	1.2262369791666667
11	0.39111328125	0.054524739583333336	0.11490885416666667	0.0419921875
11	0.7001953125	0.06201171875	0.09635416666666667	0.033528645833333336
9	0.19482421875	0.6126302083333334	0.017252604166666668	0.020833333333333332
9	0.21077473958333334	0.6637369791666666	0.0146484375	0.015625
2	0.21126302083333334	0.6638997395833334	0.014322916666666666	0.021809895833333332
2	0.19482421875	0.6131184895833334	0.0146484375	0.0244140625
5	0.32373046875	0.5078125	0.21256510416666666	0.3196614583333333
5	0.7822265625	0.58447265625	0.09895833333333333	0.1748046875
5	0.7771809895833334	0.5237630208333334	0.19954427083333334	0.3502604166666667
5	0.32373046875	0.5078125	0.21256510416666666	0.3196614583333333
11	0.39111328125	0.054524739583333336	0.11490885416666667	0.0419921875
13	0.6881510416666666	0.21028645833333334	0.052734375	0.12630208333333334
9	0.19482421875	0.6126302083333334	0.017252604166666668	0.020833333333333332
0	0.583984375	0.23209635416666666	0.080078125	0.076171875
2	0.21126302083333334	0.6638997395833334	0.014322916666666666	0.021809895833333332
