10	0.4175347222222222	1.0597222222222222	0.3072916666666667	1.0597222222222222
10	0.4618055555555556	0.5305555555555556	0.2725694444444444	0.5305555555555556
13	0.4500868055555556	0.9586805555555555	0.17838541666666666	0.9586805555555555
10	0.4175347222222222	1.0597222222222222	0.3072916666666667	1.0597222222222222
10	0.4618055555555556	0.5305555555555556	0.2725694444444444	0.5305555555555556
13	0.4500868055555556	0.9586805555555555	0.17838541666666666	0.9586805555555555
10	0.2087673611111111	0.5298611111111111	0.3072916666666667	0.33611111111111114
10	0.2309027777777778	0.2652777777777778	0.2725694444444444	0.16180555555555556
13	0.2250434027777778	0.47934027777777777	0.17838541666666666	0.06354166666666666
10	0.2087673611111111	0.5298611111111111	0.3072916666666667	0.33611111111111114
13	0.2250434027777778	0.47934027777777777	0.17838541666666666	0.06354166666666666
11	0.2309027777777778	0.2652777777777778	0.2725694444444444	0.16180555555555556
