0	1.1552734375	0.6696	0.1025390625	0.6696
8	1.6650390625	1.1816	0.0244140625	1.1816
3	1.21630859375	1.2748	0.41943359375	1.2748
0	1.1552734375	0.6696	0.1025390625	0.6696
8	1.6650390625	1.1816	0.0244140625	1.1816
3	1.21630859375	1.2748	0.41943359375	1.2748
0	0.57763671875	0.3348	0.1025390625	0.0856
8	0.83251953125	0.5908	0.0244140625	0.02
3	0.608154296875	0.6374	0.41943359375	0.1628
0	0.57763671875	0.3348	0.1025390625	0.0856
8	0.83251953125	0.5908	0.0244140625	0.02
11	0.383544921875	0.1464	0.10791015625	0.0232
3	0.608154296875	0.6374	0.41943359375	0.1628
