10	1.4583660644147682	0.74375	0.47800471327572663	0.74375
10	0.29732914375490965	1.225986842105263	0.12136684996072271	1.225986842105263
10	1.4583660644147682	0.74375	0.47800471327572663	0.74375
10	0.29732914375490965	1.225986842105263	0.12136684996072271	1.225986842105263
10	0.7291830322073841	0.371875	0.47800471327572663	0.5786184210526316
10	0.14866457187745483	0.6129934210526315	0.12136684996072271	0.06875
6	0.6936370777690495	0.37006578947368424	0.22388059701492538	0.19539473684210526
4	0.7097407698350353	0.2891447368421053	0.2537313432835821	0.22960526315789473
9	0.5184603299293009	0.7309210526315789	0.9324430479183032	0.2611842105263158
5	0.40671641791044777	0.4953947368421053	0.10094265514532601	0.09539473684210527
11	0.6133150039277298	0.17845394736842105	0.2187745483110762	0.1069078947368421
10	0.7291830322073841	0.371875	0.47800471327572663	0.5786184210526316
