3	1.1321260898725687	1.1713735558408216	0.41918175720992623	1.1713735558408216
13	1.6519114688128773	1.2747111681643133	0.055667337357478204	1.2747111681643133
0	1.1089872568745809	0.6325417201540436	0.11971830985915492	0.6325417201540436
3	1.1321260898725687	1.1713735558408216	0.41918175720992623	1.1713735558408216
13	1.6519114688128773	1.2747111681643133	0.055667337357478204	1.2747111681643133
0	1.1089872568745809	0.6325417201540436	0.11971830985915492	0.6325417201540436
3	0.5660630449362843	0.5856867779204108	0.41918175720992623	0.13607188703465983
13	0.8259557344064387	0.6373555840821566	0.055667337357478204	0.019255455712451863
0	0.5544936284372904	0.3162708600770218	0.11971830985915492	0.09338896020539153
3	0.5660630449362843	0.5856867779204108	0.41918175720992623	0.13607188703465983
13	0.8259557344064387	0.6373555840821566	0.055667337357478204	0.019255455712451863
0	0.5544936284372904	0.3162708600770218	0.11971830985915492	0.09338896020539153
