3	1.1059701492537313	1.1319253137434955	0.5223880597014925	1.1319253137434955
11	0.2123134328358209	1.382001836547291	0.023507462686567164	1.382001836547291
11	1.1361940298507462	0.31313131313131315	0.11007462686567164	0.31313131313131315
2	0.20298507462686566	1.3360881542699725	0.029104477611940297	1.3360881542699725
9	0.7731343283582089	0.7315580042852771	0.11119402985074626	0.7315580042852771
9	1.1458955223880598	0.6669727578818488	0.11828358208955224	0.6669727578818488
0	1.1313432835820896	0.6828895010713193	0.14701492537313432	0.6828895010713193
13	0.29402985074626864	1.073767982858892	0.10522388059701493	1.073767982858892
13	0.29253731343283584	1.182430364248546	0.11119402985074626	1.182430364248546
3	1.1059701492537313	1.1319253137434955	0.5223880597014925	1.1319253137434955
11	0.2123134328358209	1.382001836547291	0.023507462686567164	1.382001836547291
11	1.1361940298507462	0.31313131313131315	0.11007462686567164	0.31313131313131315
2	0.20298507462686566	1.3360881542699725	0.029104477611940297	1.3360881542699725
9	0.7731343283582089	0.7315580042852771	0.11119402985074626	0.7315580042852771
9	1.1458955223880598	0.6669727578818488	0.11828358208955224	0.6669727578818488
0	1.1313432835820896	0.6828895010713193	0.14701492537313432	0.6828895010713193
13	0.29402985074626864	1.073767982858892	0.10522388059701493	1.073767982858892
13	0.29253731343283584	1.182430364248546	0.11119402985074626	1.182430364248546
3	0.5529850746268656	0.5659626568717477	0.5223880597014925	0.13345576981940618
11	0.10615671641791045	0.6910009182736455	0.023507462686567164	0.08417508417508418
11	0.5680970149253731	0.15656565656565657	0.11007462686567164	0.026017753290480564
2	0.10149253731343283	0.6680440771349863	0.029104477611940297	0.13131313131313133
9	0.38656716417910447	0.36577900214263853	0.11119402985074626	0.24364860728497093
9	0.5729477611940299	0.3334863789409244	0.11828358208955224	0.12764003673094582
0	0.5656716417910448	0.34144475053565965	0.14701492537313432	0.1386593204775023
13	0.14701492537313432	0.536883991429446	0.10522388059701493	0.027548209366391185
13	0.14626865671641792	0.591215182124273	0.11119402985074626	0.12457912457912458
3	0.5529850746268656	0.5659626568717477	0.5223880597014925	0.13345576981940618
11	0.10615671641791045	0.6910009182736455	0.023507462686567164	0.08417508417508418
2	0.10149253731343283	0.6680440771349863	0.029104477611940297	0.13131313131313133
9	0.38656716417910447	0.36577900214263853	0.11119402985074626	0.24364860728497093
0	0.5656716417910448	0.34144475053565965	0.14701492537313432	0.1386593204775023
13	0.14701492537313432	0.536883991429446	0.10522388059701493	0.027548209366391185
