3	1.1474504709321207	1.2125307125307125	0.41214680090938616	1.2125307125307125
0	1.1243910360506657	0.601965601965602	0.11042546281260149	0.601965601965602
3	1.1474504709321207	1.2125307125307125	0.41214680090938616	1.2125307125307125
0	1.1243910360506657	0.601965601965602	0.11042546281260149	0.601965601965602
3	0.5737252354660604	0.6062653562653563	0.41214680090938616	0.07985257985257985
0	0.5621955180253329	0.300982800982801	0.11042546281260149	0.11302211302211303
3	0.5737252354660604	0.6062653562653563	0.41214680090938616	0.07985257985257985
0	0.5621955180253329	0.300982800982801	0.11042546281260149	0.11302211302211303
9	0.8231568691133485	0.4519348894348894	0.04189671971419292	0.1378992628992629
13	0.7091588177979864	0.36686117936117935	0.09386164339071126	0.08261670761670761
7	0.716791165962975	0.3792997542997543	0.08574212406625528	0.09336609336609336
