4	0.4377952755905512	0.7958984375	0.2188976377952756	0.7958984375
4	1.458267716535433	0.5667317708333334	0.2921259842519685	0.5667317708333334
6	1.4484251968503936	0.5625	0.30118110236220474	0.5625
6	0.42244094488188977	0.84375	0.17283464566929133	0.84375
10	1.6696850393700788	1.2981770833333333	0.12401574803149606	1.2981770833333333
10	0.25866141732283465	1.3619791666666667	0.06181102362204725	1.3619791666666667
11	1.5767716535433072	1.3004557291666667	0.2200787401574803	1.3004557291666667
11	0.25866141732283465	1.3619791666666667	0.06181102362204725	1.3619791666666667
13	0.4377952755905512	0.7958984375	0.2188976377952756	0.7958984375
13	1.458267716535433	0.5667317708333334	0.2921259842519685	0.5667317708333334
4	0.4377952755905512	0.7958984375	0.2188976377952756	0.7958984375
4	1.458267716535433	0.5667317708333334	0.2921259842519685	0.5667317708333334
6	1.4484251968503936	0.5625	0.30118110236220474	0.5625
6	0.42244094488188977	0.84375	0.17283464566929133	0.84375
10	1.6696850393700788	1.2981770833333333	0.12401574803149606	1.2981770833333333
10	0.25866141732283465	1.3619791666666667	0.06181102362204725	1.3619791666666667
11	1.5767716535433072	1.3004557291666667	0.2200787401574803	1.3004557291666667
11	0.25866141732283465	1.3619791666666667	0.06181102362204725	1.3619791666666667
13	0.4377952755905512	0.7958984375	0.2188976377952756	0.7958984375
13	1.458267716535433	0.5667317708333334	0.2921259842519685	0.5667317708333334
4	0.2188976377952756	0.39794921875	0.2188976377952756	0.3655598958333333
4	0.7291338582677165	0.2833658854166667	0.2921259842519685	0.3577473958333333
6	0.7242125984251968	0.28125	0.30118110236220474	0.35546875
6	0.21122047244094488	0.421875	0.17283464566929133	0.3307291666666667
10	0.8348425196850394	0.6490885416666666	0.12401574803149606	0.16471354166666666
10	0.12933070866141733	0.6809895833333334	0.06181102362204725	0.07291666666666667
11	0.7883858267716536	0.6502278645833334	0.2200787401574803	0.2666015625
11	0.12933070866141733	0.6809895833333334	0.06181102362204725	0.07291666666666667
13	0.2188976377952756	0.39794921875	0.2188976377952756	0.3655598958333333
13	0.7291338582677165	0.2833658854166667	0.2921259842519685	0.3577473958333333
10	0.8348425196850394	0.6490885416666666	0.12401574803149606	0.16471354166666666
11	0.7883858267716536	0.6502278645833334	0.2200787401574803	0.2666015625
13	0.2188976377952756	0.39794921875	0.2188976377952756	0.3655598958333333
7	0.7242125984251968	0.28125	0.30118110236220474	0.35546875
4	0.2188976377952756	0.39794921875	0.2188976377952756	0.3655598958333333
6	0.7242125984251968	0.28125	0.30118110236220474	0.35546875
