9	0.6589343965204785	0.09738863287250384	0.1377310619789779	0.09738863287250384
9	1.236317506342878	1.578494623655914	0.16998912649510692	1.578494623655914
9	1.5433127944907574	0.11643625192012289	0.3102573396158028	0.11643625192012289
9	1.0482058716926423	0.1339477726574501	0.5559985501993476	0.1339477726574501
9	1.6933671620152229	0.754531490015361	0.30300833635375135	0.754531490015361
9	1.71692642261689	0.7784946236559139	0.15839072127582457	0.7784946236559139
9	1.7959405581732513	1.029800307219662	0.04820587169264226	1.029800307219662
9	1.2627763682493658	0.35207373271889403	0.11743385284523378	0.35207373271889403
7	0.4182674882203697	1.4245775729646697	0.28778542950344327	1.4245775729646697
7	0.2069590431315694	1.6534562211981567	0.09459949256977165	1.6534562211981567
10	0.2069590431315694	1.6534562211981567	0.09459949256977165	1.6534562211981567
10	0.19427328742297933	1.6516129032258065	0.0449438202247191	1.6516129032258065
13	1.6745197535338892	1.286943164362519	0.043494019572308806	1.286943164362519
11	0.19427328742297933	1.6516129032258065	0.0449438202247191	1.6516129032258065
11	0.2069590431315694	1.6534562211981567	0.09459949256977165	1.6534562211981567
9	0.6589343965204785	0.09738863287250384	0.1377310619789779	0.09738863287250384
9	1.236317506342878	1.578494623655914	0.16998912649510692	1.578494623655914
9	1.5433127944907574	0.11643625192012289	0.3102573396158028	0.11643625192012289
9	1.0482058716926423	0.1339477726574501	0.5559985501993476	0.1339477726574501
9	1.6933671620152229	0.754531490015361	0.30300833635375135	0.754531490015361
9	1.71692642261689	0.7784946236559139	0.15839072127582457	0.7784946236559139
9	1.7959405581732513	1.029800307219662	0.04820587169264226	1.029800307219662
9	1.2627763682493658	0.35207373271889403	0.11743385284523378	0.35207373271889403
7	0.4182674882203697	1.4245775729646697	0.28778542950344327	1.4245775729646697
7	0.2069590431315694	1.6534562211981567	0.09459949256977165	1.6534562211981567
10	0.2069590431315694	1.6534562211981567	0.09459949256977165	1.6534562211981567
10	0.19427328742297933	1.6516129032258065	0.0449438202247191	1.6516129032258065
13	1.6745197535338892	1.286943164362519	0.043494019572308806	1.286943164362519
11	0.19427328742297933	1.6516129032258065	0.0449438202247191	1.6516129032258065
11	0.2069590431315694	1.6534562211981567	0.09459949256977165	1.6534562211981567
9	0.32946719826023924	0.04869431643625192	0.1377310619789779	0.09247311827956989
9	0.618158753171439	0.789247311827957	0.16998912649510692	0.04423963133640553
9	0.7716563972453787	0.05821812596006144	0.3102573396158028	0.09370199692780339
9	0.5241029358463212	0.06697388632872504	0.5559985501993476	0.13210445468509985
9	0.8466835810076114	0.3772657450076805	0.30300833635375135	0.2261136712749616
9	0.858463211308445	0.38924731182795697	0.15839072127582457	0.6365591397849463
9	0.8979702790866256	0.514900153609831	0.04820587169264226	0.32319508448540707
9	0.6313881841246829	0.17603686635944701	0.11743385284523378	0.1456221198156682
7	0.20913374411018484	0.7122887864823348	0.28778542950344327	0.2847926267281106
7	0.1034795215657847	0.8267281105990784	0.09459949256977165	0.08540706605222734
10	0.1034795215657847	0.8267281105990784	0.09459949256977165	0.08540706605222734
10	0.09713664371148967	0.8258064516129032	0.0449438202247191	0.0380952380952381
13	0.8372598767669446	0.6434715821812595	0.043494019572308806	0.11827956989247312
11	0.09713664371148967	0.8258064516129032	0.0449438202247191	0.0380952380952381
11	0.1034795215657847	0.8267281105990784	0.09459949256977165	0.08540706605222734
9	0.32946719826023924	0.04869431643625192	0.1377310619789779	0.09247311827956989
7	0.20913374411018484	0.7122887864823348	0.28778542950344327	0.2847926267281106
10	0.1034795215657847	0.8267281105990784	0.09459949256977165	0.08540706605222734
13	0.8372598767669446	0.6434715821812595	0.043494019572308806	0.11827956989247312
11	0.09713664371148967	0.8258064516129032	0.0449438202247191	0.0380952380952381
0	0.5643349039507067	0.34178187403993854	0.09496194273287423	0.0771121351766513
6	0.27981152591518665	0.6468509984639017	0.15585357013410656	0.18648233486943164
