13	0.3754116355653128	0.9642018779342723	0.035858031467252104	0.9642018779342723
13	0.4500548847420417	0.9348591549295775	0.048298572996706916	0.9348591549295775
0	1.1039151115989756	0.5319835680751174	0.10647639956092206	0.5319835680751174
13	0.3754116355653128	0.9642018779342723	0.035858031467252104	0.9642018779342723
13	0.4500548847420417	0.9348591549295775	0.048298572996706916	0.9348591549295775
0	1.1039151115989756	0.5319835680751174	0.10647639956092206	0.5319835680751174
13	0.1877058177826564	0.48210093896713613	0.035858031467252104	0.008802816901408451
13	0.22502744237102085	0.46742957746478875	0.048298572996706916	0.009976525821596244
0	0.5519575557994878	0.2659917840375587	0.10647639956092206	0.09242957746478873
13	0.1877058177826564	0.48210093896713613	0.035858031467252104	0.008802816901408451
0	0.5519575557994878	0.2659917840375587	0.10647639956092206	0.09242957746478873
