0	1.18337617823479	0.8624	0.1293916023993145	0.8624
8	1.5814053127677807	1.0112	0.02099400171379606	1.0112
8	0.4203084832904884	1.0488	0.025278491859468722	1.0488
0	1.18337617823479	0.8624	0.1293916023993145	0.8624
8	1.5814053127677807	1.0112	0.02099400171379606	1.0112
8	0.4203084832904884	1.0488	0.025278491859468722	1.0488
0	0.591688089117395	0.4312	0.1293916023993145	0.1816
8	0.7907026563838904	0.5056	0.02099400171379606	0.0216
8	0.2101542416452442	0.5244	0.025278491859468722	0.0192
0	0.591688089117395	0.4312	0.1293916023993145	0.1816
8	0.7907026563838904	0.5056	0.02099400171379606	0.0216
3	0.5912596401028277	0.6872	0.4524421593830334	0.1504
7	0.2705655526992288	0.5058	0.05269922879177378	0.0276
