9	1.033203125	0.3664	0.0859375	0.3664
9	0.86328125	0.5212	0.0693359375	0.5212
3	1.13623046875	1.1236	0.46337890625	1.1236
0	1.056640625	0.6572	0.15234375	0.6572
9	1.033203125	0.3664	0.0859375	0.3664
9	0.86328125	0.5212	0.0693359375	0.5212
3	1.13623046875	1.1236	0.46337890625	1.1236
0	1.056640625	0.6572	0.15234375	0.6572
9	0.5166015625	0.1832	0.0859375	0.0992
9	0.431640625	0.2606	0.0693359375	0.2308
3	0.568115234375	0.5618	0.46337890625	0.1524
0	0.5283203125	0.3286	0.15234375	0.1364
9	0.5166015625	0.1832	0.0859375	0.0992
3	0.568115234375	0.5618	0.46337890625	0.1524
0	0.5283203125	0.3286	0.15234375	0.1364
