0	1.0307086614173229	0.5901692708333334	0.12677165354330708	0.5901692708333334
8	0.6326771653543307	0.9791666666666666	0.016141732283464567	0.9791666666666666
8	0.5421259842519685	0.8059895833333334	0.013779527559055118	0.8059895833333334
8	0.5834645669291338	0.9069010416666666	0.01653543307086614	0.9069010416666666
8	0.47283464566929134	0.9817708333333334	0.017716535433070866	0.9817708333333334
3	1.1236220472440945	1.0361328125	0.4220472440944882	1.0361328125
0	1.0307086614173229	0.5901692708333334	0.12677165354330708	0.5901692708333334
8	0.6326771653543307	0.9791666666666666	0.016141732283464567	0.9791666666666666
8	0.5421259842519685	0.8059895833333334	0.013779527559055118	0.8059895833333334
8	0.5834645669291338	0.9069010416666666	0.01653543307086614	0.9069010416666666
8	0.47283464566929134	0.9817708333333334	0.017716535433070866	0.9817708333333334
3	1.1236220472440945	1.0361328125	0.4220472440944882	1.0361328125
3	0.5618110236220473	0.51806640625	0.4220472440944882	0.10774739583333333
0	0.5153543307086614	0.2950846354166667	0.12677165354330708	0.0927734375
8	0.31633858267716536	0.4895833333333333	0.016141732283464567	0.015625
8	0.2710629921259842	0.4029947916666667	0.013779527559055118	0.024739583333333332
8	0.2917322834645669	0.4534505208333333	0.01653543307086614	0.014973958333333334
8	0.23641732283464567	0.4908854166666667	0.017716535433070866	0.018229166666666668
0	0.5153543307086614	0.2950846354166667	0.12677165354330708	0.0927734375
8	0.31633858267716536	0.4895833333333333	0.016141732283464567	0.015625
13	0.33779527559055117	0.3141276041666667	0.08897637795275591	0.11328125
3	0.5618110236220473	0.51806640625	0.4220472440944882	0.10774739583333333
