5	1.50917626973965	0.9179508538109121	0.40034144259496374	0.9179508538109121
5	0.5108834827144686	0.9079550187421908	0.4033290653008963	0.9079550187421908
3	1.1408450704225352	1.2532278217409414	0.5364916773367477	1.2532278217409414
5	1.50917626973965	0.9179508538109121	0.40034144259496374	0.9179508538109121
5	0.5108834827144686	0.9079550187421908	0.4033290653008963	0.9079550187421908
3	1.1408450704225352	1.2532278217409414	0.5364916773367477	1.2532278217409414
5	0.754588134869825	0.45897542690545606	0.40034144259496374	0.8163265306122449
5	0.2554417413572343	0.4539775093710954	0.4033290653008963	0.7480216576426489
3	0.5704225352112676	0.6266139108704707	0.5364916773367477	0.3877551020408163
5	0.754588134869825	0.45897542690545606	0.40034144259496374	0.8163265306122449
13	0.23218096457533077	0.36234902124114954	0.078531796841656	0.21657642648896294
0	0.5051216389244558	0.38088296543107036	0.4297908664105847	0.248646397334444
3	0.5704225352112676	0.6266139108704707	0.5364916773367477	0.3877551020408163
