6	1.4271653543307086	1.2063802083333333	0.13897637795275591	1.2063802083333333
6	0.5858267716535434	1.1800130208333333	0.1984251968503937	1.1800130208333333
0	1.1165354330708661	0.6647135416666666	0.09055118110236221	0.6647135416666666
0	0.9885826771653543	0.7386067708333334	0.2232283464566929	0.7386067708333334
6	1.4271653543307086	1.2063802083333333	0.13897637795275591	1.2063802083333333
6	0.5858267716535434	1.1800130208333333	0.1984251968503937	1.1800130208333333
0	1.1165354330708661	0.6647135416666666	0.09055118110236221	0.6647135416666666
0	0.9885826771653543	0.7386067708333334	0.2232283464566929	0.7386067708333334
6	0.7135826771653543	0.6031901041666666	0.13897637795275591	0.23177083333333334
6	0.2929133858267717	0.5900065104166666	0.1984251968503937	0.18587239583333334
0	0.5582677165354331	0.3323567708333333	0.09055118110236221	0.07682291666666667
0	0.49429133858267715	0.3693033854166667	0.2232283464566929	0.14876302083333334
3	0.5192913385826772	0.6541341145833334	0.3937007874015748	0.1259765625
6	0.7135826771653543	0.6031901041666666	0.13897637795275591	0.23177083333333334
0	0.5582677165354331	0.3323567708333333	0.09055118110236221	0.07682291666666667
