13	0.6559244791666666	0.4189453125	0.048502604166666664	0.4189453125
13	1.3743489583333333	0.4524739583333333	0.059244791666666664	0.4524739583333333
6	1.3743489583333333	0.4524739583333333	0.059244791666666664	0.4524739583333333
6	0.6559244791666666	0.4189453125	0.048502604166666664	0.4189453125
13	0.6559244791666666	0.4189453125	0.048502604166666664	0.4189453125
13	1.3743489583333333	0.4524739583333333	0.059244791666666664	0.4524739583333333
6	1.3743489583333333	0.4524739583333333	0.059244791666666664	0.4524739583333333
6	0.6559244791666666	0.4189453125	0.048502604166666664	0.4189453125
13	0.3279622395833333	0.20947265625	0.048502604166666664	0.07063802083333333
13	0.6871744791666666	0.22623697916666666	0.059244791666666664	0.06705729166666667
6	0.6871744791666666	0.22623697916666666	0.059244791666666664	0.06705729166666667
6	0.3279622395833333	0.20947265625	0.048502604166666664	0.07063802083333333
13	0.3279622395833333	0.20947265625	0.048502604166666664	0.07063802083333333
6	0.6871744791666666	0.22623697916666666	0.059244791666666664	0.06705729166666667
