9	0.8598425196850393	0.7679036458333334	0.09448818897637795	0.7679036458333334
9	0.4952755905511811	0.9501953125	0.1732283464566929	0.9501953125
13	0.4405511811023622	0.8922526041666666	0.18464566929133858	0.8922526041666666
13	0.6448818897637796	0.6442057291666666	0.050393700787401574	0.6442057291666666
13	0.4263779527559055	0.6484375	0.11850393700787401	0.6484375
13	0.4952755905511811	0.9501953125	0.1732283464566929	0.9501953125
0	1.0933070866141732	0.6178385416666666	0.09960629921259842	0.6178385416666666
7	0.4952755905511811	0.9501953125	0.1732283464566929	0.9501953125
7	0.4011811023622047	0.6608072916666666	0.08700787401574803	0.6608072916666666
7	1.4165354330708662	1.2350260416666667	0.22125984251968503	1.2350260416666667
9	0.8598425196850393	0.7679036458333334	0.09448818897637795	0.7679036458333334
9	0.4952755905511811	0.9501953125	0.1732283464566929	0.9501953125
13	0.4405511811023622	0.8922526041666666	0.18464566929133858	0.8922526041666666
13	0.6448818897637796	0.6442057291666666	0.050393700787401574	0.6442057291666666
13	0.4263779527559055	0.6484375	0.11850393700787401	0.6484375
13	0.4952755905511811	0.9501953125	0.1732283464566929	0.9501953125
0	1.0933070866141732	0.6178385416666666	0.09960629921259842	0.6178385416666666
7	0.4952755905511811	0.9501953125	0.1732283464566929	0.9501953125
7	0.4011811023622047	0.6608072916666666	0.08700787401574803	0.6608072916666666
7	1.4165354330708662	1.2350260416666667	0.22125984251968503	1.2350260416666667
9	0.42992125984251967	0.3839518229166667	0.09448818897637795	0.3785807291666667
9	0.24763779527559054	0.47509765625	0.1732283464566929	0.3343098958333333
13	0.2202755905511811	0.4461263020833333	0.18464566929133858	0.06673177083333333
13	0.3224409448818898	0.3221028645833333	0.050393700787401574	0.0439453125
13	0.21318897637795275	0.32421875	0.11850393700787401	0.0625
13	0.24763779527559054	0.47509765625	0.1732283464566929	0.3343098958333333
0	0.5466535433070866	0.3089192708333333	0.09960629921259842	0.09635416666666667
7	0.24763779527559054	0.47509765625	0.1732283464566929	0.3343098958333333
7	0.20059055118110236	0.3304036458333333	0.08700787401574803	0.057942708333333336
7	0.7082677165354331	0.6175130208333334	0.22125984251968503	0.18033854166666666
9	0.42992125984251967	0.3839518229166667	0.09448818897637795	0.3785807291666667
13	0.2202755905511811	0.4461263020833333	0.18464566929133858	0.06673177083333333
0	0.5466535433070866	0.3089192708333333	0.09960629921259842	0.09635416666666667
7	0.24763779527559054	0.47509765625	0.1732283464566929	0.3343098958333333
3	0.5927165354330709	0.6359049479166666	0.43031496062992125	0.09147135416666667
