13	0.57373046875	0.6172	0.10888671875	0.6172
13	1.43603515625	0.5012	0.13525390625	0.5012
13	1.51513671875	0.5888	0.06005859375	0.5888
10	0.2412109375	1.7704	0.09375	1.7704
10	1.78857421875	1.7376	0.09716796875	1.7376
11	0.73095703125	0.2992	0.09814453125	0.2992
11	1.25830078125	0.3112	0.14111328125	0.3112
11	1.81103515625	1.7464	0.06298828125	1.7464
11	0.2412109375	1.7704	0.09375	1.7704
13	0.57373046875	0.6172	0.10888671875	0.6172
13	1.43603515625	0.5012	0.13525390625	0.5012
13	1.51513671875	0.5888	0.06005859375	0.5888
10	0.2412109375	1.7704	0.09375	1.7704
10	1.78857421875	1.7376	0.09716796875	1.7376
11	0.73095703125	0.2992	0.09814453125	0.2992
11	1.25830078125	0.3112	0.14111328125	0.3112
11	1.81103515625	1.7464	0.06298828125	1.7464
11	0.2412109375	1.7704	0.09375	1.7704
13	0.286865234375	0.3086	0.10888671875	0.1524
13	0.718017578125	0.2506	0.13525390625	0.1276
13	0.757568359375	0.2944	0.06005859375	0.052
10	0.12060546875	0.8852	0.09375	0.1008
10	0.894287109375	0.8688	0.09716796875	0.136
11	0.365478515625	0.1496	0.09814453125	0.0248
11	0.629150390625	0.1556	0.14111328125	0.0408
11	0.905517578125	0.8732	0.06298828125	0.0768
11	0.12060546875	0.8852	0.09375	0.1008
13	0.286865234375	0.3086	0.10888671875	0.1524
10	0.12060546875	0.8852	0.09375	0.1008
11	0.365478515625	0.1496	0.09814453125	0.0248
