5	0.6697048611111112	0.8600694444444444	0.1870659722222222	0.8600694444444444
5	1.5772569444444444	0.8927083333333333	0.20225694444444445	0.8927083333333333
3	1.2191840277777777	1.0972222222222223	0.3832465277777778	1.0972222222222223
0	1.2443576388888888	0.7163194444444444	0.08203125	0.7163194444444444
5	0.6697048611111112	0.8600694444444444	0.1870659722222222	0.8600694444444444
5	1.5772569444444444	0.8927083333333333	0.20225694444444445	0.8927083333333333
3	1.2191840277777777	1.0972222222222223	0.3832465277777778	1.0972222222222223
0	1.2443576388888888	0.7163194444444444	0.08203125	0.7163194444444444
5	0.3348524305555556	0.4300347222222222	0.1870659722222222	0.22881944444444444
5	0.7886284722222222	0.44635416666666666	0.20225694444444445	0.24965277777777778
3	0.6095920138888888	0.5486111111111112	0.3832465277777778	0.1125
0	0.6221788194444444	0.3581597222222222	0.08203125	0.11631944444444445
5	0.3348524305555556	0.4300347222222222	0.1870659722222222	0.22881944444444444
3	0.6095920138888888	0.5486111111111112	0.3832465277777778	0.1125
0	0.6221788194444444	0.3581597222222222	0.08203125	0.11631944444444445
