11	1.255859375	0.262	0.185546875	0.262
11	0.52734375	0.258	0.197265625	0.258
11	0.04150390625	1.78	0.03857421875	1.78
11	1.47119140625	0.3052	0.11962890625	0.3052
13	1.25927734375	0.4036	0.15087890625	0.4036
11	1.255859375	0.262	0.185546875	0.262
11	0.52734375	0.258	0.197265625	0.258
11	0.04150390625	1.78	0.03857421875	1.78
11	1.47119140625	0.3052	0.11962890625	0.3052
13	1.25927734375	0.4036	0.15087890625	0.4036
13	0.629638671875	0.2018	0.15087890625	0.1708
11	0.6279296875	0.131	0.185546875	0.0612
11	0.263671875	0.129	0.197265625	0.0556
11	0.020751953125	0.89	0.03857421875	0.0488
11	0.735595703125	0.1526	0.11962890625	0.082
11	0.6279296875	0.131	0.185546875	0.0612
13	0.629638671875	0.2018	0.15087890625	0.1708
10	0.020751953125	0.89	0.03857421875	0.0488
