13	0.33807705657757725	0.9854085603112841	0.04998264491496009	0.9854085603112841
13	0.6952447066990628	0.5382619974059663	0.07740367927802846	0.5382619974059663
10	0.2551197500867754	1.6809338521400778	0.05102395001735509	1.6809338521400778
11	0.2551197500867754	1.6809338521400778	0.05102395001735509	1.6809338521400778
11	1.1905588337382853	0.38067444876783396	0.08816383200277682	0.38067444876783396
11	0.763970843457133	0.38748378728923477	0.08573412009718848	0.38748378728923477
13	0.33807705657757725	0.9854085603112841	0.04998264491496009	0.9854085603112841
13	0.6952447066990628	0.5382619974059663	0.07740367927802846	0.5382619974059663
10	0.2551197500867754	1.6809338521400778	0.05102395001735509	1.6809338521400778
11	0.2551197500867754	1.6809338521400778	0.05102395001735509	1.6809338521400778
11	1.1905588337382853	0.38067444876783396	0.08816383200277682	0.38067444876783396
11	0.763970843457133	0.38748378728923477	0.08573412009718848	0.38748378728923477
13	0.16903852828878863	0.49270428015564205	0.04998264491496009	0.03469520103761349
13	0.3476223533495314	0.2691309987029831	0.07740367927802846	0.1245136186770428
10	0.1275598750433877	0.8404669260700389	0.05102395001735509	0.08365758754863813
11	0.1275598750433877	0.8404669260700389	0.05102395001735509	0.08365758754863813
11	0.5952794168691427	0.19033722438391698	0.08816383200277682	0.04345006485084306
11	0.3819854217285665	0.19374189364461739	0.08573412009718848	0.03404669260700389
10	0.1275598750433877	0.8404669260700389	0.05102395001735509	0.08365758754863813
11	0.1275598750433877	0.8404669260700389	0.05102395001735509	0.08365758754863813
0	0.551023950017355	0.3411154345006485	0.1003123915307185	0.10246433203631647
8	0.41200971884762233	0.37046044098573283	0.07358556056924678	0.1222438391699092
7	0.41200971884762233	0.37046044098573283	0.07358556056924678	0.1222438391699092
9	0.41200971884762233	0.37046044098573283	0.07358556056924678	0.1222438391699092
13	0.16903852828878863	0.49270428015564205	0.04998264491496009	0.03469520103761349
