13	0.7217881944444444	1.2711805555555555	0.15321180555555555	1.2711805555555555
0	1.3745659722222223	0.7041666666666667	0.13585069444444445	0.7041666666666667
3	1.3767361111111112	1.2916666666666667	0.4696180555555556	1.2916666666666667
13	0.7217881944444444	1.2711805555555555	0.15321180555555555	1.2711805555555555
0	1.3745659722222223	0.7041666666666667	0.13585069444444445	0.7041666666666667
3	1.3767361111111112	1.2916666666666667	0.4696180555555556	1.2916666666666667
13	0.3608940972222222	0.6355902777777778	0.15321180555555555	0.07951388888888888
0	0.6872829861111112	0.35208333333333336	0.13585069444444445	0.11041666666666666
3	0.6883680555555556	0.6458333333333334	0.4696180555555556	0.16041666666666668
3	0.6883680555555556	0.6458333333333334	0.4696180555555556	0.16041666666666668
13	0.3608940972222222	0.6355902777777778	0.15321180555555555	0.07951388888888888
0	0.6872829861111112	0.35208333333333336	0.13585069444444445	0.11041666666666666
7	0.5279947916666666	0.36006944444444444	0.08203125	0.1486111111111111
