13	0.525890561880279	0.5376409631209997	0.16746235769372017	0.5376409631209997
13	1.4377524788835843	1.1834806461444682	0.09511568123393316	1.1834806461444682
9	0.3786265148733015	1.164279183175861	0.07528461255967683	1.164279183175861
9	1.455012853470437	1.1917098445595855	0.10943811972089607	1.1917098445595855
6	1.463092177745134	1.2590673575129534	0.12412780022034521	1.2590673575129534
6	0.525890561880279	0.5376409631209997	0.16746235769372017	0.5376409631209997
13	0.525890561880279	0.5376409631209997	0.16746235769372017	0.5376409631209997
13	1.4377524788835843	1.1834806461444682	0.09511568123393316	1.1834806461444682
9	0.3786265148733015	1.164279183175861	0.07528461255967683	1.164279183175861
9	1.455012853470437	1.1917098445595855	0.10943811972089607	1.1917098445595855
6	1.463092177745134	1.2590673575129534	0.12412780022034521	1.2590673575129534
6	0.525890561880279	0.5376409631209997	0.16746235769372017	0.5376409631209997
13	0.2629452809401395	0.26882048156049987	0.16746235769372017	0.1286193233770192
13	0.7188762394417921	0.5917403230722341	0.09511568123393316	0.07223407497714111
9	0.18931325743665076	0.5821395915879305	0.07528461255967683	0.11825662907650107
9	0.7275064267352185	0.5958549222797928	0.10943811972089607	0.08046327339225846
6	0.731546088872567	0.6295336787564767	0.12412780022034521	0.13197195976836332
6	0.2629452809401395	0.26882048156049987	0.16746235769372017	0.1286193233770192
13	0.2629452809401395	0.26882048156049987	0.16746235769372017	0.1286193233770192
11	0.2335659199412413	0.22554099359951235	0.06830701432243849	0.035964644925327645
5	0.7275064267352185	0.5958549222797928	0.10943811972089607	0.08046327339225846
9	0.18931325743665076	0.5821395915879305	0.07528461255967683	0.11825662907650107
6	0.731546088872567	0.6295336787564767	0.12412780022034521	0.13197195976836332
