5	0.58984375	1.0660807291666667	0.2545572916666667	1.0660807291666667
5	1.4602864583333333	0.97265625	0.22786458333333334	0.97265625
11	1.4098307291666667	0.427734375	0.06282552083333333	0.427734375
11	1.2265625	0.416015625	0.09049479166666667	0.416015625
5	0.58984375	1.0660807291666667	0.2545572916666667	1.0660807291666667
5	1.4602864583333333	0.97265625	0.22786458333333334	0.97265625
11	1.4098307291666667	0.427734375	0.06282552083333333	0.427734375
11	1.2265625	0.416015625	0.09049479166666667	0.416015625
5	0.294921875	0.5330403645833334	0.2545572916666667	0.3701171875
5	0.7301432291666666	0.486328125	0.22786458333333334	0.4654947916666667
11	0.7049153645833334	0.2138671875	0.06282552083333333	0.050130208333333336
11	0.61328125	0.2080078125	0.09049479166666667	0.040364583333333336
5	0.294921875	0.5330403645833334	0.2545572916666667	0.3701171875
11	0.7049153645833334	0.2138671875	0.06282552083333333	0.050130208333333336
