11	1.793700787401575	1.2418619791666667	0.046456692913385826	1.2418619791666667
11	0.2484251968503937	1.1803385416666667	0.07677165354330709	1.1803385416666667
13	1.6956692913385827	0.9895833333333334	0.03897637795275591	0.9895833333333334
3	1.1948818897637796	1.1048177083333333	0.4570866141732283	1.1048177083333333
11	1.793700787401575	1.2418619791666667	0.046456692913385826	1.2418619791666667
11	0.2484251968503937	1.1803385416666667	0.07677165354330709	1.1803385416666667
13	1.6956692913385827	0.9895833333333334	0.03897637795275591	0.9895833333333334
3	1.1948818897637796	1.1048177083333333	0.4570866141732283	1.1048177083333333
11	0.8968503937007875	0.6209309895833334	0.046456692913385826	0.15787760416666666
11	0.12421259842519684	0.5901692708333334	0.07677165354330709	0.14127604166666666
13	0.8478346456692913	0.4947916666666667	0.03897637795275591	0.020182291666666668
3	0.5974409448818898	0.5524088541666666	0.4570866141732283	0.15364583333333334
3	0.5974409448818898	0.5524088541666666	0.4570866141732283	0.15364583333333334
11	0.8968503937007875	0.6209309895833334	0.046456692913385826	0.15787760416666666
13	0.8478346456692913	0.4947916666666667	0.03897637795275591	0.020182291666666668
0	0.5844488188976378	0.3048502604166667	0.10118110236220472	0.10319010416666667
