11	0.6636284722222222	0.08611111111111111	0.13671875	0.08611111111111111
11	1.1961805555555556	0.05486111111111111	0.1328125	0.05486111111111111
0	1.1050347222222223	0.3892361111111111	0.08159722222222222	0.3892361111111111
3	1.1341145833333333	0.9315972222222222	0.4301215277777778	0.9315972222222222
11	0.6636284722222222	0.08611111111111111	0.13671875	0.08611111111111111
11	1.1961805555555556	0.05486111111111111	0.1328125	0.05486111111111111
0	1.1050347222222223	0.3892361111111111	0.08159722222222222	0.3892361111111111
3	1.1341145833333333	0.9315972222222222	0.4301215277777778	0.9315972222222222
11	0.3318142361111111	0.043055555555555555	0.13671875	0.027083333333333334
11	0.5980902777777778	0.027430555555555555	0.1328125	0.029861111111111113
0	0.5525173611111112	0.19461805555555556	0.08159722222222222	0.09131944444444444
3	0.5670572916666666	0.4657986111111111	0.4301215277777778	0.12465277777777778
11	0.3318142361111111	0.043055555555555555	0.13671875	0.027083333333333334
0	0.5525173611111112	0.19461805555555556	0.08159722222222222	0.09131944444444444
3	0.5670572916666666	0.4657986111111111	0.4301215277777778	0.12465277777777778
