11	0.4652777777777778	1.4364583333333334	0.03732638888888889	1.4364583333333334
11	1.7365451388888888	1.7371527777777778	0.03602430555555555	1.7371527777777778
11	0.2170138888888889	1.6934027777777778	0.044270833333333336	1.6934027777777778
13	0.5147569444444444	1.2802083333333334	0.1362847222222222	1.2802083333333334
13	0.5125868055555556	0.5722222222222222	0.16276041666666666	0.5722222222222222
13	0.4231770833333333	1.2447916666666667	0.03602430555555555	1.2447916666666667
13	0.3689236111111111	0.9336805555555555	0.09722222222222222	0.9336805555555555
10	0.2170138888888889	1.6934027777777778	0.044270833333333336	1.6934027777777778
10	1.7365451388888888	1.7371527777777778	0.03602430555555555	1.7371527777777778
11	0.4652777777777778	1.4364583333333334	0.03732638888888889	1.4364583333333334
11	1.7365451388888888	1.7371527777777778	0.03602430555555555	1.7371527777777778
11	0.2170138888888889	1.6934027777777778	0.044270833333333336	1.6934027777777778
13	0.5147569444444444	1.2802083333333334	0.1362847222222222	1.2802083333333334
13	0.5125868055555556	0.5722222222222222	0.16276041666666666	0.5722222222222222
13	0.4231770833333333	1.2447916666666667	0.03602430555555555	1.2447916666666667
13	0.3689236111111111	0.9336805555555555	0.09722222222222222	0.9336805555555555
10	0.2170138888888889	1.6934027777777778	0.044270833333333336	1.6934027777777778
10	1.7365451388888888	1.7371527777777778	0.03602430555555555	1.7371527777777778
13	0.2573784722222222	0.6401041666666667	0.1362847222222222	0.171875
13	0.2562934027777778	0.2861111111111111	0.16276041666666666	0.1388888888888889
13	0.21158854166666666	0.6223958333333334	0.03602430555555555	0.09270833333333334
13	0.18446180555555555	0.46684027777777776	0.09722222222222222	0.09131944444444444
10	0.10850694444444445	0.8467013888888889	0.044270833333333336	0.042708333333333334
10	0.8682725694444444	0.8685763888888889	0.03602430555555555	0.058680555555555555
11	0.2326388888888889	0.7182291666666667	0.03732638888888889	0.044097222222222225
11	0.8682725694444444	0.8685763888888889	0.03602430555555555	0.058680555555555555
11	0.10850694444444445	0.8467013888888889	0.044270833333333336	0.042708333333333334
11	0.2326388888888889	0.7182291666666667	0.03732638888888889	0.044097222222222225
13	0.2573784722222222	0.6401041666666667	0.1362847222222222	0.171875
10	0.10850694444444445	0.8467013888888889	0.044270833333333336	0.042708333333333334
