8	0.6878255208333334	0.7711588541666666	0.1650390625	0.7711588541666666
0	1.0927734375	0.49609375	0.0986328125	0.49609375
8	0.6878255208333334	0.7711588541666666	0.1650390625	0.7711588541666666
0	1.0927734375	0.49609375	0.0986328125	0.49609375
8	0.3439127604166667	0.3855794270833333	0.1650390625	0.11946614583333333
0	0.54638671875	0.248046875	0.0986328125	0.10677083333333333
3	0.5096028645833334	0.56494140625	0.3414713541666667	0.12532552083333334
8	0.3439127604166667	0.3855794270833333	0.1650390625	0.11946614583333333
7	0.3372395833333333	0.38330078125	0.16471354166666666	0.1123046875
0	0.54638671875	0.248046875	0.0986328125	0.10677083333333333
11	0.7609049479166666	0.6521809895833334	0.056966145833333336	0.0771484375
10	0.7609049479166666	0.6521809895833334	0.056966145833333336	0.0771484375
4	0.3372395833333333	0.38330078125	0.16471354166666666	0.1123046875
