0	0.9175347222222222	0.7263888888888889	0.21180555555555555	0.7263888888888889
8	0.66796875	0.9440972222222223	0.012586805555555556	0.9440972222222223
8	1.0143229166666667	1.025	0.013454861111111112	1.025
8	0.5342881944444444	0.9916666666666667	0.013454861111111112	0.9916666666666667
8	1.1545138888888888	1.3375	0.012152777777777778	1.3375
8	1.4748263888888888	0.45416666666666666	0.011284722222222222	0.45416666666666666
8	0.2734375	1.2229166666666667	0.010416666666666666	1.2229166666666667
8	0.5594618055555556	1.2277777777777779	0.009982638888888888	1.2277777777777779
8	0.2907986111111111	0.9631944444444445	0.012152777777777778	0.9631944444444445
8	0.9301215277777778	0.9208333333333333	0.013454861111111112	0.9208333333333333
8	1.1436631944444444	0.9440972222222223	0.01171875	0.9440972222222223
8	0.4774305555555556	1.0576388888888888	0.013020833333333334	1.0576388888888888
8	0.4344618055555556	1.1888888888888889	0.01171875	1.1888888888888889
8	0.4487847222222222	0.8940972222222222	0.013020833333333334	0.8940972222222222
8	0.5277777777777778	0.7809027777777777	0.011284722222222222	0.7809027777777777
8	1.5160590277777777	0.496875	0.012586805555555556	0.496875
8	1.4327256944444444	0.4597222222222222	0.01171875	0.4597222222222222
8	1.2421875	1.0677083333333333	0.012152777777777778	1.0677083333333333
8	0.4613715277777778	0.9760416666666667	0.21484375	0.9760416666666667
8	1.1575520833333333	1.1909722222222223	0.012586805555555556	1.1909722222222223
3	1.0186631944444444	1.1565972222222223	0.3901909722222222	1.1565972222222223
0	0.9175347222222222	0.7263888888888889	0.21180555555555555	0.7263888888888889
8	0.66796875	0.9440972222222223	0.012586805555555556	0.9440972222222223
8	1.0143229166666667	1.025	0.013454861111111112	1.025
8	0.5342881944444444	0.9916666666666667	0.013454861111111112	0.9916666666666667
8	1.1545138888888888	1.3375	0.012152777777777778	1.3375
8	1.4748263888888888	0.45416666666666666	0.011284722222222222	0.45416666666666666
8	0.2734375	1.2229166666666667	0.010416666666666666	1.2229166666666667
8	0.5594618055555556	1.2277777777777779	0.009982638888888888	1.2277777777777779
8	0.2907986111111111	0.9631944444444445	0.012152777777777778	0.9631944444444445
8	0.9301215277777778	0.9208333333333333	0.013454861111111112	0.9208333333333333
8	1.1436631944444444	0.9440972222222223	0.01171875	0.9440972222222223
8	0.4774305555555556	1.0576388888888888	0.013020833333333334	1.0576388888888888
8	0.4344618055555556	1.1888888888888889	0.01171875	1.1888888888888889
8	0.4487847222222222	0.8940972222222222	0.013020833333333334	0.8940972222222222
8	0.5277777777777778	0.7809027777777777	0.011284722222222222	0.7809027777777777
8	1.5160590277777777	0.496875	0.012586805555555556	0.496875
8	1.4327256944444444	0.4597222222222222	0.01171875	0.4597222222222222
8	1.2421875	1.0677083333333333	0.012152777777777778	1.0677083333333333
8	0.4613715277777778	0.9760416666666667	0.21484375	0.9760416666666667
8	1.1575520833333333	1.1909722222222223	0.012586805555555556	1.1909722222222223
3	1.0186631944444444	1.1565972222222223	0.3901909722222222	1.1565972222222223
0	0.4587673611111111	0.36319444444444443	0.21180555555555555	0.14583333333333334
8	0.333984375	0.4720486111111111	0.012586805555555556	0.00798611111111111
8	0.5071614583333334	0.5125	0.013454861111111112	0.010416666666666666
8	0.2671440972222222	0.49583333333333335	0.013454861111111112	0.009722222222222222
8	0.5772569444444444	0.66875	0.012152777777777778	0.013194444444444444
8	0.7374131944444444	0.22708333333333333	0.011284722222222222	0.008333333333333333
8	0.13671875	0.6114583333333333	0.010416666666666666	0.009027777777777777
8	0.2797309027777778	0.6138888888888889	0.009982638888888888	0.007638888888888889
8	0.14539930555555555	0.48159722222222223	0.012152777777777778	0.011111111111111112
8	0.4650607638888889	0.46041666666666664	0.013454861111111112	0.011805555555555555
8	0.5718315972222222	0.4720486111111111	0.01171875	0.011458333333333333
8	0.2387152777777778	0.5288194444444444	0.013020833333333334	0.009027777777777777
8	0.2172309027777778	0.5944444444444444	0.01171875	0.009722222222222222
8	0.2243923611111111	0.4470486111111111	0.013020833333333334	0.011458333333333333
8	0.2638888888888889	0.39045138888888886	0.011284722222222222	0.008680555555555556
8	0.7580295138888888	0.2484375	0.012586805555555556	0.007291666666666667
8	0.7163628472222222	0.2298611111111111	0.01171875	0.009722222222222222
8	0.62109375	0.5338541666666666	0.012152777777777778	0.00798611111111111
8	0.2306857638888889	0.48802083333333335	0.21484375	0.271875
8	0.5787760416666666	0.5954861111111112	0.012586805555555556	0.013888888888888888
3	0.5093315972222222	0.5782986111111111	0.3901909722222222	0.08298611111111111
0	0.4587673611111111	0.36319444444444443	0.21180555555555555	0.14583333333333334
8	0.333984375	0.4720486111111111	0.012586805555555556	0.00798611111111111
3	0.5093315972222222	0.5782986111111111	0.3901909722222222	0.08298611111111111
