11	1.3371975806451613	0.25176678445229683	0.10836693548387097	0.25176678445229683
11	1.3865927419354838	0.24558303886925795	0.16683467741935484	0.24558303886925795
7	0.6123991935483871	0.34496466431095407	0.2242943548387097	0.34496466431095407
7	1.4647177419354838	0.3873674911660777	0.23487903225806453	0.3873674911660777
13	0.546875	0.45936395759717313	0.16078629032258066	0.45936395759717313
13	1.4662298387096775	0.375	0.18901209677419356	0.375
11	1.3371975806451613	0.25176678445229683	0.10836693548387097	0.25176678445229683
11	1.3865927419354838	0.24558303886925795	0.16683467741935484	0.24558303886925795
7	0.6123991935483871	0.34496466431095407	0.2242943548387097	0.34496466431095407
7	1.4647177419354838	0.3873674911660777	0.23487903225806453	0.3873674911660777
13	0.546875	0.45936395759717313	0.16078629032258066	0.45936395759717313
13	1.4662298387096775	0.375	0.18901209677419356	0.375
11	0.6685987903225806	0.12588339222614842	0.10836693548387097	0.02120141342756184
11	0.6932963709677419	0.12279151943462897	0.16683467741935484	0.05918727915194346
7	0.30619959677419356	0.17248233215547704	0.2242943548387097	0.1073321554770318
7	0.7323588709677419	0.19368374558303886	0.23487903225806453	0.06934628975265017
13	0.2734375	0.22968197879858657	0.16078629032258066	0.13780918727915195
13	0.7331149193548387	0.1875	0.18901209677419356	0.07818021201413428
11	0.6685987903225806	0.12588339222614842	0.10836693548387097	0.02120141342756184
7	0.30619959677419356	0.17248233215547704	0.2242943548387097	0.1073321554770318
13	0.2734375	0.22968197879858657	0.16078629032258066	0.13780918727915195
9	0.29007056451612906	0.17800353356890458	0.1275201612903226	0.07508833922261485
