13	0.3038194444444444	1.0465277777777777	0.11371527777777778	1.0465277777777777
13	1.56640625	0.9430555555555555	0.03689236111111111	0.9430555555555555
13	1.4991319444444444	0.8590277777777777	0.07899305555555555	0.8590277777777777
0	0.9474826388888888	0.6298611111111111	0.17491319444444445	0.6298611111111111
11	0.1440972222222222	1.0809027777777778	0.044270833333333336	1.0809027777777778
11	0.4357638888888889	0.34930555555555554	0.1909722222222222	0.34930555555555554
3	1.0494791666666667	1.0184027777777778	0.4409722222222222	1.0184027777777778
13	0.3038194444444444	1.0465277777777777	0.11371527777777778	1.0465277777777777
13	1.56640625	0.9430555555555555	0.03689236111111111	0.9430555555555555
13	1.4991319444444444	0.8590277777777777	0.07899305555555555	0.8590277777777777
0	0.9474826388888888	0.6298611111111111	0.17491319444444445	0.6298611111111111
11	0.1440972222222222	1.0809027777777778	0.044270833333333336	1.0809027777777778
11	0.4357638888888889	0.34930555555555554	0.1909722222222222	0.34930555555555554
3	1.0494791666666667	1.0184027777777778	0.4409722222222222	1.0184027777777778
11	0.0720486111111111	0.5404513888888889	0.044270833333333336	0.121875
11	0.21788194444444445	0.17465277777777777	0.1909722222222222	0.08194444444444444
3	0.5247395833333334	0.5092013888888889	0.4409722222222222	0.07256944444444445
13	0.1519097222222222	0.5232638888888889	0.11371527777777778	0.03888888888888889
13	0.783203125	0.47152777777777777	0.03689236111111111	0.018055555555555554
13	0.7495659722222222	0.42951388888888886	0.07899305555555555	0.022916666666666665
0	0.4737413194444444	0.31493055555555555	0.17491319444444445	0.14027777777777778
13	0.1519097222222222	0.5232638888888889	0.11371527777777778	0.03888888888888889
0	0.4737413194444444	0.31493055555555555	0.17491319444444445	0.14027777777777778
11	0.0720486111111111	0.5404513888888889	0.044270833333333336	0.121875
3	0.5247395833333334	0.5092013888888889	0.4409722222222222	0.07256944444444445
