11	0.638671875	0.3678385416666667	0.060546875	0.3678385416666667
11	1.3444010416666667	0.3815104166666667	0.055989583333333336	0.3815104166666667
0	1.1129557291666667	0.5384114583333334	0.07779947916666667	0.5384114583333334
3	1.18359375	0.9677734375	0.357421875	0.9677734375
11	0.638671875	0.3678385416666667	0.060546875	0.3678385416666667
11	1.3444010416666667	0.3815104166666667	0.055989583333333336	0.3815104166666667
0	1.1129557291666667	0.5384114583333334	0.07779947916666667	0.5384114583333334
3	1.18359375	0.9677734375	0.357421875	0.9677734375
11	0.3193359375	0.18391927083333334	0.060546875	0.06901041666666667
11	0.6722005208333334	0.19075520833333334	0.055989583333333336	0.048828125
0	0.5564778645833334	0.2692057291666667	0.07779947916666667	0.09700520833333333
3	0.591796875	0.48388671875	0.357421875	0.10123697916666667
11	0.3193359375	0.18391927083333334	0.060546875	0.06901041666666667
0	0.5564778645833334	0.2692057291666667	0.07779947916666667	0.09700520833333333
3	0.591796875	0.48388671875	0.357421875	0.10123697916666667
