11	0.8570963541666666	0.2802734375	0.0439453125	0.2802734375
11	0.5699869791666666	0.8118489583333334	0.11295572916666667	0.8118489583333334
11	0.4827473958333333	1.0846354166666667	0.051106770833333336	1.0846354166666667
3	1.0826822916666667	1.1097005208333333	0.3346354166666667	1.1097005208333333
13	0.5927734375	0.7932942708333334	0.11100260416666667	0.7932942708333334
13	0.67578125	0.9013671875	0.111328125	0.9013671875
0	1.1083984375	0.6552734375	0.10514322916666667	0.6552734375
7	0.6471354166666666	1.0553385416666667	0.216796875	1.0553385416666667
7	0.6764322916666666	0.9772135416666666	0.13736979166666666	0.9772135416666666
11	0.8570963541666666	0.2802734375	0.0439453125	0.2802734375
11	0.5699869791666666	0.8118489583333334	0.11295572916666667	0.8118489583333334
11	0.4827473958333333	1.0846354166666667	0.051106770833333336	1.0846354166666667
3	1.0826822916666667	1.1097005208333333	0.3346354166666667	1.1097005208333333
13	0.5927734375	0.7932942708333334	0.11100260416666667	0.7932942708333334
13	0.67578125	0.9013671875	0.111328125	0.9013671875
0	1.1083984375	0.6552734375	0.10514322916666667	0.6552734375
7	0.6471354166666666	1.0553385416666667	0.216796875	1.0553385416666667
7	0.6764322916666666	0.9772135416666666	0.13736979166666666	0.9772135416666666
11	0.4285481770833333	0.14013671875	0.0439453125	0.023763020833333332
11	0.2849934895833333	0.4059244791666667	0.11295572916666667	0.06770833333333333
11	0.24137369791666666	0.5423177083333334	0.051106770833333336	0.1171875
3	0.5413411458333334	0.5548502604166666	0.3346354166666667	0.1279296875
13	0.29638671875	0.3966471354166667	0.11100260416666667	0.06412760416666667
13	0.337890625	0.45068359375	0.111328125	0.0927734375
0	0.55419921875	0.32763671875	0.10514322916666667	0.17740885416666666
7	0.3235677083333333	0.5276692708333334	0.216796875	0.189453125
7	0.3382161458333333	0.4886067708333333	0.13736979166666666	0.072265625
11	0.4285481770833333	0.14013671875	0.0439453125	0.023763020833333332
4	0.3235677083333333	0.5276692708333334	0.216796875	0.189453125
3	0.5413411458333334	0.5548502604166666	0.3346354166666667	0.1279296875
13	0.29638671875	0.3966471354166667	0.11100260416666667	0.06412760416666667
0	0.55419921875	0.32763671875	0.10514322916666667	0.17740885416666666
7	0.3235677083333333	0.5276692708333334	0.216796875	0.189453125
10	0.24137369791666666	0.5423177083333334	0.051106770833333336	0.1171875
