0	1.0659722222222223	0.6982638888888889	0.1328125	0.6982638888888889
3	1.1128472222222223	1.1677083333333333	0.3984375	1.1677083333333333
7	0.6584201388888888	1.0069444444444444	0.09418402777777778	1.0069444444444444
7	0.7977430555555556	0.5833333333333334	0.08246527777777778	0.5833333333333334
0	1.0659722222222223	0.6982638888888889	0.1328125	0.6982638888888889
3	1.1128472222222223	1.1677083333333333	0.3984375	1.1677083333333333
7	0.6584201388888888	1.0069444444444444	0.09418402777777778	1.0069444444444444
7	0.7977430555555556	0.5833333333333334	0.08246527777777778	0.5833333333333334
0	0.5329861111111112	0.34913194444444445	0.1328125	0.10451388888888889
3	0.5564236111111112	0.5838541666666667	0.3984375	0.1329861111111111
7	0.3292100694444444	0.5034722222222222	0.09418402777777778	0.12777777777777777
7	0.3988715277777778	0.2916666666666667	0.08246527777777778	0.16041666666666668
6	0.263671875	0.49774305555555554	0.2400173611111111	0.19409722222222223
0	0.5329861111111112	0.34913194444444445	0.1328125	0.10451388888888889
3	0.5564236111111112	0.5838541666666667	0.3984375	0.1329861111111111
7	0.3292100694444444	0.5034722222222222	0.09418402777777778	0.12777777777777777
