3	1.2669270833333333	1.1927083333333333	0.4526909722222222	1.1927083333333333
0	1.2391493055555556	0.6708333333333333	0.16883680555555555	0.6708333333333333
10	0.6323784722222222	0.9666666666666667	0.23914930555555555	0.9666666666666667
7	0.8298611111111112	0.32708333333333334	0.16493055555555555	0.32708333333333334
7	0.7417534722222222	0.8211805555555556	0.22960069444444445	0.8211805555555556
7	0.6675347222222222	0.6951388888888889	0.1527777777777778	0.6951388888888889
7	0.9409722222222222	0.6986111111111111	0.0078125	0.6986111111111111
3	1.2669270833333333	1.1927083333333333	0.4526909722222222	1.1927083333333333
0	1.2391493055555556	0.6708333333333333	0.16883680555555555	0.6708333333333333
10	0.6323784722222222	0.9666666666666667	0.23914930555555555	0.9666666666666667
7	0.8298611111111112	0.32708333333333334	0.16493055555555555	0.32708333333333334
7	0.7417534722222222	0.8211805555555556	0.22960069444444445	0.8211805555555556
7	0.6675347222222222	0.6951388888888889	0.1527777777777778	0.6951388888888889
7	0.9409722222222222	0.6986111111111111	0.0078125	0.6986111111111111
3	0.6334635416666666	0.5963541666666666	0.4526909722222222	0.18020833333333333
0	0.6195746527777778	0.33541666666666664	0.16883680555555555	0.1375
10	0.3161892361111111	0.48333333333333334	0.23914930555555555	0.4388888888888889
7	0.4149305555555556	0.16354166666666667	0.16493055555555555	0.049305555555555554
7	0.3708767361111111	0.4105902777777778	0.22960069444444445	0.21354166666666666
7	0.3337673611111111	0.34756944444444443	0.1527777777777778	0.10138888888888889
7	0.4704861111111111	0.34930555555555554	0.0078125	0.010416666666666666
11	0.4079861111111111	0.18715277777777778	0.1840277777777778	0.04791666666666667
3	0.6334635416666666	0.5963541666666666	0.4526909722222222	0.18020833333333333
0	0.6195746527777778	0.33541666666666664	0.16883680555555555	0.1375
10	0.3161892361111111	0.48333333333333334	0.23914930555555555	0.4388888888888889
7	0.4149305555555556	0.16354166666666667	0.16493055555555555	0.049305555555555554
