11	0.6648550724637681	0.4490327380952381	0.151268115942029	0.4490327380952381
11	1.3170289855072463	0.40029761904761907	0.14945652173913043	0.40029761904761907
0	1.2201086956521738	0.7745535714285714	0.11594202898550725	0.7745535714285714
3	1.205163043478261	1.3061755952380953	0.5022644927536232	1.3061755952380953
11	0.6648550724637681	0.4490327380952381	0.151268115942029	0.4490327380952381
11	1.3170289855072463	0.40029761904761907	0.14945652173913043	0.40029761904761907
0	1.2201086956521738	0.7745535714285714	0.11594202898550725	0.7745535714285714
3	1.205163043478261	1.3061755952380953	0.5022644927536232	1.3061755952380953
11	0.33242753623188404	0.22451636904761904	0.151268115942029	0.036830357142857144
11	0.6585144927536232	0.20014880952380953	0.14945652173913043	0.043154761904761904
0	0.6100543478260869	0.3872767857142857	0.11594202898550725	0.09970238095238096
3	0.6025815217391305	0.6530877976190477	0.5022644927536232	0.12313988095238096
11	0.33242753623188404	0.22451636904761904	0.151268115942029	0.036830357142857144
0	0.6100543478260869	0.3872767857142857	0.11594202898550725	0.09970238095238096
3	0.6025815217391305	0.6530877976190477	0.5022644927536232	0.12313988095238096
