7	0.7877604166666666	0.8614583333333333	0.12369791666666667	0.8614583333333333
7	1.4105902777777777	0.6524305555555555	0.1701388888888889	0.6524305555555555
7	1.34765625	0.8798611111111111	0.2860243055555556	0.8798611111111111
10	1.3962673611111112	0.9065972222222223	0.2782118055555556	0.9065972222222223
7	0.7877604166666666	0.8614583333333333	0.12369791666666667	0.8614583333333333
7	1.4105902777777777	0.6524305555555555	0.1701388888888889	0.6524305555555555
7	1.34765625	0.8798611111111111	0.2860243055555556	0.8798611111111111
10	1.3962673611111112	0.9065972222222223	0.2782118055555556	0.9065972222222223
7	0.3938802083333333	0.43072916666666666	0.12369791666666667	0.16770833333333332
7	0.7052951388888888	0.32621527777777776	0.1701388888888889	0.1607638888888889
7	0.673828125	0.43993055555555555	0.2860243055555556	0.47430555555555554
10	0.6981336805555556	0.45329861111111114	0.2782118055555556	0.471875
0	0.6139322916666666	0.3532986111111111	0.11848958333333333	0.16284722222222223
7	0.3938802083333333	0.43072916666666666	0.12369791666666667	0.16770833333333332
6	0.7170138888888888	0.32395833333333335	0.1605902777777778	0.1388888888888889
8	0.3938802083333333	0.43072916666666666	0.12369791666666667	0.16770833333333332
10	0.6981336805555556	0.45329861111111114	0.2782118055555556	0.471875
9	0.3938802083333333	0.43072916666666666	0.12369791666666667	0.16770833333333332
