0	1.0520833333333333	0.8756944444444444	0.1935763888888889	0.8756944444444444
3	1.1458333333333333	1.4399305555555555	0.5008680555555556	1.4399305555555555
6	1.3077256944444444	1.0194444444444444	0.2052951388888889	1.0194444444444444
6	0.5720486111111112	0.9986111111111111	0.0998263888888889	0.9986111111111111
0	1.0520833333333333	0.8756944444444444	0.1935763888888889	0.8756944444444444
3	1.1458333333333333	1.4399305555555555	0.5008680555555556	1.4399305555555555
6	1.3077256944444444	1.0194444444444444	0.2052951388888889	1.0194444444444444
6	0.5720486111111112	0.9986111111111111	0.0998263888888889	0.9986111111111111
0	0.5260416666666666	0.4378472222222222	0.1935763888888889	0.13958333333333334
3	0.5729166666666666	0.7199652777777777	0.5008680555555556	0.1295138888888889
6	0.6538628472222222	0.5097222222222222	0.2052951388888889	0.20347222222222222
6	0.2860243055555556	0.49930555555555556	0.0998263888888889	0.09375
0	0.5260416666666666	0.4378472222222222	0.1935763888888889	0.13958333333333334
3	0.5729166666666666	0.7199652777777777	0.5008680555555556	0.1295138888888889
6	0.6538628472222222	0.5097222222222222	0.2052951388888889	0.20347222222222222
7	0.3567708333333333	0.3970486111111111	0.1154513888888889	0.23715277777777777
