3	1.176532033426184	1.2748161764705883	0.47458217270194986	1.2748161764705883
13	0.46831476323119775	0.6755514705882353	0.07764623955431754	0.6755514705882353
13	0.5100974930362117	0.7233455882352942	0.1368384401114206	0.7233455882352942
0	1.1176880222841226	0.7316176470588235	0.10933147632311978	0.7316176470588235
3	1.176532033426184	1.2748161764705883	0.47458217270194986	1.2748161764705883
13	0.46831476323119775	0.6755514705882353	0.07764623955431754	0.6755514705882353
13	0.5100974930362117	0.7233455882352942	0.1368384401114206	0.7233455882352942
0	1.1176880222841226	0.7316176470588235	0.10933147632311978	0.7316176470588235
3	0.588266016713092	0.6374080882352942	0.47458217270194986	0.12959558823529413
13	0.23415738161559888	0.33777573529411764	0.07764623955431754	0.0628063725490196
13	0.25504874651810583	0.3616727941176471	0.1368384401114206	0.13204656862745098
0	0.5588440111420613	0.36580882352941174	0.10933147632311978	0.16176470588235295
3	0.588266016713092	0.6374080882352942	0.47458217270194986	0.12959558823529413
13	0.23415738161559888	0.33777573529411764	0.07764623955431754	0.0628063725490196
0	0.5588440111420613	0.36580882352941174	0.10933147632311978	0.16176470588235295
