0	1.0321180555555556	0.7458333333333333	0.1293402777777778	0.7458333333333333
3	1.0121527777777777	1.1600694444444444	0.3715277777777778	1.1600694444444444
11	1.1605902777777777	0.41215277777777776	0.12760416666666666	0.41215277777777776
11	0.6866319444444444	0.38263888888888886	0.1076388888888889	0.38263888888888886
0	1.0321180555555556	0.7458333333333333	0.1293402777777778	0.7458333333333333
3	1.0121527777777777	1.1600694444444444	0.3715277777777778	1.1600694444444444
11	1.1605902777777777	0.41215277777777776	0.12760416666666666	0.41215277777777776
11	0.6866319444444444	0.38263888888888886	0.1076388888888889	0.38263888888888886
0	0.5160590277777778	0.3729166666666667	0.1293402777777778	0.1284722222222222
3	0.5060763888888888	0.5800347222222222	0.3715277777777778	0.121875
11	0.5802951388888888	0.20607638888888888	0.12760416666666666	0.030208333333333334
11	0.3433159722222222	0.19131944444444443	0.1076388888888889	0.030555555555555555
0	0.5160590277777778	0.3729166666666667	0.1293402777777778	0.1284722222222222
3	0.5060763888888888	0.5800347222222222	0.3715277777777778	0.121875
11	0.5802951388888888	0.20607638888888888	0.12760416666666666	0.030208333333333334
