7	1.514015535292131	1.051266213712168	0.1347517730496454	1.051266213712168
7	1.6207362377575143	1.268684373069796	0.13610266801756163	1.268684373069796
11	1.6038500506585613	1.432674490426189	0.26646403242147926	1.432674490426189
11	0.2519419115163796	1.7785670166769612	0.022289766970618033	1.7785670166769612
10	1.5879770347855455	1.4116738727609635	0.26815265113137454	1.4116738727609635
10	0.2519419115163796	1.7785670166769612	0.022289766970618033	1.7785670166769612
7	1.514015535292131	1.051266213712168	0.1347517730496454	1.051266213712168
7	1.6207362377575143	1.268684373069796	0.13610266801756163	1.268684373069796
11	1.6038500506585613	1.432674490426189	0.26646403242147926	1.432674490426189
11	0.2519419115163796	1.7785670166769612	0.022289766970618033	1.7785670166769612
10	1.5879770347855455	1.4116738727609635	0.26815265113137454	1.4116738727609635
10	0.2519419115163796	1.7785670166769612	0.022289766970618033	1.7785670166769612
11	0.8019250253292807	0.7163372452130945	0.26646403242147926	0.2634342186534898
11	0.1259709557581898	0.8892835083384806	0.022289766970618033	0.028103767757875233
10	0.7939885173927728	0.7058369363804817	0.26815265113137454	0.1695491043854231
10	0.1259709557581898	0.8892835083384806	0.022289766970618033	0.028103767757875233
7	0.7570077676460655	0.525633106856084	0.1347517730496454	0.12106238418777023
7	0.8103681188787571	0.634342186534898	0.13610266801756163	0.04941321803582458
7	0.7570077676460655	0.525633106856084	0.1347517730496454	0.12106238418777023
0	0.5663627152988855	0.4159975293390982	0.11617696724079703	0.15935762816553428
11	0.8019250253292807	0.7163372452130945	0.26646403242147926	0.2634342186534898
13	0.7286389733198244	0.5265596046942557	0.2110773387369132	0.21618282890673254
10	0.7939885173927728	0.7058369363804817	0.26815265113137454	0.1695491043854231
4	0.6963863559608241	0.5870907967881408	0.15737926376224248	0.09882643607164916
