0	1.1126820908311912	0.5764421137555465	0.1443873179091688	0.5764421137555465
3	1.2107969151670952	1.225897539330375	0.4652956298200514	1.225897539330375
0	1.1126820908311912	0.5764421137555465	0.1443873179091688	0.5764421137555465
3	1.2107969151670952	1.225897539330375	0.4652956298200514	1.225897539330375
0	0.5563410454155956	0.2882210568777733	0.1443873179091688	0.14078257361839452
3	0.6053984575835476	0.6129487696651875	0.4652956298200514	0.17950786607503025
0	0.5563410454155956	0.2882210568777733	0.1443873179091688	0.14078257361839452
3	0.6053984575835476	0.6129487696651875	0.4652956298200514	0.17950786607503025
10	0.055912596401028275	0.6619604679306171	0.08611825192802057	0.12585720048406615
7	0.055912596401028275	0.6619604679306171	0.08611825192802057	0.12585720048406615
11	0.055912596401028275	0.6619604679306171	0.08611825192802057	0.12585720048406615
