9	0.9231770833333334	0.7197916666666667	0.2599826388888889	0.7197916666666667
9	0.3298611111111111	0.5003472222222223	0.1345486111111111	0.5003472222222223
9	0.8203125	0.3628472222222222	0.21788194444444445	0.3628472222222222
11	1.0807291666666667	0.284375	0.14930555555555555	0.284375
11	0.5221354166666666	0.20208333333333334	0.10980902777777778	0.20208333333333334
9	0.9231770833333334	0.7197916666666667	0.2599826388888889	0.7197916666666667
9	0.3298611111111111	0.5003472222222223	0.1345486111111111	0.5003472222222223
9	0.8203125	0.3628472222222222	0.21788194444444445	0.3628472222222222
11	1.0807291666666667	0.284375	0.14930555555555555	0.284375
11	0.5221354166666666	0.20208333333333334	0.10980902777777778	0.20208333333333334
9	0.4615885416666667	0.35989583333333336	0.2599826388888889	0.48020833333333335
9	0.16493055555555555	0.25017361111111114	0.1345486111111111	0.13993055555555556
9	0.41015625	0.1814236111111111	0.21788194444444445	0.35173611111111114
11	0.5403645833333334	0.1421875	0.14930555555555555	0.02048611111111111
11	0.2610677083333333	0.10104166666666667	0.10980902777777778	0.05625
9	0.4615885416666667	0.35989583333333336	0.2599826388888889	0.48020833333333335
3	0.5034722222222222	0.4918402777777778	0.4045138888888889	0.103125
11	0.5403645833333334	0.1421875	0.14930555555555555	0.02048611111111111
0	0.4937065972222222	0.27881944444444445	0.09505208333333333	0.13055555555555556
7	0.07942708333333333	0.4501736111111111	0.06163194444444445	0.19618055555555555
