10	0.2919532324621733	1.7691122071516645	0.05123796423658872	1.7691122071516645
10	1.7145804676753782	1.8301479654747226	0.028198074277854195	1.8301479654747226
5	0.4436038514442916	1.1997533908754623	0.1623108665749656	1.1997533908754623
5	1.5374828060522696	1.378236744759556	0.18259972489683632	1.378236744759556
11	0.2919532324621733	1.7691122071516645	0.05123796423658872	1.7691122071516645
11	1.7145804676753782	1.8301479654747226	0.028198074277854195	1.8301479654747226
11	0.65646492434663	0.2900739827373613	0.09731774415405778	0.2900739827373613
9	0.5357634112792297	1.2647965474722564	0.19601100412654746	1.2647965474722564
9	1.5374828060522696	1.378236744759556	0.18259972489683632	1.378236744759556
10	0.2919532324621733	1.7691122071516645	0.05123796423658872	1.7691122071516645
10	1.7145804676753782	1.8301479654747226	0.028198074277854195	1.8301479654747226
5	0.4436038514442916	1.1997533908754623	0.1623108665749656	1.1997533908754623
5	1.5374828060522696	1.378236744759556	0.18259972489683632	1.378236744759556
11	0.2919532324621733	1.7691122071516645	0.05123796423658872	1.7691122071516645
11	1.7145804676753782	1.8301479654747226	0.028198074277854195	1.8301479654747226
11	0.65646492434663	0.2900739827373613	0.09731774415405778	0.2900739827373613
9	0.5357634112792297	1.2647965474722564	0.19601100412654746	1.2647965474722564
9	1.5374828060522696	1.378236744759556	0.18259972489683632	1.378236744759556
10	0.14597661623108665	0.8845561035758323	0.05123796423658872	0.04469790382244143
10	0.8572902338376891	0.9150739827373613	0.028198074277854195	0.04593094944512947
5	0.2218019257221458	0.5998766954377311	0.1623108665749656	0.46115906288532676
5	0.7687414030261348	0.689118372379778	0.18259972489683632	0.3406288532675709
11	0.14597661623108665	0.8845561035758323	0.05123796423658872	0.04469790382244143
11	0.8572902338376891	0.9150739827373613	0.028198074277854195	0.04593094944512947
11	0.328232462173315	0.14503699136868065	0.09731774415405778	0.05086313193588163
9	0.26788170563961483	0.6323982737361282	0.19601100412654746	0.3153514180024661
9	0.7687414030261348	0.689118372379778	0.18259972489683632	0.3406288532675709
10	0.14597661623108665	0.8845561035758323	0.05123796423658872	0.04469790382244143
5	0.2218019257221458	0.5998766954377311	0.1623108665749656	0.46115906288532676
11	0.14597661623108665	0.8845561035758323	0.05123796423658872	0.04469790382244143
9	0.26788170563961483	0.6323982737361282	0.19601100412654746	0.3153514180024661
