0	1.1634615384615385	0.6661821705426356	0.16132478632478633	0.6661821705426356
11	0.5705128205128205	0.2693798449612403	0.06517094017094018	0.2693798449612403
11	1.4086538461538463	0.2567829457364341	0.11698717948717949	0.2567829457364341
11	0.6063034188034188	0.26308139534883723	0.1607905982905983	0.26308139534883723
0	1.1634615384615385	0.6661821705426356	0.16132478632478633	0.6661821705426356
11	0.5705128205128205	0.2693798449612403	0.06517094017094018	0.2693798449612403
11	1.4086538461538463	0.2567829457364341	0.11698717948717949	0.2567829457364341
11	0.6063034188034188	0.26308139534883723	0.1607905982905983	0.26308139534883723
0	0.5817307692307693	0.3330910852713178	0.16132478632478633	0.15455426356589147
11	0.28525641025641024	0.13468992248062014	0.06517094017094018	0.05329457364341085
11	0.7043269230769231	0.12839147286821706	0.11698717948717949	0.06298449612403101
11	0.3031517094017094	0.13154069767441862	0.1607905982905983	0.07703488372093023
0	0.5817307692307693	0.3330910852713178	0.16132478632478633	0.15455426356589147
11	0.28525641025641024	0.13468992248062014	0.06517094017094018	0.05329457364341085
