0	1.0725925925925925	0.6173469387755102	0.09481481481481481	0.6173469387755102
11	1.1788888888888889	0.3093112244897959	0.12851851851851853	0.3093112244897959
11	0.6481481481481481	0.30165816326530615	0.15851851851851853	0.30165816326530615
0	1.0725925925925925	0.6173469387755102	0.09481481481481481	0.6173469387755102
11	1.1788888888888889	0.3093112244897959	0.12851851851851853	0.3093112244897959
11	0.6481481481481481	0.30165816326530615	0.15851851851851853	0.30165816326530615
0	0.5362962962962963	0.3086734693877551	0.09481481481481481	0.08673469387755102
11	0.5894444444444444	0.15465561224489796	0.12851851851851853	0.029336734693877552
11	0.32407407407407407	0.15082908163265307	0.15851851851851853	0.04336734693877551
0	0.5362962962962963	0.3086734693877551	0.09481481481481481	0.08673469387755102
2	0.5894444444444444	0.15465561224489796	0.12851851851851853	0.029336734693877552
11	0.5894444444444444	0.15465561224489796	0.12851851851851853	0.029336734693877552
