7	0.5540205455189515	0.5470837406321277	0.08784980517180305	0.5470837406321277
11	1.7364505844845908	1.6249592701205604	0.06447042153737159	1.6249592701205604
11	0.2801983705278073	1.41544477028348	0.09670563230605739	1.41544477028348
13	0.5869642224583776	0.5933528836754643	0.17747077577045697	0.5933528836754643
10	1.7364505844845908	1.6249592701205604	0.06447042153737159	1.6249592701205604
10	0.2801983705278073	1.41544477028348	0.09670563230605739	1.41544477028348
7	0.5540205455189515	0.5470837406321277	0.08784980517180305	0.5470837406321277
11	1.7364505844845908	1.6249592701205604	0.06447042153737159	1.6249592701205604
11	0.2801983705278073	1.41544477028348	0.09670563230605739	1.41544477028348
13	0.5869642224583776	0.5933528836754643	0.17747077577045697	0.5933528836754643
10	1.7364505844845908	1.6249592701205604	0.06447042153737159	1.6249592701205604
10	0.2801983705278073	1.41544477028348	0.09670563230605739	1.41544477028348
7	0.27701027275947576	0.27354187031606386	0.08784980517180305	0.057021831215379605
11	0.8682252922422954	0.8124796350602802	0.06447042153737159	0.0967741935483871
11	0.14009918526390364	0.70772238514174	0.09670563230605739	0.1544477028347996
13	0.2934821112291888	0.2966764418377322	0.17747077577045697	0.1704138155751059
10	0.8682252922422954	0.8124796350602802	0.06447042153737159	0.0967741935483871
10	0.14009918526390364	0.70772238514174	0.09670563230605739	0.1544477028347996
7	0.27701027275947576	0.27354187031606386	0.08784980517180305	0.057021831215379605
11	0.8682252922422954	0.8124796350602802	0.06447042153737159	0.0967741935483871
13	0.2934821112291888	0.2966764418377322	0.17747077577045697	0.1704138155751059
10	0.8682252922422954	0.8124796350602802	0.06447042153737159	0.0967741935483871
0	0.5662415869642224	0.2668621700879765	0.11583421891604676	0.12447051156728577
