13	0.5633116883116883	0.569147333534197	0.03409090909090909	0.569147333534197
13	0.687987012987013	0.3278095811991564	0.08214285714285714	0.3278095811991564
11	0.687987012987013	0.3278095811991564	0.08214285714285714	0.3278095811991564
11	0.3970779220779221	1.7707140705031637	0.057467532467532466	1.7707140705031637
13	0.5633116883116883	0.569147333534197	0.03409090909090909	0.569147333534197
13	0.687987012987013	0.3278095811991564	0.08214285714285714	0.3278095811991564
11	0.687987012987013	0.3278095811991564	0.08214285714285714	0.3278095811991564
11	0.3970779220779221	1.7707140705031637	0.057467532467532466	1.7707140705031637
13	0.28165584415584416	0.2845736667670985	0.03409090909090909	0.026212714673094304
13	0.3439935064935065	0.1639047905995782	0.08214285714285714	0.09581199156372401
11	0.3439935064935065	0.1639047905995782	0.08214285714285714	0.09581199156372401
11	0.19853896103896104	0.8853570352515818	0.057467532467532466	0.08707442000602592
13	0.28165584415584416	0.2845736667670985	0.03409090909090909	0.026212714673094304
11	0.3439935064935065	0.1639047905995782	0.08214285714285714	0.09581199156372401
10	0.19853896103896104	0.8853570352515818	0.057467532467532466	0.08707442000602592
0	0.5483766233766234	0.3133473937933112	0.09090909090909091	0.07472130159686653
