9	0.7977186311787072	1.7881548974943053	0.04790874524714829	1.7881548974943053
9	0.467680608365019	1.5131793036121055	0.022813688212927757	1.5131793036121055
9	0.8152091254752851	1.316628701594533	0.01977186311787072	1.316628701594533
9	0.20304182509505703	1.2850634559062806	0.00988593155893536	1.2850634559062806
9	0.6220532319391635	1.3332248616986657	0.02129277566539924	1.3332248616986657
9	0.4171102661596958	1.8470549951187765	0.04448669201520913	1.8470549951187765
10	1.6961977186311787	1.3023104458184185	0.13269961977186312	1.3023104458184185
0	1.330038022813688	0.6843475431174748	0.10494296577946768	0.6843475431174748
9	0.7977186311787072	1.7881548974943053	0.04790874524714829	1.7881548974943053
9	0.467680608365019	1.5131793036121055	0.022813688212927757	1.5131793036121055
9	0.8152091254752851	1.316628701594533	0.01977186311787072	1.316628701594533
9	0.20304182509505703	1.2850634559062806	0.00988593155893536	1.2850634559062806
9	0.6220532319391635	1.3332248616986657	0.02129277566539924	1.3332248616986657
9	0.4171102661596958	1.8470549951187765	0.04448669201520913	1.8470549951187765
10	1.6961977186311787	1.3023104458184185	0.13269961977186312	1.3023104458184185
0	1.330038022813688	0.6843475431174748	0.10494296577946768	0.6843475431174748
9	0.3988593155893536	0.8940774487471527	0.04790874524714829	0.039375203384315
9	0.2338403041825095	0.7565896518060528	0.022813688212927757	0.024731532704197853
9	0.40760456273764256	0.6583143507972665	0.01977186311787072	0.028636511552229092
9	0.10152091254752851	0.6425317279531403	0.00988593155893536	0.010087862024080702
9	0.31102661596958175	0.6666124308493329	0.02129277566539924	0.032866905304262936
9	0.2085551330798479	0.9235274975593882	0.04448669201520913	0.05141555483241132
10	0.8480988593155894	0.6511552229092092	0.13269961977186312	0.20305890009762448
0	0.665019011406844	0.3421737715587374	0.10494296577946768	0.0979498861047836
11	0.4391634980988593	0.17002928734136025	0.07452471482889733	0.01659616010413277
7	0.8346007604562737	0.5833062154246664	0.1285171102661597	0.10120403514480963
9	0.3988593155893536	0.8940774487471527	0.04790874524714829	0.039375203384315
10	0.8480988593155894	0.6511552229092092	0.13269961977186312	0.20305890009762448
0	0.665019011406844	0.3421737715587374	0.10494296577946768	0.0979498861047836
