2	0.6463855421686747	0.5504694835680751	0.20602409638554217	0.5504694835680751
2	0.683433734939759	1.3943661971830985	0.11234939759036144	1.3943661971830985
2	1.4990963855421686	0.9172535211267606	0.13765060240963856	0.9172535211267606
13	1.4698795180722892	0.9439553990610329	0.17710843373493976	0.9439553990610329
13	0.6463855421686747	0.5504694835680751	0.20602409638554217	0.5504694835680751
13	0.661144578313253	1.3603286384976525	0.13102409638554216	1.3603286384976525
11	0.661144578313253	0.48708920187793425	0.22801204819277107	0.48708920187793425
2	0.6463855421686747	0.5504694835680751	0.20602409638554217	0.5504694835680751
2	0.683433734939759	1.3943661971830985	0.11234939759036144	1.3943661971830985
2	1.4990963855421686	0.9172535211267606	0.13765060240963856	0.9172535211267606
13	1.4698795180722892	0.9439553990610329	0.17710843373493976	0.9439553990610329
13	0.6463855421686747	0.5504694835680751	0.20602409638554217	0.5504694835680751
13	0.661144578313253	1.3603286384976525	0.13102409638554216	1.3603286384976525
11	0.661144578313253	0.48708920187793425	0.22801204819277107	0.48708920187793425
2	0.32319277108433736	0.27523474178403756	0.20602409638554217	0.18368544600938966
2	0.3417168674698795	0.6971830985915493	0.11234939759036144	0.09565727699530517
2	0.7495481927710843	0.4586267605633803	0.13765060240963856	0.1742957746478873
13	0.7349397590361446	0.47197769953051644	0.17710843373493976	0.14994131455399062
13	0.32319277108433736	0.27523474178403756	0.20602409638554217	0.18368544600938966
13	0.3305722891566265	0.6801643192488263	0.13102409638554216	0.15082159624413147
11	0.3305722891566265	0.24354460093896713	0.22801204819277107	0.1255868544600939
2	0.32319277108433736	0.27523474178403756	0.20602409638554217	0.18368544600938966
13	0.7349397590361446	0.47197769953051644	0.17710843373493976	0.14994131455399062
8	0.7465361445783133	0.4675762910798122	0.15210843373493976	0.15874413145539906
11	0.3305722891566265	0.24354460093896713	0.22801204819277107	0.1255868544600939
