13	0.647244094488189	0.4358723958333333	0.26456692913385826	0.4358723958333333
13	1.3893700787401575	0.5110677083333334	0.23031496062992127	0.5110677083333334
6	1.3893700787401575	0.5110677083333334	0.23031496062992127	0.5110677083333334
6	0.6318897637795275	0.4205729166666667	0.28307086614173227	0.4205729166666667
13	0.647244094488189	0.4358723958333333	0.26456692913385826	0.4358723958333333
13	1.3893700787401575	0.5110677083333334	0.23031496062992127	0.5110677083333334
6	1.3893700787401575	0.5110677083333334	0.23031496062992127	0.5110677083333334
6	0.6318897637795275	0.4205729166666667	0.28307086614173227	0.4205729166666667
13	0.3236220472440945	0.21793619791666666	0.26456692913385826	0.22493489583333334
13	0.6946850393700787	0.2555338541666667	0.23031496062992127	0.3040364583333333
6	0.6946850393700787	0.2555338541666667	0.23031496062992127	0.3040364583333333
6	0.3159448818897638	0.21028645833333334	0.28307086614173227	0.2936197916666667
13	0.3236220472440945	0.21793619791666666	0.26456692913385826	0.22493489583333334
6	0.6946850393700787	0.2555338541666667	0.23031496062992127	0.3040364583333333
7	0.20905511811023622	0.28515625	0.025984251968503937	0.014973958333333334
