0	1.0768229166666667	0.5215277777777778	0.11067708333333333	0.5215277777777778
3	1.1449652777777777	1.0302083333333334	0.4409722222222222	1.0302083333333334
11	1.2291666666666667	0.1579861111111111	0.1892361111111111	0.1579861111111111
11	0.4782986111111111	0.21041666666666667	0.10416666666666667	0.21041666666666667
0	1.0768229166666667	0.5215277777777778	0.11067708333333333	0.5215277777777778
3	1.1449652777777777	1.0302083333333334	0.4409722222222222	1.0302083333333334
11	1.2291666666666667	0.1579861111111111	0.1892361111111111	0.1579861111111111
11	0.4782986111111111	0.21041666666666667	0.10416666666666667	0.21041666666666667
0	0.5384114583333334	0.2607638888888889	0.11067708333333333	0.09722222222222222
3	0.5724826388888888	0.5151041666666667	0.4409722222222222	0.13090277777777778
11	0.6145833333333334	0.07899305555555555	0.1892361111111111	0.04895833333333333
11	0.23914930555555555	0.10520833333333333	0.10416666666666667	0.04583333333333333
0	0.5384114583333334	0.2607638888888889	0.11067708333333333	0.09722222222222222
3	0.5724826388888888	0.5151041666666667	0.4409722222222222	0.13090277777777778
11	0.6145833333333334	0.07899305555555555	0.1892361111111111	0.04895833333333333
13	0.2868923611111111	0.4449652777777778	0.1701388888888889	0.07534722222222222
9	0.21484375	0.5354166666666667	0.1953125	0.11736111111111111
