11	0.6520182291666666	0.21158854166666666	0.060221354166666664	0.21158854166666666
0	1.1022135416666667	0.51953125	0.10026041666666667	0.51953125
5	0.5791015625	0.9853515625	0.12467447916666667	0.9853515625
5	1.4348958333333333	1.0087890625	0.10286458333333333	1.0087890625
11	0.6520182291666666	0.21158854166666666	0.060221354166666664	0.21158854166666666
0	1.1022135416666667	0.51953125	0.10026041666666667	0.51953125
5	0.5791015625	0.9853515625	0.12467447916666667	0.9853515625
5	1.4348958333333333	1.0087890625	0.10286458333333333	1.0087890625
5	0.28955078125	0.49267578125	0.12467447916666667	0.2679036458333333
5	0.7174479166666666	0.50439453125	0.10286458333333333	0.23470052083333334
11	0.3260091145833333	0.10579427083333333	0.060221354166666664	0.046223958333333336
0	0.5511067708333334	0.259765625	0.10026041666666667	0.12955729166666666
11	0.3260091145833333	0.10579427083333333	0.060221354166666664	0.046223958333333336
0	0.5511067708333334	0.259765625	0.10026041666666667	0.12955729166666666
5	0.28955078125	0.49267578125	0.12467447916666667	0.2679036458333333
13	0.3567708333333333	0.16520182291666666	0.078125	0.08561197916666667
