13	0.5267716535433071	0.5738932291666666	0.11338582677165354	0.5738932291666666
13	1.3744094488188976	0.474609375	0.020866141732283464	0.474609375
13	1.4826771653543307	0.5263671875	0.049606299212598425	0.5263671875
2	1.3665354330708661	0.47265625	0.016929133858267716	0.47265625
2	0.5267716535433071	0.5738932291666666	0.11338582677165354	0.5738932291666666
8	0.6153543307086614	0.6555989583333334	0.022440944881889763	0.6555989583333334
8	1.3700787401574803	0.474609375	0.02125984251968504	0.474609375
0	1.1188976377952755	0.7044270833333334	0.11653543307086614	0.7044270833333334
10	0.24488188976377953	1.4856770833333333	0.07086614173228346	1.4856770833333333
11	1.3023622047244094	0.3828125	0.11653543307086614	0.3828125
11	0.45433070866141734	0.49609375	0.07952755905511812	0.49609375
11	0.7137795275590552	0.3776041666666667	0.12165354330708661	0.3776041666666667
11	0.2515748031496063	1.5016276041666667	0.05708661417322835	1.5016276041666667
13	0.5267716535433071	0.5738932291666666	0.11338582677165354	0.5738932291666666
13	1.3744094488188976	0.474609375	0.020866141732283464	0.474609375
13	1.4826771653543307	0.5263671875	0.049606299212598425	0.5263671875
2	1.3665354330708661	0.47265625	0.016929133858267716	0.47265625
2	0.5267716535433071	0.5738932291666666	0.11338582677165354	0.5738932291666666
8	0.6153543307086614	0.6555989583333334	0.022440944881889763	0.6555989583333334
8	1.3700787401574803	0.474609375	0.02125984251968504	0.474609375
0	1.1188976377952755	0.7044270833333334	0.11653543307086614	0.7044270833333334
10	0.24488188976377953	1.4856770833333333	0.07086614173228346	1.4856770833333333
11	1.3023622047244094	0.3828125	0.11653543307086614	0.3828125
11	0.45433070866141734	0.49609375	0.07952755905511812	0.49609375
11	0.7137795275590552	0.3776041666666667	0.12165354330708661	0.3776041666666667
11	0.2515748031496063	1.5016276041666667	0.05708661417322835	1.5016276041666667
2	0.6832677165354331	0.236328125	0.016929133858267716	0.015625
2	0.26338582677165356	0.2869466145833333	0.11338582677165354	0.0966796875
8	0.3076771653543307	0.3277994791666667	0.022440944881889763	0.017578125
8	0.6850393700787402	0.2373046875	0.02125984251968504	0.017578125
0	0.5594488188976378	0.3522135416666667	0.11653543307086614	0.115234375
10	0.12244094488188977	0.7428385416666666	0.07086614173228346	0.052734375
11	0.6511811023622047	0.19140625	0.11653543307086614	0.020833333333333332
11	0.22716535433070867	0.248046875	0.07952755905511812	0.06510416666666667
11	0.3568897637795276	0.18880208333333334	0.12165354330708661	0.01953125
11	0.12578740157480314	0.7508138020833334	0.05708661417322835	0.06803385416666667
13	0.26338582677165356	0.2869466145833333	0.11338582677165354	0.0966796875
13	0.6872047244094488	0.2373046875	0.020866141732283464	0.018229166666666668
13	0.7413385826771653	0.26318359375	0.049606299212598425	0.0556640625
13	0.26338582677165356	0.2869466145833333	0.11338582677165354	0.0966796875
9	0.6872047244094488	0.2373046875	0.020866141732283464	0.018229166666666668
2	0.6832677165354331	0.236328125	0.016929133858267716	0.015625
8	0.3076771653543307	0.3277994791666667	0.022440944881889763	0.017578125
0	0.5594488188976378	0.3522135416666667	0.11653543307086614	0.115234375
10	0.12244094488188977	0.7428385416666666	0.07086614173228346	0.052734375
11	0.6511811023622047	0.19140625	0.11653543307086614	0.020833333333333332
