8	0.6072048611111112	0.678125	0.021267361111111112	0.678125
8	1.37890625	0.9201388888888888	0.024739583333333332	0.9201388888888888
8	1.5026041666666667	1.1149305555555555	0.026041666666666668	1.1149305555555555
8	1.6614583333333333	0.9510416666666667	0.025173611111111112	0.9510416666666667
8	0.6245659722222222	0.9822916666666667	0.04123263888888889	0.9822916666666667
8	0.6072048611111112	0.678125	0.021267361111111112	0.678125
8	1.37890625	0.9201388888888888	0.024739583333333332	0.9201388888888888
8	1.5026041666666667	1.1149305555555555	0.026041666666666668	1.1149305555555555
8	1.6614583333333333	0.9510416666666667	0.025173611111111112	0.9510416666666667
8	0.6245659722222222	0.9822916666666667	0.04123263888888889	0.9822916666666667
8	0.3036024305555556	0.3390625	0.021267361111111112	0.01840277777777778
8	0.689453125	0.4600694444444444	0.024739583333333332	0.01875
8	0.7513020833333334	0.5574652777777778	0.026041666666666668	0.019791666666666666
8	0.8307291666666666	0.47552083333333334	0.025173611111111112	0.02048611111111111
8	0.3122829861111111	0.49114583333333334	0.04123263888888889	0.03229166666666667
8	0.3036024305555556	0.3390625	0.021267361111111112	0.01840277777777778
7	0.3109809027777778	0.4970486111111111	0.038628472222222224	0.03923611111111111
0	0.5572916666666666	0.3590277777777778	0.1189236111111111	0.09513888888888888
11	0.3865017361111111	0.2154513888888889	0.0959201388888889	0.025347222222222222
