11	0.7566929133858268	0.2890625	0.11653543307086614	0.2890625
11	1.29251968503937	0.2727864583333333	0.12874015748031495	0.2727864583333333
0	1.126771653543307	0.5738932291666666	0.11181102362204724	0.5738932291666666
3	1.1582677165354331	1.0621744791666667	0.3724409448818898	1.0621744791666667
11	0.7566929133858268	0.2890625	0.11653543307086614	0.2890625
11	1.29251968503937	0.2727864583333333	0.12874015748031495	0.2727864583333333
0	1.126771653543307	0.5738932291666666	0.11181102362204724	0.5738932291666666
3	1.1582677165354331	1.0621744791666667	0.3724409448818898	1.0621744791666667
0	0.5633858267716535	0.2869466145833333	0.11181102362204724	0.07779947916666667
3	0.5791338582677166	0.5310872395833334	0.3724409448818898	0.1240234375
11	0.3783464566929134	0.14453125	0.11653543307086614	0.017578125
11	0.646259842519685	0.13639322916666666	0.12874015748031495	0.026041666666666668
11	0.3783464566929134	0.14453125	0.11653543307086614	0.017578125
0	0.5633858267716535	0.2869466145833333	0.11181102362204724	0.07779947916666667
3	0.5791338582677166	0.5310872395833334	0.3724409448818898	0.1240234375
