0	1.2105681366706396	0.7	0.1354787445371474	0.7
10	1.678585617798967	1.2371541501976284	0.12753277711561384	1.2371541501976284
10	0.31148192292411603	1.2853754940711462	0.038935240365514504	1.2853754940711462
11	1.539133889551053	0.39367588932806324	0.057210965435041714	0.39367588932806324
11	0.31148192292411603	1.2853754940711462	0.038935240365514504	1.2853754940711462
0	1.2105681366706396	0.7	0.1354787445371474	0.7
10	1.678585617798967	1.2371541501976284	0.12753277711561384	1.2371541501976284
10	0.31148192292411603	1.2853754940711462	0.038935240365514504	1.2853754940711462
11	1.539133889551053	0.39367588932806324	0.057210965435041714	0.39367588932806324
11	0.31148192292411603	1.2853754940711462	0.038935240365514504	1.2853754940711462
0	0.6052840683353198	0.35	0.1354787445371474	0.17114624505928855
10	0.8392928088994835	0.6185770750988142	0.12753277711561384	0.1075098814229249
10	0.15574096146205801	0.6426877470355731	0.038935240365514504	0.04901185770750988
11	0.7695669447755265	0.19683794466403162	0.057210965435041714	0.0616600790513834
11	0.15574096146205801	0.6426877470355731	0.038935240365514504	0.04901185770750988
0	0.6052840683353198	0.35	0.1354787445371474	0.17114624505928855
10	0.8392928088994835	0.6185770750988142	0.12753277711561384	0.1075098814229249
11	0.7695669447755265	0.19683794466403162	0.057210965435041714	0.0616600790513834
