5	0.5904947916666666	0.8577473958333334	0.2545572916666667	0.8577473958333334
5	1.3922526041666667	0.9283854166666666	0.2060546875	0.9283854166666666
6	0.6722005208333334	0.8238932291666666	0.20540364583333334	0.8238932291666666
6	1.3720703125	0.8727213541666666	0.2060546875	0.8727213541666666
5	0.5904947916666666	0.8577473958333334	0.2545572916666667	0.8577473958333334
5	1.3922526041666667	0.9283854166666666	0.2060546875	0.9283854166666666
6	0.6722005208333334	0.8238932291666666	0.20540364583333334	0.8238932291666666
6	1.3720703125	0.8727213541666666	0.2060546875	0.8727213541666666
5	0.2952473958333333	0.4288736979166667	0.2545572916666667	0.3121744791666667
5	0.6961263020833334	0.4641927083333333	0.2060546875	0.2942708333333333
6	0.3361002604166667	0.4119466145833333	0.20540364583333334	0.2900390625
6	0.68603515625	0.4363606770833333	0.2060546875	0.2815755208333333
5	0.2952473958333333	0.4288736979166667	0.2545572916666667	0.3121744791666667
6	0.3361002604166667	0.4119466145833333	0.20540364583333334	0.2900390625
