3	1.0980158730158731	1.4327284105131415	0.43452380952380953	1.4327284105131415
11	1.207142857142857	0.4455569461827284	0.16746031746031745	0.4455569461827284
11	0.580952380952381	0.4655819774718398	0.18412698412698414	0.4655819774718398
0	1.0626984126984127	0.7906758448060075	0.12936507936507938	0.7906758448060075
3	1.0980158730158731	1.4327284105131415	0.43452380952380953	1.4327284105131415
11	1.207142857142857	0.4455569461827284	0.16746031746031745	0.4455569461827284
11	0.580952380952381	0.4655819774718398	0.18412698412698414	0.4655819774718398
0	1.0626984126984127	0.7906758448060075	0.12936507936507938	0.7906758448060075
3	0.5490079365079366	0.7163642052565707	0.43452380952380953	0.15738423028785983
11	0.6035714285714285	0.2227784730913642	0.16746031746031745	0.03254067584480601
11	0.2904761904761905	0.2327909887359199	0.18412698412698414	0.06570713391739674
0	0.5313492063492063	0.39533792240300375	0.12936507936507938	0.09167709637046308
3	0.5490079365079366	0.7163642052565707	0.43452380952380953	0.15738423028785983
2	0.5402777777777777	0.4012828535669587	0.11150793650793651	0.08291614518147684
11	0.6035714285714285	0.2227784730913642	0.16746031746031745	0.03254067584480601
0	0.5313492063492063	0.39533792240300375	0.12936507936507938	0.09167709637046308
