9	1.7793522267206479	0.6386088709677419	0.11538461538461539	0.6386088709677419
9	0.2899797570850202	0.780241935483871	0.08856275303643725	0.780241935483871
0	1.152834008097166	0.6824596774193549	0.1305668016194332	0.6824596774193549
8	0.5470647773279352	0.7943548387096774	0.05819838056680162	0.7943548387096774
2	1.7788461538461537	0.6134072580645161	0.1027327935222672	0.6134072580645161
2	0.29453441295546556	0.8931451612903226	0.029352226720647773	0.8931451612903226
2	0.3360323886639676	0.6935483870967742	0.04959514170040486	0.6935483870967742
3	1.2191295546558705	1.1869959677419355	0.4610323886639676	1.1869959677419355
9	1.7793522267206479	0.6386088709677419	0.11538461538461539	0.6386088709677419
9	0.2899797570850202	0.780241935483871	0.08856275303643725	0.780241935483871
0	1.152834008097166	0.6824596774193549	0.1305668016194332	0.6824596774193549
8	0.5470647773279352	0.7943548387096774	0.05819838056680162	0.7943548387096774
2	1.7788461538461537	0.6134072580645161	0.1027327935222672	0.6134072580645161
2	0.29453441295546556	0.8931451612903226	0.029352226720647773	0.8931451612903226
2	0.3360323886639676	0.6935483870967742	0.04959514170040486	0.6935483870967742
3	1.2191295546558705	1.1869959677419355	0.4610323886639676	1.1869959677419355
9	0.8896761133603239	0.31930443548387094	0.11538461538461539	0.17086693548387097
9	0.1449898785425101	0.3901209677419355	0.08856275303643725	0.14818548387096775
0	0.576417004048583	0.34122983870967744	0.1305668016194332	0.1280241935483871
8	0.2735323886639676	0.3971774193548387	0.05819838056680162	0.04435483870967742
2	0.8894230769230769	0.30670362903225806	0.1027327935222672	0.18901209677419356
2	0.14726720647773278	0.4465725806451613	0.029352226720647773	0.020161290322580645
2	0.1680161943319838	0.3467741935483871	0.04959514170040486	0.07459677419354839
3	0.6095647773279352	0.5934979838709677	0.4610323886639676	0.08518145161290322
9	0.8896761133603239	0.31930443548387094	0.11538461538461539	0.17086693548387097
0	0.576417004048583	0.34122983870967744	0.1305668016194332	0.1280241935483871
8	0.2735323886639676	0.3971774193548387	0.05819838056680162	0.04435483870967742
2	0.8894230769230769	0.30670362903225806	0.1027327935222672	0.18901209677419356
11	0.784665991902834	0.23865927419354838	0.03188259109311741	0.04788306451612903
3	0.6095647773279352	0.5934979838709677	0.4610323886639676	0.08518145161290322
