9	1.6045438409655661	1.3888221153846154	0.21370252041178558	1.3888221153846154
8	0.4909478168264111	0.5183293269230769	0.04011359602413916	0.5183293269230769
8	0.4355697550585729	1.2923677884615385	0.05005324813631523	1.2923677884615385
8	0.24565140220092296	1.4347956730769231	0.04401845935392261	1.4347956730769231
8	0.4927227547035854	1.1180889423076923	0.028399006034788784	1.1180889423076923
8	0.2761803336883209	1.2791466346153846	0.039048633297834576	1.2791466346153846
8	0.7614483493077743	1.2424879807692308	0.028044018459353923	1.2424879807692308
8	0.5910543130990416	0.7743389423076923	0.03727369542066028	0.7743389423076923
8	1.4366347177848775	1.2265625	0.022364217252396165	1.2265625
11	0.1995030173943912	1.5105168269230769	0.06886758963436279	1.5105168269230769
9	1.6045438409655661	1.3888221153846154	0.21370252041178558	1.3888221153846154
8	0.4909478168264111	0.5183293269230769	0.04011359602413916	0.5183293269230769
8	0.4355697550585729	1.2923677884615385	0.05005324813631523	1.2923677884615385
8	0.24565140220092296	1.4347956730769231	0.04401845935392261	1.4347956730769231
8	0.4927227547035854	1.1180889423076923	0.028399006034788784	1.1180889423076923
8	0.2761803336883209	1.2791466346153846	0.039048633297834576	1.2791466346153846
8	0.7614483493077743	1.2424879807692308	0.028044018459353923	1.2424879807692308
8	0.5910543130990416	0.7743389423076923	0.03727369542066028	0.7743389423076923
8	1.4366347177848775	1.2265625	0.022364217252396165	1.2265625
11	0.1995030173943912	1.5105168269230769	0.06886758963436279	1.5105168269230769
8	0.24547390841320554	0.25916466346153844	0.04011359602413916	0.033353365384615384
8	0.21778487752928646	0.6461838942307693	0.05005324813631523	0.035757211538461536
8	0.12282570110046148	0.7173978365384616	0.04401845935392261	0.038161057692307696
8	0.2463613773517927	0.5590444711538461	0.028399006034788784	0.024939903846153848
8	0.13809016684416045	0.6395733173076923	0.039048633297834576	0.07662259615384616
8	0.38072417465388714	0.6212439903846154	0.028044018459353923	0.030348557692307692
8	0.2955271565495208	0.38716947115384615	0.03727369542066028	0.038161057692307696
8	0.7183173588924388	0.61328125	0.022364217252396165	0.017427884615384616
11	0.0997515086971956	0.7552584134615384	0.06886758963436279	0.06099759615384615
9	0.8022719204827831	0.6944110576923077	0.21370252041178558	0.1219951923076923
9	0.8022719204827831	0.6944110576923077	0.21370252041178558	0.1219951923076923
10	0.11501597444089456	0.7381310096153846	0.11430599929002484	0.1180889423076923
8	0.24547390841320554	0.25916466346153844	0.04011359602413916	0.033353365384615384
11	0.0997515086971956	0.7552584134615384	0.06886758963436279	0.06099759615384615
2	0.12797302094426696	0.6672175480769231	0.06070287539936102	0.13972355769230768
