9	0.2552083333333333	0.9086805555555556	0.109375	0.9086805555555556
9	0.3923611111111111	0.5947916666666667	0.16666666666666666	0.5947916666666667
9	0.7699652777777778	0.734375	0.07378472222222222	0.734375
0	1.1284722222222223	0.6527777777777778	0.06770833333333333	0.6527777777777778
10	0.1232638888888889	1.4489583333333333	0.029513888888888888	1.4489583333333333
10	1.7339409722222223	1.4284722222222221	0.0646701388888889	1.4284722222222221
10	0.13151041666666666	1.445138888888889	0.05685763888888889	1.445138888888889
11	0.11458333333333333	1.4434027777777778	0.04600694444444445	1.4434027777777778
11	1.7339409722222223	1.4284722222222221	0.0646701388888889	1.4284722222222221
13	0.2786458333333333	0.95	0.07378472222222222	0.95
13	0.2777777777777778	0.8965277777777778	0.05642361111111111	0.8965277777777778
13	1.6419270833333333	1.2798611111111111	0.05251736111111111	1.2798611111111111
13	0.4674479166666667	1.1364583333333333	0.18446180555555555	1.1364583333333333
9	0.2552083333333333	0.9086805555555556	0.109375	0.9086805555555556
9	0.3923611111111111	0.5947916666666667	0.16666666666666666	0.5947916666666667
9	0.7699652777777778	0.734375	0.07378472222222222	0.734375
0	1.1284722222222223	0.6527777777777778	0.06770833333333333	0.6527777777777778
10	0.1232638888888889	1.4489583333333333	0.029513888888888888	1.4489583333333333
10	1.7339409722222223	1.4284722222222221	0.0646701388888889	1.4284722222222221
10	0.13151041666666666	1.445138888888889	0.05685763888888889	1.445138888888889
11	0.11458333333333333	1.4434027777777778	0.04600694444444445	1.4434027777777778
11	1.7339409722222223	1.4284722222222221	0.0646701388888889	1.4284722222222221
13	0.2786458333333333	0.95	0.07378472222222222	0.95
13	0.2777777777777778	0.8965277777777778	0.05642361111111111	0.8965277777777778
13	1.6419270833333333	1.2798611111111111	0.05251736111111111	1.2798611111111111
13	0.4674479166666667	1.1364583333333333	0.18446180555555555	1.1364583333333333
9	0.12760416666666666	0.4543402777777778	0.109375	0.04895833333333333
9	0.19618055555555555	0.29739583333333336	0.16666666666666666	0.16354166666666667
9	0.3849826388888889	0.3671875	0.07378472222222222	0.30104166666666665
0	0.5642361111111112	0.3263888888888889	0.06770833333333333	0.05763888888888889
10	0.06163194444444445	0.7244791666666667	0.029513888888888888	0.033680555555555554
10	0.8669704861111112	0.7142361111111111	0.0646701388888889	0.09166666666666666
10	0.06575520833333333	0.7225694444444445	0.05685763888888889	0.07847222222222222
11	0.057291666666666664	0.7217013888888889	0.04600694444444445	0.04479166666666667
11	0.8669704861111112	0.7142361111111111	0.0646701388888889	0.09166666666666666
13	0.13932291666666666	0.475	0.07378472222222222	0.009027777777777777
13	0.1388888888888889	0.4482638888888889	0.05642361111111111	0.013194444444444444
13	0.8209635416666666	0.6399305555555556	0.05251736111111111	0.022916666666666665
13	0.23372395833333334	0.5682291666666667	0.18446180555555555	0.12256944444444444
10	0.06163194444444445	0.7244791666666667	0.029513888888888888	0.033680555555555554
11	0.057291666666666664	0.7217013888888889	0.04600694444444445	0.04479166666666667
7	0.23372395833333334	0.5682291666666667	0.18446180555555555	0.12256944444444444
13	0.13932291666666666	0.475	0.07378472222222222	0.009027777777777777
9	0.12760416666666666	0.4543402777777778	0.109375	0.04895833333333333
0	0.5642361111111112	0.3263888888888889	0.06770833333333333	0.05763888888888889
