3	0.9735243055555556	1.146875	0.3875868055555556	1.146875
2	0.3446180555555556	1.2649305555555554	0.0703125	1.2649305555555554
0	1.0455729166666667	0.7305555555555555	0.12196180555555555	0.7305555555555555
3	0.9735243055555556	1.146875	0.3875868055555556	1.146875
2	0.3446180555555556	1.2649305555555554	0.0703125	1.2649305555555554
0	1.0455729166666667	0.7305555555555555	0.12196180555555555	0.7305555555555555
3	0.4867621527777778	0.5734375	0.3875868055555556	0.10451388888888889
2	0.1723090277777778	0.6324652777777777	0.0703125	0.08576388888888889
0	0.5227864583333334	0.36527777777777776	0.12196180555555555	0.13055555555555556
3	0.4867621527777778	0.5734375	0.3875868055555556	0.10451388888888889
2	0.1723090277777778	0.6324652777777777	0.0703125	0.08576388888888889
0	0.5227864583333334	0.36527777777777776	0.12196180555555555	0.13055555555555556
9	0.16276041666666666	0.6296875	0.0798611111111111	0.09618055555555556
