13	1.1940944881889763	0.3515625	0.07047244094488189	0.3515625
5	1.544488188976378	1.0983072916666667	0.17913385826771652	1.0983072916666667
5	0.4515748031496063	1.033203125	0.18385826771653543	1.033203125
13	1.1940944881889763	0.3515625	0.07047244094488189	0.3515625
5	1.544488188976378	1.0983072916666667	0.17913385826771652	1.0983072916666667
5	0.4515748031496063	1.033203125	0.18385826771653543	1.033203125
13	0.5970472440944882	0.17578125	0.07047244094488189	0.054036458333333336
5	0.772244094488189	0.5491536458333334	0.17913385826771652	0.345703125
5	0.22578740157480315	0.5166015625	0.18385826771653543	0.4095052083333333
13	0.5970472440944882	0.17578125	0.07047244094488189	0.054036458333333336
5	0.772244094488189	0.5491536458333334	0.17913385826771652	0.345703125
9	0.6072834645669292	0.17236328125	0.07755905511811023	0.0537109375
