11	1.7382742570712495	1.6216466234967624	0.06623702112423917	1.6216466234967624
11	1.2993197278911566	0.3068146777674992	0.12996777658431793	0.3068146777674992
13	0.4590046544933763	0.7258711069996916	0.09953455066237021	0.7258711069996916
13	0.7697815968492661	0.8325624421831638	0.08020050125313283	0.8325624421831638
13	0.7790905836018618	1.0175763182238668	0.06587898317221626	1.0175763182238668
10	1.7382742570712495	1.6216466234967624	0.06623702112423917	1.6216466234967624
11	1.7382742570712495	1.6216466234967624	0.06623702112423917	1.6216466234967624
11	1.2993197278911566	0.3068146777674992	0.12996777658431793	0.3068146777674992
13	0.4590046544933763	0.7258711069996916	0.09953455066237021	0.7258711069996916
13	0.7697815968492661	0.8325624421831638	0.08020050125313283	0.8325624421831638
13	0.7790905836018618	1.0175763182238668	0.06587898317221626	1.0175763182238668
10	1.7382742570712495	1.6216466234967624	0.06623702112423917	1.6216466234967624
11	0.8691371285356247	0.8108233117483812	0.06623702112423917	0.08294788775824853
11	0.6496598639455783	0.1534073388837496	0.12996777658431793	0.03299414122725871
13	0.22950232724668815	0.3629355534998458	0.09953455066237021	0.04687018193031144
13	0.38489079842463303	0.4162812210915819	0.08020050125313283	0.03700277520814061
13	0.3895452918009309	0.5087881591119334	0.06587898317221626	0.028985507246376812
10	0.8691371285356247	0.8108233117483812	0.06623702112423917	0.08294788775824853
11	0.8691371285356247	0.8108233117483812	0.06623702112423917	0.08294788775824853
13	0.22950232724668815	0.3629355534998458	0.09953455066237021	0.04687018193031144
10	0.8691371285356247	0.8108233117483812	0.06623702112423917	0.08294788775824853
0	0.5605084138918726	0.31267345050878814	0.10490511994271393	0.11224175146469319
5	0.24131757966344433	0.5846438482886216	0.16040100250626566	0.3071230342275671
