8	1.3420138888888888	0.7225694444444445	0.15364583333333334	0.7225694444444445
12	1.2803819444444444	0.41458333333333336	0.1918402777777778	0.41458333333333336
12	1.6770833333333333	1.5260416666666667	0.05295138888888889	1.5260416666666667
11	1.4626736111111112	0.4600694444444444	0.109375	0.4600694444444444
11	1.6770833333333333	1.5260416666666667	0.05295138888888889	1.5260416666666667
9	1.5768229166666667	0.7177083333333333	0.41796875	0.7177083333333333
9	1.4288194444444444	0.18541666666666667	0.2682291666666667	0.18541666666666667
9	1.7408854166666667	0.921875	0.06553819444444445	0.921875
13	0.5091145833333334	0.778125	0.07161458333333333	0.778125
13	0.3051215277777778	1.0034722222222223	0.06987847222222222	1.0034722222222223
8	1.3420138888888888	0.7225694444444445	0.15364583333333334	0.7225694444444445
12	1.2803819444444444	0.41458333333333336	0.1918402777777778	0.41458333333333336
12	1.6770833333333333	1.5260416666666667	0.05295138888888889	1.5260416666666667
11	1.4626736111111112	0.4600694444444444	0.109375	0.4600694444444444
11	1.6770833333333333	1.5260416666666667	0.05295138888888889	1.5260416666666667
9	1.5768229166666667	0.7177083333333333	0.41796875	0.7177083333333333
9	1.4288194444444444	0.18541666666666667	0.2682291666666667	0.18541666666666667
9	1.7408854166666667	0.921875	0.06553819444444445	0.921875
13	0.5091145833333334	0.778125	0.07161458333333333	0.778125
13	0.3051215277777778	1.0034722222222223	0.06987847222222222	1.0034722222222223
8	0.6710069444444444	0.36128472222222224	0.15364583333333334	0.11493055555555555
12	0.6401909722222222	0.20729166666666668	0.1918402777777778	0.05555555555555555
12	0.8385416666666666	0.7630208333333334	0.05295138888888889	0.06076388888888889
11	0.7313368055555556	0.2300347222222222	0.109375	0.08645833333333333
11	0.8385416666666666	0.7630208333333334	0.05295138888888889	0.06076388888888889
9	0.7884114583333334	0.35885416666666664	0.41796875	0.715625
9	0.7144097222222222	0.09270833333333334	0.2682291666666667	0.17916666666666667
9	0.8704427083333334	0.4609375	0.06553819444444445	0.4690972222222222
13	0.2545572916666667	0.3890625	0.07161458333333333	0.03090277777777778
13	0.1525607638888889	0.5017361111111112	0.06987847222222222	0.029166666666666667
9	0.7884114583333334	0.35885416666666664	0.41796875	0.715625
13	0.2545572916666667	0.3890625	0.07161458333333333	0.03090277777777778
8	0.6710069444444444	0.36128472222222224	0.15364583333333334	0.11493055555555555
12	0.6401909722222222	0.20729166666666668	0.1918402777777778	0.05555555555555555
11	0.7313368055555556	0.2300347222222222	0.109375	0.08645833333333333
