10	1.5074404761904763	1.0919384057971016	0.3333333333333333	1.0919384057971016
7	0.7295386904761905	1.727355072463768	0.18861607142857142	1.727355072463768
7	1.5074404761904763	1.0919384057971016	0.3333333333333333	1.0919384057971016
10	1.5074404761904763	1.0919384057971016	0.3333333333333333	1.0919384057971016
7	0.7295386904761905	1.727355072463768	0.18861607142857142	1.727355072463768
7	1.5074404761904763	1.0919384057971016	0.3333333333333333	1.0919384057971016
10	0.7537202380952381	0.5459692028985508	0.3333333333333333	0.6091485507246377
7	0.36476934523809523	0.863677536231884	0.18861607142857142	0.1621376811594203
7	0.7537202380952381	0.5459692028985508	0.3333333333333333	0.6091485507246377
10	0.7537202380952381	0.5459692028985508	0.3333333333333333	0.6091485507246377
9	0.3431919642857143	0.8351449275362319	0.12686011904761904	0.1911231884057971
7	0.36476934523809523	0.863677536231884	0.18861607142857142	0.1621376811594203
