3	1.077538247566064	1.3006711409395972	0.4210709318497914	1.3006711409395972
0	1.1171766342141864	0.6855704697986578	0.1213490959666203	0.6855704697986578
11	0.6797635605006954	0.37986577181208053	0.17002781641168288	0.37986577181208053
11	0.22635605006954104	1.4583892617449665	0.04415855354659249	1.4583892617449665
11	1.1418636995827538	0.3483221476510067	0.06328233657858136	0.3483221476510067
3	1.077538247566064	1.3006711409395972	0.4210709318497914	1.3006711409395972
0	1.1171766342141864	0.6855704697986578	0.1213490959666203	0.6855704697986578
11	0.6797635605006954	0.37986577181208053	0.17002781641168288	0.37986577181208053
11	0.22635605006954104	1.4583892617449665	0.04415855354659249	1.4583892617449665
11	1.1418636995827538	0.3483221476510067	0.06328233657858136	0.3483221476510067
11	0.3398817802503477	0.18993288590604027	0.17002781641168288	0.06241610738255034
11	0.11317802503477052	0.7291946308724833	0.04415855354659249	0.0436241610738255
11	0.5709318497913769	0.17416107382550336	0.06328233657858136	0.05167785234899329
3	0.538769123783032	0.6503355704697986	0.4210709318497914	0.17181208053691274
0	0.5585883171070932	0.3427852348993289	0.1213490959666203	0.12986577181208053
3	0.538769123783032	0.6503355704697986	0.4210709318497914	0.17181208053691274
0	0.5585883171070932	0.3427852348993289	0.1213490959666203	0.12986577181208053
11	0.3398817802503477	0.18993288590604027	0.17002781641168288	0.06241610738255034
13	0.25869262865090403	0.6060402684563758	0.11543810848400557	0.07516778523489932
10	0.11317802503477052	0.7291946308724833	0.04415855354659249	0.0436241610738255
