8	0.42839805825242716	1.3596522998913436	0.0732200647249191	1.3596522998913436
8	0.6080097087378641	0.8500543281419776	0.0877831715210356	0.8500543281419776
8	0.5606796116504854	0.9438609199565375	0.11326860841423948	0.9438609199565375
8	0.42839805825242716	1.3596522998913436	0.0732200647249191	1.3596522998913436
8	0.6080097087378641	0.8500543281419776	0.0877831715210356	0.8500543281419776
8	0.5606796116504854	0.9438609199565375	0.11326860841423948	0.9438609199565375
8	0.21419902912621358	0.6798261499456718	0.0732200647249191	0.0796812749003984
8	0.30400485436893204	0.4250271640709888	0.0877831715210356	0.14016660630206446
8	0.2803398058252427	0.47193045997826877	0.11326860841423948	0.08113002535313292
8	0.21419902912621358	0.6798261499456718	0.0732200647249191	0.0796812749003984
