13	1.4573567708333333	1.0953776041666667	0.06477864583333333	1.0953776041666667
13	1.4114583333333333	1.12109375	0.11458333333333333	1.12109375
3	1.0807291666666667	1.1666666666666667	0.4140625	1.1666666666666667
0	1.1067708333333333	0.6103515625	0.115234375	0.6103515625
13	1.4573567708333333	1.0953776041666667	0.06477864583333333	1.0953776041666667
13	1.4114583333333333	1.12109375	0.11458333333333333	1.12109375
3	1.0807291666666667	1.1666666666666667	0.4140625	1.1666666666666667
0	1.1067708333333333	0.6103515625	0.115234375	0.6103515625
0	0.5533854166666666	0.30517578125	0.115234375	0.12076822916666667
13	0.7286783854166666	0.5476888020833334	0.06477864583333333	0.015950520833333332
13	0.7057291666666666	0.560546875	0.11458333333333333	0.048828125
3	0.5403645833333334	0.5833333333333334	0.4140625	0.09505208333333333
13	0.7286783854166666	0.5476888020833334	0.06477864583333333	0.015950520833333332
3	0.5403645833333334	0.5833333333333334	0.4140625	0.09505208333333333
0	0.5533854166666666	0.30517578125	0.115234375	0.12076822916666667
10	0.7942708333333334	0.6500651041666666	0.050130208333333336	0.06380208333333333
11	0.7942708333333334	0.6500651041666666	0.050130208333333336	0.06380208333333333
