13	0.738755980861244	0.5295302013422819	0.13588516746411483	0.5295302013422819
13	0.641786283891547	0.6298657718120806	0.23732057416267943	0.6298657718120806
13	0.5751196172248804	0.36711409395973155	0.013716108452950558	0.36711409395973155
13	0.49633173843700157	0.8721476510067114	0.13843700159489633	0.8721476510067114
13	1.5263157894736843	0.5040268456375839	0.13556618819776714	0.5040268456375839
8	0.6634768740031898	0.9006711409395973	0.21116427432216905	0.9006711409395973
8	0.6063795853269538	1.3466442953020135	0.014992025518341308	1.3466442953020135
8	0.8086124401913876	1.2748322147651008	0.014992025518341308	1.2748322147651008
13	0.738755980861244	0.5295302013422819	0.13588516746411483	0.5295302013422819
13	0.641786283891547	0.6298657718120806	0.23732057416267943	0.6298657718120806
13	0.5751196172248804	0.36711409395973155	0.013716108452950558	0.36711409395973155
13	0.49633173843700157	0.8721476510067114	0.13843700159489633	0.8721476510067114
13	1.5263157894736843	0.5040268456375839	0.13556618819776714	0.5040268456375839
8	0.6634768740031898	0.9006711409395973	0.21116427432216905	0.9006711409395973
8	0.6063795853269538	1.3466442953020135	0.014992025518341308	1.3466442953020135
8	0.8086124401913876	1.2748322147651008	0.014992025518341308	1.2748322147651008
13	0.369377990430622	0.26476510067114095	0.13588516746411483	0.1697986577181208
13	0.3208931419457735	0.3149328859060403	0.23732057416267943	0.34060402684563756
13	0.2875598086124402	0.18355704697986577	0.013716108452950558	0.049664429530201344
13	0.24816586921850078	0.4360738255033557	0.13843700159489633	0.035906040268456375
13	0.7631578947368421	0.25201342281879197	0.13556618819776714	0.18791946308724833
8	0.3317384370015949	0.45033557046979866	0.21116427432216905	0.1040268456375839
8	0.3031897926634769	0.6733221476510067	0.014992025518341308	0.017114093959731545
8	0.4043062200956938	0.6374161073825504	0.014992025518341308	0.011073825503355705
13	0.369377990430622	0.26476510067114095	0.13588516746411483	0.1697986577181208
8	0.3317384370015949	0.45033557046979866	0.21116427432216905	0.1040268456375839
