13	0.7125984251968503	0.4453125	0.03937007874015748	0.4453125
13	1.2283464566929134	0.46875	0.05275590551181102	0.46875
0	1.0929133858267717	0.76953125	0.1141732283464567	0.76953125
11	1.354724409448819	0.3802083333333333	0.07992125984251969	0.3802083333333333
11	0.531496062992126	0.3828125	0.07559055118110236	0.3828125
13	0.7125984251968503	0.4453125	0.03937007874015748	0.4453125
13	1.2283464566929134	0.46875	0.05275590551181102	0.46875
0	1.0929133858267717	0.76953125	0.1141732283464567	0.76953125
11	1.354724409448819	0.3802083333333333	0.07992125984251969	0.3802083333333333
11	0.531496062992126	0.3828125	0.07559055118110236	0.3828125
13	0.3562992125984252	0.22265625	0.03937007874015748	0.059895833333333336
13	0.6141732283464567	0.234375	0.05275590551181102	0.06640625
0	0.5464566929133858	0.384765625	0.1141732283464567	0.119140625
11	0.6773622047244094	0.19010416666666666	0.07992125984251969	0.029947916666666668
11	0.265748031496063	0.19140625	0.07559055118110236	0.048828125
13	0.3562992125984252	0.22265625	0.03937007874015748	0.059895833333333336
0	0.5464566929133858	0.384765625	0.1141732283464567	0.119140625
11	0.6773622047244094	0.19010416666666666	0.07992125984251969	0.029947916666666668
