11	0.7178841309823678	0.43130379343321645	0.23569629363080244	0.43130379343321645
11	0.6264843468873695	0.7009882052916799	0.17092479309103994	0.7009882052916799
2	1.6236056135300467	1.007969397513548	0.17632241813602015	1.007969397513548
2	0.6264843468873695	0.7009882052916799	0.17092479309103994	0.7009882052916799
13	1.6236056135300467	1.007969397513548	0.17632241813602015	1.007969397513548
13	0.6523929471032746	0.7357347784507491	0.16732637639438647	0.7357347784507491
13	0.6329614969413458	1.4287535862288812	0.10687297589060814	1.4287535862288812
11	0.7178841309823678	0.43130379343321645	0.23569629363080244	0.43130379343321645
11	0.6264843468873695	0.7009882052916799	0.17092479309103994	0.7009882052916799
2	1.6236056135300467	1.007969397513548	0.17632241813602015	1.007969397513548
2	0.6264843468873695	0.7009882052916799	0.17092479309103994	0.7009882052916799
13	1.6236056135300467	1.007969397513548	0.17632241813602015	1.007969397513548
13	0.6523929471032746	0.7357347784507491	0.16732637639438647	0.7357347784507491
13	0.6329614969413458	1.4287535862288812	0.10687297589060814	1.4287535862288812
11	0.3589420654911839	0.21565189671660823	0.23569629363080244	0.08128785463818936
11	0.31324217344368477	0.35049410264583997	0.17092479309103994	0.1775581766018489
2	0.8118028067650234	0.503984698756774	0.17632241813602015	0.22186802677717565
2	0.31324217344368477	0.35049410264583997	0.17092479309103994	0.1775581766018489
13	0.8118028067650234	0.503984698756774	0.17632241813602015	0.22186802677717565
13	0.3261964735516373	0.36786738922537454	0.16732637639438647	0.1389862926362767
13	0.3164807484706729	0.7143767931144406	0.10687297589060814	0.21549250876633727
13	0.8118028067650234	0.503984698756774	0.17632241813602015	0.22186802677717565
0	0.5750269881252249	0.37392413133567104	0.11442965095358043	0.12814791201785145
11	0.3589420654911839	0.21565189671660823	0.23569629363080244	0.08128785463818936
2	0.8118028067650234	0.503984698756774	0.17632241813602015	0.22186802677717565
8	0.8096437567470313	0.4905961109340134	0.18064051817200433	0.2575709276378706
7	0.3589420654911839	0.21565189671660823	0.23569629363080244	0.08128785463818936
