0	1.0947265625	0.5533854166666666	0.06282552083333333	0.5533854166666666
9	0.6110026041666666	0.6243489583333334	0.0556640625	0.6243489583333334
0	1.0947265625	0.5533854166666666	0.06282552083333333	0.5533854166666666
9	0.6110026041666666	0.6243489583333334	0.0556640625	0.6243489583333334
0	0.54736328125	0.2766927083333333	0.06282552083333333	0.078125
9	0.3055013020833333	0.3121744791666667	0.0556640625	0.030598958333333332
8	0.3035481770833333	0.3134765625	0.0576171875	0.020182291666666668
0	0.54736328125	0.2766927083333333	0.06282552083333333	0.078125
13	0.3068033854166667	0.3133138020833333	0.058268229166666664	0.030924479166666668
9	0.3055013020833333	0.3121744791666667	0.0556640625	0.030598958333333332
2	0.3035481770833333	0.3134765625	0.0576171875	0.020182291666666668
