5	1.4995523724261415	1.1580143993937098	0.3052820053715309	1.1580143993937098
5	0.6154879140555058	1.0977643046608563	0.3675022381378693	1.0977643046608563
5	1.6723366159355417	1.544145509662751	0.1521933751119069	1.544145509662751
5	1.4995523724261415	1.1580143993937098	0.3052820053715309	1.1580143993937098
5	0.6154879140555058	1.0977643046608563	0.3675022381378693	1.0977643046608563
5	1.6723366159355417	1.544145509662751	0.1521933751119069	1.544145509662751
5	0.7497761862130707	0.5790071996968549	0.3052820053715309	0.5032209170140205
5	0.3077439570277529	0.5488821523304281	0.3675022381378693	0.5846911708980674
5	0.8361683079677709	0.7720727548313755	0.1521933751119069	0.10496400151572566
5	0.7497761862130707	0.5790071996968549	0.3052820053715309	0.5032209170140205
1	0.7804386750223814	0.7811671087533156	0.27797672336615936	0.12239484653277757
13	0.41539838854073413	0.17506631299734748	0.10116383169203223	0.09094353921940129
