11	0.6921487603305785	0.34807073954983925	0.12603305785123967	0.34807073954983925
11	1.6699380165289257	1.8058681672025723	0.061466942148760334	1.8058681672025723
11	1.7314049586776858	1.7805466237942122	0.04855371900826446	1.7805466237942122
11	1.287706611570248	0.3163183279742765	0.13481404958677687	0.3163183279742765
8	1.6394628099173554	0.7536173633440515	0.007231404958677686	0.7536173633440515
8	1.6162190082644627	0.8251607717041801	0.005681818181818182	0.8251607717041801
8	1.6322314049586777	0.7930064308681672	0.010330578512396695	0.7930064308681672
8	1.6120867768595042	1.3983118971061093	0.17510330578512398	1.3983118971061093
13	0.547004132231405	0.7737138263665595	0.24431818181818182	0.7737138263665595
13	1.6120867768595042	1.3983118971061093	0.17510330578512398	1.3983118971061093
13	1.5041322314049588	1.3770096463022508	0.18078512396694216	1.3770096463022508
13	0.23450413223140495	1.8131028938906752	0.03305785123966942	1.8131028938906752
13	0.4643595041322314	1.2311093247588425	0.22055785123966942	1.2311093247588425
13	0.7252066115702479	0.4533762057877814	0.07231404958677685	0.4533762057877814
13	0.5139462809917356	1.0	0.36105371900826444	1.0
13	1.4462809917355373	0.5092443729903537	0.04132231404958678	0.5092443729903537
6	0.48140495867768596	1.227491961414791	0.23553719008264462	1.227491961414791
6	1.5568181818181819	1.0140675241157557	0.19111570247933884	1.0140675241157557
6	0.5139462809917356	1.0	0.36105371900826444	1.0
6	1.5041322314049588	1.3770096463022508	0.18078512396694216	1.3770096463022508
5	0.48140495867768596	1.227491961414791	0.23553719008264462	1.227491961414791
5	0.547004132231405	0.7737138263665595	0.24431818181818182	0.7737138263665595
5	1.553202479338843	1.245176848874598	0.2556818181818182	1.245176848874598
11	0.6921487603305785	0.34807073954983925	0.12603305785123967	0.34807073954983925
11	1.6699380165289257	1.8058681672025723	0.061466942148760334	1.8058681672025723
11	1.7314049586776858	1.7805466237942122	0.04855371900826446	1.7805466237942122
11	1.287706611570248	0.3163183279742765	0.13481404958677687	0.3163183279742765
8	1.6394628099173554	0.7536173633440515	0.007231404958677686	0.7536173633440515
8	1.6162190082644627	0.8251607717041801	0.005681818181818182	0.8251607717041801
8	1.6322314049586777	0.7930064308681672	0.010330578512396695	0.7930064308681672
8	1.6120867768595042	1.3983118971061093	0.17510330578512398	1.3983118971061093
13	0.547004132231405	0.7737138263665595	0.24431818181818182	0.7737138263665595
13	1.6120867768595042	1.3983118971061093	0.17510330578512398	1.3983118971061093
13	1.5041322314049588	1.3770096463022508	0.18078512396694216	1.3770096463022508
13	0.23450413223140495	1.8131028938906752	0.03305785123966942	1.8131028938906752
13	0.4643595041322314	1.2311093247588425	0.22055785123966942	1.2311093247588425
13	0.7252066115702479	0.4533762057877814	0.07231404958677685	0.4533762057877814
13	0.5139462809917356	1.0	0.36105371900826444	1.0
13	1.4462809917355373	0.5092443729903537	0.04132231404958678	0.5092443729903537
6	0.48140495867768596	1.227491961414791	0.23553719008264462	1.227491961414791
6	1.5568181818181819	1.0140675241157557	0.19111570247933884	1.0140675241157557
6	0.5139462809917356	1.0	0.36105371900826444	1.0
6	1.5041322314049588	1.3770096463022508	0.18078512396694216	1.3770096463022508
5	0.48140495867768596	1.227491961414791	0.23553719008264462	1.227491961414791
5	0.547004132231405	0.7737138263665595	0.24431818181818182	0.7737138263665595
5	1.553202479338843	1.245176848874598	0.2556818181818182	1.245176848874598
11	0.34607438016528924	0.17403536977491962	0.12603305785123967	0.0594855305466238
11	0.8349690082644629	0.9029340836012861	0.061466942148760334	0.05265273311897106
11	0.8657024793388429	0.8902733118971061	0.04855371900826446	0.11495176848874598
11	0.643853305785124	0.15815916398713825	0.13481404958677687	0.03255627009646302
8	0.8197314049586777	0.37680868167202575	0.007231404958677686	0.007636655948553055
8	0.8081095041322314	0.41258038585209006	0.005681818181818182	0.007636655948553055
8	0.8161157024793388	0.3965032154340836	0.010330578512396695	0.007636655948553055
8	0.8060433884297521	0.6991559485530546	0.17510330578512398	0.10651125401929261
13	0.2735020661157025	0.38685691318327975	0.24431818181818182	0.14991961414790997
13	0.8060433884297521	0.6991559485530546	0.17510330578512398	0.10651125401929261
13	0.7520661157024794	0.6885048231511254	0.18078512396694216	0.24758842443729903
13	0.11725206611570248	0.9065514469453376	0.03305785123966942	0.06872990353697749
13	0.2321797520661157	0.6155546623794212	0.22055785123966942	0.2528135048231511
13	0.36260330578512395	0.2266881028938907	0.07231404958677685	0.06832797427652733
13	0.2569731404958678	0.5	0.36105371900826444	0.6591639871382636
13	0.7231404958677686	0.25462218649517687	0.04132231404958678	0.0655144694533762
6	0.24070247933884298	0.6137459807073955	0.23553719008264462	0.27813504823151125
6	0.7784090909090909	0.5070337620578779	0.19111570247933884	0.26808681672025725
6	0.2569731404958678	0.5	0.36105371900826444	0.6591639871382636
6	0.7520661157024794	0.6885048231511254	0.18078512396694216	0.24758842443729903
5	0.24070247933884298	0.6137459807073955	0.23553719008264462	0.27813504823151125
5	0.2735020661157025	0.38685691318327975	0.24431818181818182	0.14991961414790997
5	0.7766012396694215	0.622588424437299	0.2556818181818182	0.3979099678456592
11	0.34607438016528924	0.17403536977491962	0.12603305785123967	0.0594855305466238
8	0.8197314049586777	0.37680868167202575	0.007231404958677686	0.007636655948553055
13	0.2735020661157025	0.38685691318327975	0.24431818181818182	0.14991961414790997
6	0.24070247933884298	0.6137459807073955	0.23553719008264462	0.27813504823151125
5	0.24070247933884298	0.6137459807073955	0.23553719008264462	0.27813504823151125
10	0.8657024793388429	0.8902733118971061	0.04855371900826446	0.11495176848874598
