3	1.197265625	1.2825520833333333	0.3411458333333333	1.2825520833333333
0	1.099609375	0.7545572916666666	0.115234375	0.7545572916666666
5	0.6194661458333334	1.0185546875	0.19108072916666666	1.0185546875
5	1.4156901041666667	0.8512369791666666	0.1455078125	0.8512369791666666
3	1.197265625	1.2825520833333333	0.3411458333333333	1.2825520833333333
0	1.099609375	0.7545572916666666	0.115234375	0.7545572916666666
5	0.6194661458333334	1.0185546875	0.19108072916666666	1.0185546875
5	1.4156901041666667	0.8512369791666666	0.1455078125	0.8512369791666666
3	0.5986328125	0.6412760416666666	0.3411458333333333	0.14778645833333334
0	0.5498046875	0.3772786458333333	0.115234375	0.13216145833333334
5	0.3097330729166667	0.50927734375	0.19108072916666666	0.4052734375
5	0.7078450520833334	0.4256184895833333	0.1455078125	0.2639973958333333
3	0.5986328125	0.6412760416666666	0.3411458333333333	0.14778645833333334
0	0.5498046875	0.3772786458333333	0.115234375	0.13216145833333334
5	0.3097330729166667	0.50927734375	0.19108072916666666	0.4052734375
