11	0.829916476841306	0.31096681096681095	0.04859529233105543	0.31096681096681095
11	1.2828397873955961	0.32792207792207795	0.06264236902050115	0.32792207792207795
0	1.2312072892938497	0.6987734487734488	0.10971905846621109	0.6987734487734488
3	1.1571753986332574	1.5725108225108224	0.3955960516324981	1.5725108225108224
11	0.829916476841306	0.31096681096681095	0.04859529233105543	0.31096681096681095
11	1.2828397873955961	0.32792207792207795	0.06264236902050115	0.32792207792207795
0	1.2312072892938497	0.6987734487734488	0.10971905846621109	0.6987734487734488
3	1.1571753986332574	1.5725108225108224	0.3955960516324981	1.5725108225108224
0	0.6156036446469249	0.3493867243867244	0.10971905846621109	0.1497113997113997
3	0.5785876993166287	0.7862554112554112	0.3955960516324981	0.12950937950937952
11	0.414958238420653	0.15548340548340547	0.04859529233105543	0.015151515151515152
11	0.6414198936977981	0.16396103896103897	0.06264236902050115	0.021284271284271284
11	0.414958238420653	0.15548340548340547	0.04859529233105543	0.015151515151515152
0	0.6156036446469249	0.3493867243867244	0.10971905846621109	0.1497113997113997
3	0.5785876993166287	0.7862554112554112	0.3955960516324981	0.12950937950937952
13	0.3310554290053151	0.7074314574314574	0.14882308276385725	0.13636363636363635
