6	1.3888888888888888	1.0486111111111112	0.1684027777777778	1.0486111111111112
7	1.3888888888888888	1.0486111111111112	0.1684027777777778	1.0486111111111112
7	0.7955729166666666	0.5670138888888889	0.09418402777777778	0.5670138888888889
6	1.3888888888888888	1.0486111111111112	0.1684027777777778	1.0486111111111112
7	1.3888888888888888	1.0486111111111112	0.1684027777777778	1.0486111111111112
7	0.7955729166666666	0.5670138888888889	0.09418402777777778	0.5670138888888889
6	0.6944444444444444	0.5243055555555556	0.1684027777777778	0.17222222222222222
7	0.6944444444444444	0.5243055555555556	0.1684027777777778	0.17222222222222222
7	0.3977864583333333	0.28350694444444446	0.09418402777777778	0.2065972222222222
6	0.6944444444444444	0.5243055555555556	0.1684027777777778	0.17222222222222222
4	0.7180989583333334	0.5274305555555555	0.23741319444444445	0.23541666666666666
7	0.6944444444444444	0.5243055555555556	0.1684027777777778	0.17222222222222222
