7	0.44277000358808755	1.507116104868914	0.077502691065662	1.507116104868914
7	1.2938643702906352	0.7621722846441947	0.21528525296017223	0.7621722846441947
7	0.5166846071044133	1.443071161048689	0.14998205956225333	1.443071161048689
8	1.274129888769286	0.7838951310861423	0.2565482597775386	0.7838951310861423
11	1.7434517402224614	1.5853932584269663	0.03839253677789738	1.5853932584269663
11	0.23179045568711876	1.5782771535580524	0.06099748833871547	1.5782771535580524
10	1.7434517402224614	1.5853932584269663	0.03839253677789738	1.5853932584269663
10	0.22676713311804808	1.60187265917603	0.05956225331898098	1.60187265917603
10	1.6214567635450305	1.6280898876404495	0.1496232508073197	1.6280898876404495
10	0.36598493003229277	1.6344569288389512	0.19232149264442053	1.6344569288389512
7	0.44277000358808755	1.507116104868914	0.077502691065662	1.507116104868914
7	1.2938643702906352	0.7621722846441947	0.21528525296017223	0.7621722846441947
7	0.5166846071044133	1.443071161048689	0.14998205956225333	1.443071161048689
8	1.274129888769286	0.7838951310861423	0.2565482597775386	0.7838951310861423
11	1.7434517402224614	1.5853932584269663	0.03839253677789738	1.5853932584269663
11	0.23179045568711876	1.5782771535580524	0.06099748833871547	1.5782771535580524
10	1.7434517402224614	1.5853932584269663	0.03839253677789738	1.5853932584269663
10	0.22676713311804808	1.60187265917603	0.05956225331898098	1.60187265917603
10	1.6214567635450305	1.6280898876404495	0.1496232508073197	1.6280898876404495
10	0.36598493003229277	1.6344569288389512	0.19232149264442053	1.6344569288389512
7	0.22138500179404377	0.753558052434457	0.077502691065662	0.08389513108614233
7	0.6469321851453176	0.38108614232209737	0.21528525296017223	0.2842696629213483
7	0.25834230355220666	0.7215355805243445	0.14998205956225333	0.1441947565543071
8	0.637064944384643	0.39194756554307114	0.2565482597775386	0.2812734082397004
11	0.8717258701112307	0.7926966292134832	0.03839253677789738	0.07153558052434457
11	0.11589522784355938	0.7891385767790262	0.06099748833871547	0.0853932584269663
10	0.8717258701112307	0.7926966292134832	0.03839253677789738	0.07153558052434457
10	0.11338356655902404	0.800936329588015	0.05956225331898098	0.1052434456928839
10	0.8107283817725153	0.8140449438202247	0.1496232508073197	0.05355805243445693
10	0.18299246501614638	0.8172284644194756	0.19232149264442053	0.07565543071161049
3	0.5444922856117689	0.7172284644194756	0.46968066020810906	0.19250936329588014
10	0.8717258701112307	0.7926966292134832	0.03839253677789738	0.07153558052434457
4	0.6578758521707929	0.3707865168539326	0.19842124147829207	0.2389513108614232
7	0.22138500179404377	0.753558052434457	0.077502691065662	0.08389513108614233
8	0.637064944384643	0.39194756554307114	0.2565482597775386	0.2812734082397004
11	0.8717258701112307	0.7926966292134832	0.03839253677789738	0.07153558052434457
