13	0.3032532920216886	0.8315727699530516	0.10418280402788536	0.8315727699530516
13	0.4721146398140976	0.48063380281690143	0.06003098373353989	0.48063380281690143
13	1.4198295894655306	0.6563967136150235	0.20526723470178157	0.6563967136150235
13	0.3439194422927963	0.7922535211267606	0.08133230054221534	0.7922535211267606
13	0.6510457010069713	0.795481220657277	0.13051897753679317	0.795481220657277
13	0.56855151045701	0.5980046948356808	0.09217660728117738	0.5980046948356808
13	0.2738187451587916	0.874706572769953	0.06390395042602634	0.874706572769953
11	1.3861347792408985	0.2813967136150235	0.08326878388845856	0.2813967136150235
11	0.698295894655306	0.26789906103286387	0.16382649109217662	0.26789906103286387
13	0.3032532920216886	0.8315727699530516	0.10418280402788536	0.8315727699530516
13	0.4721146398140976	0.48063380281690143	0.06003098373353989	0.48063380281690143
13	1.4198295894655306	0.6563967136150235	0.20526723470178157	0.6563967136150235
13	0.3439194422927963	0.7922535211267606	0.08133230054221534	0.7922535211267606
13	0.6510457010069713	0.795481220657277	0.13051897753679317	0.795481220657277
13	0.56855151045701	0.5980046948356808	0.09217660728117738	0.5980046948356808
13	0.2738187451587916	0.874706572769953	0.06390395042602634	0.874706572769953
11	1.3861347792408985	0.2813967136150235	0.08326878388845856	0.2813967136150235
11	0.698295894655306	0.26789906103286387	0.16382649109217662	0.26789906103286387
13	0.1516266460108443	0.4157863849765258	0.10418280402788536	0.05575117370892019
13	0.2360573199070488	0.24031690140845072	0.06003098373353989	0.07629107981220658
13	0.7099147947327653	0.32819835680751175	0.20526723470178157	0.18397887323943662
13	0.17195972114639815	0.3961267605633803	0.08133230054221534	0.03169014084507042
13	0.3255228505034857	0.3977406103286385	0.13051897753679317	0.12177230046948356
13	0.284275755228505	0.2990023474178404	0.09217660728117738	0.07511737089201878
13	0.1369093725793958	0.4373532863849765	0.06390395042602634	0.023767605633802816
11	0.6930673896204492	0.14069835680751175	0.08326878388845856	0.029636150234741785
11	0.349147947327653	0.13394953051643194	0.16382649109217662	0.016725352112676055
13	0.1516266460108443	0.4157863849765258	0.10418280402788536	0.05575117370892019
11	0.6930673896204492	0.14069835680751175	0.08326878388845856	0.029636150234741785
7	0.3448876839659179	0.38791079812206575	0.1158017041053447	0.1637323943661972
