10	1.3902012248468942	1.4401408450704225	0.21434820647419073	1.4401408450704225
10	0.25240594925634297	1.3794014084507042	0.168416447944007	1.3794014084507042
10	1.2755905511811023	1.372799295774648	0.3762029746281715	1.372799295774648
10	0.3416447944006999	1.221830985915493	0.2279090113735783	1.221830985915493
10	0.4304461942257218	1.275968309859155	0.42082239720035	1.275968309859155
5	1.3797025371828522	0.9608274647887324	0.17760279965004375	0.9608274647887324
5	0.40857392825896766	0.8644366197183099	0.21172353455818022	0.8644366197183099
2	1.8328958880139983	0.47491197183098594	0.04636920384951881	0.47491197183098594
2	1.004811898512686	0.7389964788732394	0.06342957130358705	0.7389964788732394
10	1.3902012248468942	1.4401408450704225	0.21434820647419073	1.4401408450704225
10	0.25240594925634297	1.3794014084507042	0.168416447944007	1.3794014084507042
10	1.2755905511811023	1.372799295774648	0.3762029746281715	1.372799295774648
10	0.3416447944006999	1.221830985915493	0.2279090113735783	1.221830985915493
10	0.4304461942257218	1.275968309859155	0.42082239720035	1.275968309859155
5	1.3797025371828522	0.9608274647887324	0.17760279965004375	0.9608274647887324
5	0.40857392825896766	0.8644366197183099	0.21172353455818022	0.8644366197183099
2	1.8328958880139983	0.47491197183098594	0.04636920384951881	0.47491197183098594
2	1.004811898512686	0.7389964788732394	0.06342957130358705	0.7389964788732394
5	0.6898512685914261	0.4804137323943662	0.17760279965004375	0.2794894366197183
5	0.20428696412948383	0.43221830985915494	0.21172353455818022	0.21742957746478872
2	0.9164479440069991	0.23745598591549297	0.04636920384951881	0.07526408450704225
2	0.502405949256343	0.3694982394366197	0.06342957130358705	0.055897887323943664
10	0.6951006124234471	0.7200704225352113	0.21434820647419073	0.15580985915492956
10	0.12620297462817148	0.6897007042253521	0.168416447944007	0.13468309859154928
10	0.6377952755905512	0.686399647887324	0.3762029746281715	0.3798415492957746
10	0.17082239720034995	0.6109154929577465	0.2279090113735783	0.11707746478873239
10	0.2152230971128609	0.6379841549295775	0.42082239720035	0.457306338028169
10	0.6951006124234471	0.7200704225352113	0.21434820647419073	0.15580985915492956
1	0.20166229221347332	0.6157570422535211	0.14435695538057744	0.12764084507042253
8	0.2152230971128609	0.6379841549295775	0.42082239720035	0.457306338028169
5	0.6898512685914261	0.4804137323943662	0.17760279965004375	0.2794894366197183
0	0.4936570428696413	0.4086707746478873	0.15616797900262466	0.2363556338028169
2	0.9164479440069991	0.23745598591549297	0.04636920384951881	0.07526408450704225
