11	0.26117843710823235	0.8200339558573854	0.0355202674467196	0.8200339558573854
11	1.3142498955286253	0.27843803056027167	0.17509402423735895	0.27843803056027167
11	0.5658169661512745	0.3361629881154499	0.20810697868783953	0.3361629881154499
11	0.22732971165900542	1.7809847198641766	0.05348934391976599	1.7809847198641766
11	0.26117843710823235	0.8200339558573854	0.0355202674467196	0.8200339558573854
11	1.3142498955286253	0.27843803056027167	0.17509402423735895	0.27843803056027167
11	0.5658169661512745	0.3361629881154499	0.20810697868783953	0.3361629881154499
11	0.22732971165900542	1.7809847198641766	0.05348934391976599	1.7809847198641766
11	0.13058921855411618	0.4100169779286927	0.0355202674467196	0.035653650254668934
11	0.6571249477643126	0.13921901528013583	0.17509402423735895	0.03191850594227504
11	0.28290848307563726	0.16808149405772496	0.20810697868783953	0.08285229202037352
11	0.11366485582950271	0.8904923599320883	0.05348934391976599	0.04312393887945671
11	0.13058921855411618	0.4100169779286927	0.0355202674467196	0.035653650254668934
10	0.11366485582950271	0.8904923599320883	0.05348934391976599	0.04312393887945671
