0	1.1165850673194615	0.6780905752753978	0.10373317013463892	0.6780905752753978
13	1.5284577723378212	1.4149326805385556	0.08231334149326805	1.4149326805385556
13	1.4225826193390454	0.5266217870257038	0.012545899632802938	0.5266217870257038
11	0.8118115055079559	0.3598531211750306	0.1153610771113831	0.3598531211750306
11	1.2766217870257037	0.3635250917992656	0.10465116279069768	0.3635250917992656
0	1.1165850673194615	0.6780905752753978	0.10373317013463892	0.6780905752753978
13	1.5284577723378212	1.4149326805385556	0.08231334149326805	1.4149326805385556
13	1.4225826193390454	0.5266217870257038	0.012545899632802938	0.5266217870257038
11	0.8118115055079559	0.3598531211750306	0.1153610771113831	0.3598531211750306
11	1.2766217870257037	0.3635250917992656	0.10465116279069768	0.3635250917992656
0	0.5582925336597307	0.3390452876376989	0.10373317013463892	0.08996328029375765
13	0.7642288861689106	0.7074663402692778	0.08231334149326805	0.06976744186046512
13	0.7112913096695227	0.2633108935128519	0.012545899632802938	0.04314565483476132
11	0.40590575275397794	0.1799265605875153	0.1153610771113831	0.018971848225214197
11	0.6383108935128519	0.1817625458996328	0.10465116279069768	0.025703794369645042
0	0.5582925336597307	0.3390452876376989	0.10373317013463892	0.08996328029375765
3	0.5891982864137086	0.6918604651162791	0.3675030599755202	0.1211750305997552
13	0.7642288861689106	0.7074663402692778	0.08231334149326805	0.06976744186046512
11	0.40590575275397794	0.1799265605875153	0.1153610771113831	0.018971848225214197
