10	0.35033112582781456	1.3536173089925625	0.15894039735099338	1.3536173089925625
10	0.5231788079470199	1.2237998647734956	0.27947019867549666	1.2237998647734956
7	0.41754966887417216	1.065922920892495	0.14735099337748345	1.065922920892495
10	0.35033112582781456	1.3536173089925625	0.15894039735099338	1.3536173089925625
10	0.5231788079470199	1.2237998647734956	0.27947019867549666	1.2237998647734956
7	0.41754966887417216	1.065922920892495	0.14735099337748345	1.065922920892495
7	0.20877483443708608	0.5329614604462475	0.14735099337748345	0.17139959432048682
10	0.17516556291390728	0.6768086544962812	0.15894039735099338	0.13995943204868155
10	0.26158940397350994	0.6118999323867478	0.27947019867549666	0.3177822853279243
10	0.17516556291390728	0.6768086544962812	0.15894039735099338	0.13995943204868155
7	0.20877483443708608	0.5329614604462475	0.14735099337748345	0.17139959432048682
0	0.5745033112582781	0.2616632860040568	0.09933774834437085	0.0872210953346856
4	0.303476821192053	0.5745436105476673	0.22218543046357617	0.18424611223799864
