3	1.2408854166666667	1.150390625	0.3619791666666667	1.150390625
6	0.7535807291666666	0.919921875	0.16959635416666666	0.919921875
0	1.2548828125	0.595703125	0.0908203125	0.595703125
13	0.78125	0.9573567708333334	0.18098958333333334	0.9573567708333334
3	1.2408854166666667	1.150390625	0.3619791666666667	1.150390625
6	0.7535807291666666	0.919921875	0.16959635416666666	0.919921875
0	1.2548828125	0.595703125	0.0908203125	0.595703125
13	0.78125	0.9573567708333334	0.18098958333333334	0.9573567708333334
13	0.390625	0.4786783854166667	0.18098958333333334	0.11360677083333333
3	0.6204427083333334	0.5751953125	0.3619791666666667	0.07877604166666667
6	0.3767903645833333	0.4599609375	0.16959635416666666	0.103515625
0	0.62744140625	0.2978515625	0.0908203125	0.07096354166666667
3	0.6204427083333334	0.5751953125	0.3619791666666667	0.07877604166666667
6	0.3767903645833333	0.4599609375	0.16959635416666666	0.103515625
0	0.62744140625	0.2978515625	0.0908203125	0.07096354166666667
5	0.3767903645833333	0.4599609375	0.16959635416666666	0.103515625
7	0.404296875	0.4609375	0.13802083333333334	0.095703125
13	0.390625	0.4786783854166667	0.18098958333333334	0.11360677083333333
