10	0.5469115191986644	0.9996638655462184	0.3252086811352254	0.9996638655462184
0	1.1582637729549248	0.7078991596638655	0.1318864774624374	0.7078991596638655
11	0.7953255425709516	0.45210084033613446	0.09282136894824708	0.45210084033613446
11	0.5302170283806343	0.44873949579831934	0.1682804674457429	0.44873949579831934
13	1.5836393989983306	1.026890756302521	0.09515859766277128	1.026890756302521
7	0.6397328881469115	0.5189915966386555	0.18163606010016695	0.5189915966386555
10	0.5469115191986644	0.9996638655462184	0.3252086811352254	0.9996638655462184
0	1.1582637729549248	0.7078991596638655	0.1318864774624374	0.7078991596638655
11	0.7953255425709516	0.45210084033613446	0.09282136894824708	0.45210084033613446
11	0.5302170283806343	0.44873949579831934	0.1682804674457429	0.44873949579831934
13	1.5836393989983306	1.026890756302521	0.09515859766277128	1.026890756302521
7	0.6397328881469115	0.5189915966386555	0.18163606010016695	0.5189915966386555
10	0.2734557595993322	0.4998319327731092	0.3252086811352254	0.7529411764705882
0	0.5791318864774624	0.35394957983193276	0.1318864774624374	0.133781512605042
11	0.3976627712854758	0.22605042016806723	0.09282136894824708	0.20672268907563024
11	0.26510851419031717	0.22436974789915967	0.1682804674457429	0.2080672268907563
13	0.7918196994991653	0.5134453781512605	0.09515859766277128	0.08571428571428572
7	0.31986644407345577	0.25949579831932773	0.18163606010016695	0.20840336134453782
10	0.2734557595993322	0.4998319327731092	0.3252086811352254	0.7529411764705882
0	0.5791318864774624	0.35394957983193276	0.1318864774624374	0.133781512605042
11	0.3976627712854758	0.22605042016806723	0.09282136894824708	0.20672268907563024
13	0.7918196994991653	0.5134453781512605	0.09515859766277128	0.08571428571428572
9	0.7863105175292153	0.514453781512605	0.07345575959933222	0.06285714285714286
7	0.31986644407345577	0.25949579831932773	0.18163606010016695	0.20840336134453782
4	0.3595993322203673	0.30016806722689077	0.12220367278797997	0.1438655462184874
