6	0.5432917316692668	0.703	0.24141965678627145	0.703
0	1.0893135725429017	0.7056666666666667	0.16965678627145087	0.7056666666666667
7	0.5354914196567863	1.2416666666666667	0.12207488299531981	1.2416666666666667
7	0.5499219968798752	1.1826666666666668	0.18408736349453977	1.1826666666666668
13	1.3787051482059283	0.6293333333333333	0.07839313572542901	0.6293333333333333
13	1.5838533541341653	0.6	0.09945397815912636	0.6
13	0.53198127925117	0.738	0.16380655226209048	0.738
13	1.4762090483619346	0.6496666666666666	0.1797971918876755	0.6496666666666666
13	0.5499219968798752	1.1826666666666668	0.18408736349453977	1.1826666666666668
11	0.6528861154446178	0.369	0.16614664586583464	0.369
6	0.5432917316692668	0.703	0.24141965678627145	0.703
0	1.0893135725429017	0.7056666666666667	0.16965678627145087	0.7056666666666667
7	0.5354914196567863	1.2416666666666667	0.12207488299531981	1.2416666666666667
7	0.5499219968798752	1.1826666666666668	0.18408736349453977	1.1826666666666668
13	1.3787051482059283	0.6293333333333333	0.07839313572542901	0.6293333333333333
13	1.5838533541341653	0.6	0.09945397815912636	0.6
13	0.53198127925117	0.738	0.16380655226209048	0.738
13	1.4762090483619346	0.6496666666666666	0.1797971918876755	0.6496666666666666
13	0.5499219968798752	1.1826666666666668	0.18408736349453977	1.1826666666666668
11	0.6528861154446178	0.369	0.16614664586583464	0.369
6	0.2716458658346334	0.3515	0.24141965678627145	0.271
0	0.5446567862714509	0.35283333333333333	0.16965678627145087	0.159
7	0.26774570982839313	0.6208333333333333	0.12207488299531981	0.10033333333333333
7	0.2749609984399376	0.5913333333333334	0.18408736349453977	0.23866666666666667
13	0.6893525741029641	0.31466666666666665	0.07839313572542901	0.06933333333333333
13	0.7919266770670826	0.3	0.09945397815912636	0.08266666666666667
13	0.265990639625585	0.369	0.16380655226209048	0.3453333333333333
13	0.7381045241809673	0.3248333333333333	0.1797971918876755	0.109
13	0.2749609984399376	0.5913333333333334	0.18408736349453977	0.23866666666666667
11	0.3264430577223089	0.1845	0.16614664586583464	0.039
0	0.5446567862714509	0.35283333333333333	0.16965678627145087	0.159
7	0.26774570982839313	0.6208333333333333	0.12207488299531981	0.10033333333333333
13	0.6893525741029641	0.31466666666666665	0.07839313572542901	0.06933333333333333
11	0.3264430577223089	0.1845	0.16614664586583464	0.039
4	0.30635725429017163	0.608	0.06981279251170047	0.08133333333333333
1	0.2716458658346334	0.3515	0.24141965678627145	0.271
6	0.2716458658346334	0.3515	0.24141965678627145	0.271
9	0.43525741029641185	0.30333333333333334	0.15912636505460218	0.3426666666666667
