11	1.382769472856019	0.38145495665284584	0.2025963808025177	0.38145495665284584
11	0.6471282454760031	0.36298529966076143	0.2183320220298977	0.36298529966076143
13	1.61014948859166	0.8722201281568036	0.06963021243115657	0.8722201281568036
11	1.382769472856019	0.38145495665284584	0.2025963808025177	0.38145495665284584
11	0.6471282454760031	0.36298529966076143	0.2183320220298977	0.36298529966076143
13	1.61014948859166	0.8722201281568036	0.06963021243115657	0.8722201281568036
11	0.6913847364280095	0.19072747832642292	0.2025963808025177	0.07463249151903506
11	0.32356412273800156	0.18149264983038071	0.2183320220298977	0.08179419525065963
13	0.80507474429583	0.4361100640784018	0.06963021243115657	0.061062947606483224
11	0.6913847364280095	0.19072747832642292	0.2025963808025177	0.07463249151903506
13	0.80507474429583	0.4361100640784018	0.06963021243115657	0.061062947606483224
