11	1.12255859375	0.3788	0.06103515625	0.3788
11	0.7216796875	0.3944	0.08203125	0.3944
11	1.4013671875	0.404	0.0595703125	0.404
2	1.109375	0.7308	0.0322265625	0.7308
3	1.18603515625	1.2948	0.41162109375	1.2948
11	1.12255859375	0.3788	0.06103515625	0.3788
11	0.7216796875	0.3944	0.08203125	0.3944
11	1.4013671875	0.404	0.0595703125	0.404
2	1.109375	0.7308	0.0322265625	0.7308
3	1.18603515625	1.2948	0.41162109375	1.2948
11	0.561279296875	0.1894	0.06103515625	0.0404
11	0.36083984375	0.1972	0.08203125	0.0168
11	0.70068359375	0.202	0.0595703125	0.0488
2	0.5546875	0.3654	0.0322265625	0.0508
3	0.593017578125	0.6474	0.41162109375	0.1644
11	0.561279296875	0.1894	0.06103515625	0.0404
2	0.5546875	0.3654	0.0322265625	0.0508
9	0.1953125	0.6296	0.0380859375	0.0376
0	0.52880859375	0.3556	0.103515625	0.0816
3	0.593017578125	0.6474	0.41162109375	0.1644
