7	1.451171875	0.6569010416666666	0.14453125	0.6569010416666666
7	1.5081380208333333	0.8170572916666666	0.1494140625	0.8170572916666666
7	0.7047526041666666	0.7106119791666666	0.18131510416666666	0.7106119791666666
3	1.10546875	0.7893880208333334	0.3079427083333333	0.7893880208333334
0	1.1920572916666667	0.5384114583333334	0.099609375	0.5384114583333334
9	0.5768229166666666	0.623046875	0.09635416666666667	0.623046875
10	1.5081380208333333	0.8170572916666666	0.1494140625	0.8170572916666666
10	1.6285807291666667	0.921875	0.0673828125	0.921875
10	0.7102864583333334	0.9736328125	0.2591145833333333	0.9736328125
7	1.451171875	0.6569010416666666	0.14453125	0.6569010416666666
7	1.5081380208333333	0.8170572916666666	0.1494140625	0.8170572916666666
7	0.7047526041666666	0.7106119791666666	0.18131510416666666	0.7106119791666666
3	1.10546875	0.7893880208333334	0.3079427083333333	0.7893880208333334
0	1.1920572916666667	0.5384114583333334	0.099609375	0.5384114583333334
9	0.5768229166666666	0.623046875	0.09635416666666667	0.623046875
10	1.5081380208333333	0.8170572916666666	0.1494140625	0.8170572916666666
10	1.6285807291666667	0.921875	0.0673828125	0.921875
10	0.7102864583333334	0.9736328125	0.2591145833333333	0.9736328125
7	0.7255859375	0.3284505208333333	0.14453125	0.14778645833333334
7	0.7540690104166666	0.4085286458333333	0.1494140625	0.13346354166666666
7	0.3523763020833333	0.3553059895833333	0.18131510416666666	0.15006510416666666
3	0.552734375	0.3946940104166667	0.3079427083333333	0.06998697916666667
0	0.5960286458333334	0.2692057291666667	0.099609375	0.11067708333333333
9	0.2884114583333333	0.3115234375	0.09635416666666667	0.12565104166666666
10	0.7540690104166666	0.4085286458333333	0.1494140625	0.13346354166666666
10	0.8142903645833334	0.4609375	0.0673828125	0.09375
10	0.3551432291666667	0.48681640625	0.2591145833333333	0.15006510416666666
10	0.7540690104166666	0.4085286458333333	0.1494140625	0.13346354166666666
7	0.7255859375	0.3284505208333333	0.14453125	0.14778645833333334
3	0.552734375	0.3946940104166667	0.3079427083333333	0.06998697916666667
0	0.5960286458333334	0.2692057291666667	0.099609375	0.11067708333333333
9	0.2884114583333333	0.3115234375	0.09635416666666667	0.12565104166666666
11	0.8142903645833334	0.4609375	0.0673828125	0.09375
13	0.34130859375	0.24365234375	0.06412760416666667	0.0595703125
4	0.7708333333333334	0.4007161458333333	0.08984375	0.09114583333333333
