8	0.6070866141732284	0.703125	0.03464566929133858	0.703125
10	1.7200787401574804	1.501953125	0.03976377952755906	1.501953125
10	0.17598425196850392	1.5348307291666667	0.05	1.5348307291666667
11	1.7200787401574804	1.501953125	0.03976377952755906	1.501953125
11	0.17598425196850392	1.5348307291666667	0.05	1.5348307291666667
8	0.6070866141732284	0.703125	0.03464566929133858	0.703125
10	1.7200787401574804	1.501953125	0.03976377952755906	1.501953125
10	0.17598425196850392	1.5348307291666667	0.05	1.5348307291666667
11	1.7200787401574804	1.501953125	0.03976377952755906	1.501953125
11	0.17598425196850392	1.5348307291666667	0.05	1.5348307291666667
8	0.3035433070866142	0.3515625	0.03464566929133858	0.020182291666666668
10	0.8600393700787402	0.7509765625	0.03976377952755906	0.052083333333333336
10	0.08799212598425196	0.7674153645833334	0.05	0.053059895833333336
11	0.8600393700787402	0.7509765625	0.03976377952755906	0.052083333333333336
11	0.08799212598425196	0.7674153645833334	0.05	0.053059895833333336
8	0.3035433070866142	0.3515625	0.03464566929133858	0.020182291666666668
10	0.8600393700787402	0.7509765625	0.03976377952755906	0.052083333333333336
11	0.8600393700787402	0.7509765625	0.03976377952755906	0.052083333333333336
9	0.3015748031496063	0.3492838541666667	0.029921259842519685	0.021484375
2	0.3015748031496063	0.3492838541666667	0.029921259842519685	0.021484375
