7	0.27163461538461536	1.5457282649604818	0.11858974358974358	1.5457282649604818
11	0.5352564102564102	0.6608957470831766	0.17147435897435898	0.6608957470831766
4	0.6394230769230769	1.2615732028603688	0.2668269230769231	1.2615732028603688
3	1.2648237179487178	1.4809936018065488	0.4499198717948718	1.4809936018065488
7	0.27163461538461536	1.5457282649604818	0.11858974358974358	1.5457282649604818
11	0.5352564102564102	0.6608957470831766	0.17147435897435898	0.6608957470831766
4	0.6394230769230769	1.2615732028603688	0.2668269230769231	1.2615732028603688
3	1.2648237179487178	1.4809936018065488	0.4499198717948718	1.4809936018065488
7	0.13581730769230768	0.7728641324802409	0.11858974358974358	0.10048927361686112
11	0.2676282051282051	0.3304478735415883	0.17147435897435898	0.32593150169363944
4	0.31971153846153844	0.6307866014301844	0.2668269230769231	0.23409860745201355
3	0.6324118589743589	0.7404968009032744	0.4499198717948718	0.23598042905532557
7	0.13581730769230768	0.7728641324802409	0.11858974358974358	0.10048927361686112
9	0.23918269230769232	0.34851336093338353	0.12419871794871795	0.2747459540835529
11	0.2676282051282051	0.3304478735415883	0.17147435897435898	0.32593150169363944
4	0.31971153846153844	0.6307866014301844	0.2668269230769231	0.23409860745201355
1	0.30248397435897434	0.6249529544599172	0.22916666666666666	0.26533684606699287
3	0.6324118589743589	0.7404968009032744	0.4499198717948718	0.23598042905532557
