0	1.1788194444444444	0.5861111111111111	0.0954861111111111	0.5861111111111111
8	1.6076388888888888	0.953125	0.019097222222222224	0.953125
13	1.6384548611111112	0.9416666666666667	0.04210069444444445	0.9416666666666667
13	1.4995659722222223	0.3701388888888889	0.05164930555555555	0.3701388888888889
0	1.1788194444444444	0.5861111111111111	0.0954861111111111	0.5861111111111111
8	1.6076388888888888	0.953125	0.019097222222222224	0.953125
13	1.6384548611111112	0.9416666666666667	0.04210069444444445	0.9416666666666667
13	1.4995659722222223	0.3701388888888889	0.05164930555555555	0.3701388888888889
0	0.5894097222222222	0.29305555555555557	0.0954861111111111	0.10902777777777778
8	0.8038194444444444	0.4765625	0.019097222222222224	0.024652777777777777
13	0.8192274305555556	0.4708333333333333	0.04210069444444445	0.04375
13	0.7497829861111112	0.18506944444444445	0.05164930555555555	0.09930555555555555
0	0.5894097222222222	0.29305555555555557	0.0954861111111111	0.10902777777777778
8	0.8038194444444444	0.4765625	0.019097222222222224	0.024652777777777777
13	0.8192274305555556	0.4708333333333333	0.04210069444444445	0.04375
