7	0.6497175141242938	0.9584654407102092	0.26239799121155055	0.9584654407102092
7	1.4733207784055242	1.1188966391883324	0.1807909604519774	1.1188966391883324
3	1.1751412429378532	1.3693722257450855	0.39296924042686754	1.3693722257450855
10	0.5536723163841808	1.468294229549778	0.3113622096672944	1.468294229549778
10	0.3107344632768362	1.488268864933418	0.05775266792215945	1.488268864933418
4	0.6104833647206529	0.9422954977805961	0.26710608913998746	0.9422954977805961
11	0.7652228499686127	0.44419784400760937	0.10546139359698682	0.44419784400760937
11	0.3107344632768362	1.488268864933418	0.05775266792215945	1.488268864933418
7	0.6497175141242938	0.9584654407102092	0.26239799121155055	0.9584654407102092
7	1.4733207784055242	1.1188966391883324	0.1807909604519774	1.1188966391883324
3	1.1751412429378532	1.3693722257450855	0.39296924042686754	1.3693722257450855
10	0.5536723163841808	1.468294229549778	0.3113622096672944	1.468294229549778
10	0.3107344632768362	1.488268864933418	0.05775266792215945	1.488268864933418
4	0.6104833647206529	0.9422954977805961	0.26710608913998746	0.9422954977805961
11	0.7652228499686127	0.44419784400760937	0.10546139359698682	0.44419784400760937
11	0.3107344632768362	1.488268864933418	0.05775266792215945	1.488268864933418
11	0.38261142498430634	0.22209892200380468	0.10546139359698682	0.03836398224476855
11	0.1553672316384181	0.744134432466709	0.05775266792215945	0.17121116043119847
7	0.3248587570621469	0.4792327203551046	0.26239799121155055	0.5285351934051997
7	0.7366603892027621	0.5594483195941662	0.1807909604519774	0.13982244768547875
3	0.5875706214689266	0.6846861128725428	0.39296924042686754	0.23493975903614459
10	0.2768361581920904	0.734147114774889	0.3113622096672944	0.13348129359543437
10	0.1553672316384181	0.744134432466709	0.05775266792215945	0.17121116043119847
4	0.30524168236032645	0.47114774889029803	0.26710608913998746	0.4438807863031072
7	0.3248587570621469	0.4792327203551046	0.26239799121155055	0.5285351934051997
3	0.5875706214689266	0.6846861128725428	0.39296924042686754	0.23493975903614459
10	0.2768361581920904	0.734147114774889	0.3113622096672944	0.13348129359543437
4	0.30524168236032645	0.47114774889029803	0.26710608913998746	0.4438807863031072
0	0.5842749529190208	0.38823715916296764	0.11833019460138104	0.12270133164235891
11	0.38261142498430634	0.22209892200380468	0.10546139359698682	0.03836398224476855
6	0.7366603892027621	0.5594483195941662	0.1807909604519774	0.13982244768547875
