9	1.80859375	1.0100694444444445	0.062065972222222224	1.0100694444444445
0	1.0026041666666667	0.5246527777777777	0.09635416666666667	0.5246527777777777
3	1.0078125	0.9131944444444444	0.3975694444444444	0.9131944444444444
9	1.80859375	1.0100694444444445	0.062065972222222224	1.0100694444444445
0	1.0026041666666667	0.5246527777777777	0.09635416666666667	0.5246527777777777
3	1.0078125	0.9131944444444444	0.3975694444444444	0.9131944444444444
9	0.904296875	0.5050347222222222	0.062065972222222224	0.046875
0	0.5013020833333334	0.2623263888888889	0.09635416666666667	0.10104166666666667
3	0.50390625	0.4565972222222222	0.3975694444444444	0.10347222222222222
9	0.904296875	0.5050347222222222	0.062065972222222224	0.046875
0	0.5013020833333334	0.2623263888888889	0.09635416666666667	0.10104166666666667
3	0.50390625	0.4565972222222222	0.3975694444444444	0.10347222222222222
