0	1.1428070175438596	0.5698289269051322	0.11263157894736842	0.5698289269051322
11	1.7736842105263158	1.6516329704510109	0.03684210526315789	1.6516329704510109
11	1.4273684210526316	0.3452566096423017	0.11719298245614035	0.3452566096423017
13	0.56	0.9975116640746501	0.047017543859649125	0.9975116640746501
13	0.4343859649122807	0.6090202177293935	0.06526315789473684	0.6090202177293935
13	1.447017543859649	0.4755832037325039	0.20771929824561403	0.4755832037325039
0	1.1428070175438596	0.5698289269051322	0.11263157894736842	0.5698289269051322
11	1.7736842105263158	1.6516329704510109	0.03684210526315789	1.6516329704510109
11	1.4273684210526316	0.3452566096423017	0.11719298245614035	0.3452566096423017
13	0.56	0.9975116640746501	0.047017543859649125	0.9975116640746501
13	0.4343859649122807	0.6090202177293935	0.06526315789473684	0.6090202177293935
13	1.447017543859649	0.4755832037325039	0.20771929824561403	0.4755832037325039
13	0.28	0.49875583203732504	0.047017543859649125	0.03639191290824261
13	0.21719298245614035	0.30451010886469676	0.06526315789473684	0.06780715396578538
13	0.7235087719298245	0.23779160186625195	0.20771929824561403	0.2006220839813375
0	0.5714035087719298	0.2849144634525661	0.11263157894736842	0.14992223950233283
11	0.8868421052631579	0.8258164852255054	0.03684210526315789	0.049144634525660966
11	0.7136842105263158	0.17262830482115085	0.11719298245614035	0.08833592534992224
0	0.5714035087719298	0.2849144634525661	0.11263157894736842	0.14992223950233283
11	0.8868421052631579	0.8258164852255054	0.03684210526315789	0.049144634525660966
9	0.28	0.49875583203732504	0.047017543859649125	0.03639191290824261
8	0.28	0.49875583203732504	0.047017543859649125	0.03639191290824261
13	0.28	0.49875583203732504	0.047017543859649125	0.03639191290824261
10	0.8868421052631579	0.8258164852255054	0.03684210526315789	0.049144634525660966
6	0.7177192982456141	0.24805598755832037	0.20456140350877192	0.23421461897356144
