10	1.8024251069900143	1.3400749063670412	0.05563480741797432	1.3400749063670412
10	0.2856633380884451	1.2647940074906368	0.052425106990014264	1.2647940074906368
0	1.2036376604850214	0.6093632958801498	0.1137660485021398	0.6093632958801498
11	0.2731811697574893	1.2752808988764044	0.06062767475035663	1.2752808988764044
11	1.8024251069900143	1.3400749063670412	0.05563480741797432	1.3400749063670412
11	0.7268188302425107	0.32322097378277154	0.15335235378031384	0.32322097378277154
3	1.207203994293866	1.200749063670412	0.4375891583452211	1.200749063670412
10	1.8024251069900143	1.3400749063670412	0.05563480741797432	1.3400749063670412
10	0.2856633380884451	1.2647940074906368	0.052425106990014264	1.2647940074906368
0	1.2036376604850214	0.6093632958801498	0.1137660485021398	0.6093632958801498
11	0.2731811697574893	1.2752808988764044	0.06062767475035663	1.2752808988764044
11	1.8024251069900143	1.3400749063670412	0.05563480741797432	1.3400749063670412
11	0.7268188302425107	0.32322097378277154	0.15335235378031384	0.32322097378277154
3	1.207203994293866	1.200749063670412	0.4375891583452211	1.200749063670412
10	0.9012125534950072	0.6700374531835206	0.05563480741797432	0.0696629213483146
10	0.14283166904422254	0.6323970037453184	0.052425106990014264	0.09925093632958802
0	0.6018188302425107	0.3046816479400749	0.1137660485021398	0.18614232209737827
11	0.13659058487874465	0.6376404494382022	0.06062767475035663	0.08277153558052434
11	0.9012125534950072	0.6700374531835206	0.05563480741797432	0.0696629213483146
11	0.36340941512125535	0.16161048689138577	0.15335235378031384	0.05805243445692884
3	0.603601997146933	0.600374531835206	0.4375891583452211	0.09138576779026217
10	0.9012125534950072	0.6700374531835206	0.05563480741797432	0.0696629213483146
0	0.6018188302425107	0.3046816479400749	0.1137660485021398	0.18614232209737827
11	0.13659058487874465	0.6376404494382022	0.06062767475035663	0.08277153558052434
9	0.49072753209700426	0.2893258426966292	0.12339514978601997	0.28876404494382024
3	0.603601997146933	0.600374531835206	0.4375891583452211	0.09138576779026217
