0	1.25048828125	0.4808	0.13525390625	0.4808
11	1.32421875	0.1508	0.109375	0.1508
11	1.7744140625	1.2336	0.0302734375	1.2336
11	0.78466796875	0.1792	0.09619140625	0.1792
0	1.25048828125	0.4808	0.13525390625	0.4808
11	1.32421875	0.1508	0.109375	0.1508
11	1.7744140625	1.2336	0.0302734375	1.2336
11	0.78466796875	0.1792	0.09619140625	0.1792
0	0.625244140625	0.2404	0.13525390625	0.112
11	0.662109375	0.0754	0.109375	0.0124
11	0.88720703125	0.6168	0.0302734375	0.0856
11	0.392333984375	0.0896	0.09619140625	0.0168
9	0.52294921875	0.3312	0.078125	0.3144
3	0.619384765625	0.5376	0.39697265625	0.1056
0	0.625244140625	0.2404	0.13525390625	0.112
11	0.662109375	0.0754	0.109375	0.0124
10	0.88720703125	0.6168	0.0302734375	0.0856
