13	0.7005208333333334	0.4606119791666667	0.15364583333333334	0.4606119791666667
13	1.4641927083333333	0.5328776041666666	0.16731770833333334	0.5328776041666666
11	1.3678385416666667	0.3346354166666667	0.19010416666666666	0.3346354166666667
11	1.2379557291666667	0.3828125	0.060221354166666664	0.3828125
13	0.7005208333333334	0.4606119791666667	0.15364583333333334	0.4606119791666667
13	1.4641927083333333	0.5328776041666666	0.16731770833333334	0.5328776041666666
11	1.3678385416666667	0.3346354166666667	0.19010416666666666	0.3346354166666667
11	1.2379557291666667	0.3828125	0.060221354166666664	0.3828125
13	0.3502604166666667	0.23030598958333334	0.15364583333333334	0.1376953125
13	0.7320963541666666	0.2664388020833333	0.16731770833333334	0.22819010416666666
11	0.6839192708333334	0.16731770833333334	0.19010416666666666	0.08463541666666667
11	0.6189778645833334	0.19140625	0.060221354166666664	0.12044270833333333
1	0.7298177083333334	0.2991536458333333	0.20638020833333334	0.224609375
13	0.3502604166666667	0.23030598958333334	0.15364583333333334	0.1376953125
6	0.3502604166666667	0.23030598958333334	0.15364583333333334	0.1376953125
7	0.3759765625	0.2550455729166667	0.20768229166666666	0.1435546875
11	0.6839192708333334	0.16731770833333334	0.19010416666666666	0.08463541666666667
