13	0.4978298611111111	0.6315972222222223	0.1644965277777778	0.6315972222222223
13	1.3428819444444444	0.5305555555555556	0.03211805555555555	0.5305555555555556
13	0.5199652777777778	0.6100694444444444	0.09895833333333333	0.6100694444444444
13	1.2703993055555556	0.4996527777777778	0.10894097222222222	0.4996527777777778
13	0.4978298611111111	0.6315972222222223	0.1644965277777778	0.6315972222222223
13	1.3428819444444444	0.5305555555555556	0.03211805555555555	0.5305555555555556
13	0.5199652777777778	0.6100694444444444	0.09895833333333333	0.6100694444444444
13	1.2703993055555556	0.4996527777777778	0.10894097222222222	0.4996527777777778
13	0.24891493055555555	0.3157986111111111	0.1644965277777778	0.09409722222222222
13	0.6714409722222222	0.2652777777777778	0.03211805555555555	0.02361111111111111
13	0.2599826388888889	0.3050347222222222	0.09895833333333333	0.03854166666666667
13	0.6351996527777778	0.2498263888888889	0.10894097222222222	0.08784722222222222
13	0.24891493055555555	0.3157986111111111	0.1644965277777778	0.09409722222222222
11	0.3676215277777778	0.221875	0.10677083333333333	0.06805555555555555
6	0.6351996527777778	0.2498263888888889	0.10894097222222222	0.08784722222222222
