9	1.8587861959539864	0.4803635183382019	0.09996033320111067	0.4803635183382019
9	1.5680285600952004	0.5559883154819864	0.017850059500198336	0.5559883154819864
4	0.3149543831812773	1.318078545926647	0.2165807219357398	1.318078545926647
7	0.3149543831812773	1.318078545926647	0.2165807219357398	1.318078545926647
7	0.2994843316144387	1.1976630963972736	0.09321697738992463	1.1976630963972736
7	0.4315747719159064	1.2814021421616357	0.08171360571201904	1.2814021421616357
8	1.5680285600952004	0.5559883154819864	0.017850059500198336	0.5559883154819864
9	1.8587861959539864	0.4803635183382019	0.09996033320111067	0.4803635183382019
9	1.5680285600952004	0.5559883154819864	0.017850059500198336	0.5559883154819864
4	0.3149543831812773	1.318078545926647	0.2165807219357398	1.318078545926647
7	0.3149543831812773	1.318078545926647	0.2165807219357398	1.318078545926647
7	0.2994843316144387	1.1976630963972736	0.09321697738992463	1.1976630963972736
7	0.4315747719159064	1.2814021421616357	0.08171360571201904	1.2814021421616357
8	1.5680285600952004	0.5559883154819864	0.017850059500198336	0.5559883154819864
9	0.9293930979769932	0.24018175916910095	0.09996033320111067	0.08828302499188576
9	0.7840142800476002	0.2779941577409932	0.017850059500198336	0.02174618630314833
4	0.15747719159063864	0.6590392729633235	0.2165807219357398	0.20025965595585848
7	0.15747719159063864	0.6590392729633235	0.2165807219357398	0.20025965595585848
7	0.14974216580721936	0.5988315481986368	0.09321697738992463	0.05647517039922103
7	0.2157873859579532	0.6407010710808179	0.08171360571201904	0.05842259006815969
8	0.7840142800476002	0.2779941577409932	0.017850059500198336	0.02174618630314833
9	0.9293930979769932	0.24018175916910095	0.09996033320111067	0.08828302499188576
4	0.15747719159063864	0.6590392729633235	0.2165807219357398	0.20025965595585848
2	0.7838159460531535	0.2786432976306394	0.025386751289170964	0.019798766634209673
7	0.15747719159063864	0.6590392729633235	0.2165807219357398	0.20025965595585848
8	0.7840142800476002	0.2779941577409932	0.017850059500198336	0.02174618630314833
