0	1.1619718309859155	0.6393995098039216	0.15704225352112677	0.6393995098039216
11	1.4232394366197183	0.27328431372549017	0.10211267605633803	0.27328431372549017
11	0.530281690140845	0.32536764705882354	0.13943661971830987	0.32536764705882354
13	0.527112676056338	0.4258578431372549	0.0658450704225352	0.4258578431372549
13	0.6876760563380282	0.37775735294117646	0.06232394366197183	0.37775735294117646
0	1.1619718309859155	0.6393995098039216	0.15704225352112677	0.6393995098039216
11	1.4232394366197183	0.27328431372549017	0.10211267605633803	0.27328431372549017
11	0.530281690140845	0.32536764705882354	0.13943661971830987	0.32536764705882354
13	0.527112676056338	0.4258578431372549	0.0658450704225352	0.4258578431372549
13	0.6876760563380282	0.37775735294117646	0.06232394366197183	0.37775735294117646
0	0.5809859154929577	0.3196997549019608	0.15704225352112677	0.1400122549019608
11	0.7116197183098592	0.13664215686274508	0.10211267605633803	0.051470588235294115
11	0.2651408450704225	0.16268382352941177	0.13943661971830987	0.06862745098039216
13	0.263556338028169	0.21292892156862744	0.0658450704225352	0.05269607843137255
13	0.3438380281690141	0.18887867647058823	0.06232394366197183	0.07628676470588236
0	0.5809859154929577	0.3196997549019608	0.15704225352112677	0.1400122549019608
11	0.7116197183098592	0.13664215686274508	0.10211267605633803	0.051470588235294115
13	0.263556338028169	0.21292892156862744	0.0658450704225352	0.05269607843137255
3	0.5716549295774648	0.6308210784313726	0.42852112676056336	0.10477941176470588
