6	1.6968992248062016	1.4963715529753265	0.16899224806201552	1.4963715529753265
6	1.5186046511627906	0.9528301886792453	0.31550387596899226	0.9528301886792453
6	0.49224806201550386	0.5428156748911466	0.09689922480620156	0.5428156748911466
11	0.5922480620155038	0.14586357039187228	0.1930232558139535	0.14586357039187228
11	1.3034883720930233	0.24020319303338172	0.30426356589147285	0.24020319303338172
0	1.1430232558139535	0.48004354136429606	0.11976744186046512	0.48004354136429606
13	1.486046511627907	0.7060957910014514	0.262015503875969	0.7060957910014514
13	0.49496124031007754	0.558055152394775	0.1065891472868217	0.558055152394775
6	1.6968992248062016	1.4963715529753265	0.16899224806201552	1.4963715529753265
6	1.5186046511627906	0.9528301886792453	0.31550387596899226	0.9528301886792453
6	0.49224806201550386	0.5428156748911466	0.09689922480620156	0.5428156748911466
11	0.5922480620155038	0.14586357039187228	0.1930232558139535	0.14586357039187228
11	1.3034883720930233	0.24020319303338172	0.30426356589147285	0.24020319303338172
0	1.1430232558139535	0.48004354136429606	0.11976744186046512	0.48004354136429606
13	1.486046511627907	0.7060957910014514	0.262015503875969	0.7060957910014514
13	0.49496124031007754	0.558055152394775	0.1065891472868217	0.558055152394775
6	0.8484496124031008	0.7481857764876633	0.16899224806201552	0.1937590711175617
6	0.7593023255813953	0.47641509433962265	0.31550387596899226	0.7060957910014514
6	0.24612403100775193	0.2714078374455733	0.09689922480620156	0.10304789550072568
11	0.2961240310077519	0.07293178519593614	0.1930232558139535	0.0602322206095791
11	0.6517441860465116	0.12010159651669086	0.30426356589147285	0.12844702467343977
0	0.5715116279069767	0.24002177068214803	0.11976744186046512	0.1113933236574746
13	0.7430232558139535	0.3530478955007257	0.262015503875969	0.5341074020319303
13	0.24748062015503877	0.2790275761973875	0.1065891472868217	0.09433962264150944
6	0.8484496124031008	0.7481857764876633	0.16899224806201552	0.1937590711175617
11	0.2961240310077519	0.07293178519593614	0.1930232558139535	0.0602322206095791
0	0.5715116279069767	0.24002177068214803	0.11976744186046512	0.1113933236574746
13	0.7430232558139535	0.3530478955007257	0.262015503875969	0.5341074020319303
1	0.6494186046511627	0.10159651669085631	0.3631782945736434	0.14876632801161102
7	0.6027131782945736	0.3339985486211901	0.08449612403100776	0.09760522496371553
8	0.6027131782945736	0.3339985486211901	0.08449612403100776	0.09760522496371553
4	0.7430232558139535	0.3530478955007257	0.262015503875969	0.5341074020319303
