13	0.539671911617007	1.0353535353535352	0.024774020756611986	1.0353535353535352
13	1.4365584198192165	0.7582972582972582	0.18580515567458988	0.7582972582972582
13	0.7094074322062269	0.4751082251082251	0.1128222296618681	0.4751082251082251
13	0.5604285236022766	0.4606782106782107	0.020087043856712422	0.4606782106782107
13	0.5148978908603951	0.5854978354978355	0.03013056578506863	0.5854978354978355
8	0.5604285236022766	0.4606782106782107	0.020087043856712422	0.4606782106782107
8	0.5148978908603951	0.5854978354978355	0.03013056578506863	0.5854978354978355
11	0.3130231001004352	1.5757575757575757	0.06796116504854369	1.5757575757575757
11	1.766990291262136	1.7110389610389611	0.02946099765651155	1.7110389610389611
11	0.6340810177435554	0.31673881673881676	0.1452962838968865	0.31673881673881676
10	0.3130231001004352	1.5757575757575757	0.06796116504854369	1.5757575757575757
7	1.3786407766990292	0.6125541125541125	0.06829594911282223	0.6125541125541125
7	1.5082022095748242	0.9736652236652237	0.06126548376297288	0.9736652236652237
13	0.539671911617007	1.0353535353535352	0.024774020756611986	1.0353535353535352
13	1.4365584198192165	0.7582972582972582	0.18580515567458988	0.7582972582972582
13	0.7094074322062269	0.4751082251082251	0.1128222296618681	0.4751082251082251
13	0.5604285236022766	0.4606782106782107	0.020087043856712422	0.4606782106782107
13	0.5148978908603951	0.5854978354978355	0.03013056578506863	0.5854978354978355
8	0.5604285236022766	0.4606782106782107	0.020087043856712422	0.4606782106782107
8	0.5148978908603951	0.5854978354978355	0.03013056578506863	0.5854978354978355
11	0.3130231001004352	1.5757575757575757	0.06796116504854369	1.5757575757575757
11	1.766990291262136	1.7110389610389611	0.02946099765651155	1.7110389610389611
11	0.6340810177435554	0.31673881673881676	0.1452962838968865	0.31673881673881676
10	0.3130231001004352	1.5757575757575757	0.06796116504854369	1.5757575757575757
7	1.3786407766990292	0.6125541125541125	0.06829594911282223	0.6125541125541125
7	1.5082022095748242	0.9736652236652237	0.06126548376297288	0.9736652236652237
11	0.1565115500502176	0.7878787878787878	0.06796116504854369	0.0707070707070707
11	0.883495145631068	0.8555194805194806	0.02946099765651155	0.046536796536796536
11	0.3170405088717777	0.15836940836940838	0.1452962838968865	0.06349206349206349
10	0.1565115500502176	0.7878787878787878	0.06796116504854369	0.0707070707070707
7	0.6893203883495146	0.30627705627705626	0.06829594911282223	0.18037518037518038
7	0.7541011047874121	0.48683261183261184	0.06126548376297288	0.08261183261183261
13	0.2698359558085035	0.5176767676767676	0.024774020756611986	0.05411255411255411
13	0.7182792099096083	0.3791486291486291	0.18580515567458988	0.3658008658008658
13	0.35470371610311346	0.23755411255411255	0.1128222296618681	0.15981240981240982
13	0.2802142618011383	0.23033910533910534	0.020087043856712422	0.022727272727272728
13	0.25744894543019753	0.29274891774891776	0.03013056578506863	0.029942279942279944
8	0.2802142618011383	0.23033910533910534	0.020087043856712422	0.022727272727272728
8	0.25744894543019753	0.29274891774891776	0.03013056578506863	0.029942279942279944
13	0.2698359558085035	0.5176767676767676	0.024774020756611986	0.05411255411255411
8	0.2802142618011383	0.23033910533910534	0.020087043856712422	0.022727272727272728
11	0.1565115500502176	0.7878787878787878	0.06796116504854369	0.0707070707070707
10	0.1565115500502176	0.7878787878787878	0.06796116504854369	0.0707070707070707
7	0.6893203883495146	0.30627705627705626	0.06829594911282223	0.18037518037518038
3	0.5686307331771008	0.7184343434343434	0.3699363910277871	0.12950937950937952
0	0.5855373284231671	0.2898629148629149	0.10980917308336123	0.12950937950937952
