13	1.4570866141732284	0.3196614583333333	0.10118110236220472	0.3196614583333333
13	0.7346456692913386	0.3701171875	0.13622047244094487	0.3701171875
11	1.4570866141732284	0.3196614583333333	0.10118110236220472	0.3196614583333333
11	0.7614173228346457	0.30859375	0.1141732283464567	0.30859375
11	0.2688976377952756	1.4690755208333333	0.05708661417322835	1.4690755208333333
11	1.7688976377952756	1.4921875	0.02637795275590551	1.4921875
10	1.7688976377952756	1.4921875	0.02637795275590551	1.4921875
10	0.2688976377952756	1.4690755208333333	0.05708661417322835	1.4690755208333333
13	1.4570866141732284	0.3196614583333333	0.10118110236220472	0.3196614583333333
13	0.7346456692913386	0.3701171875	0.13622047244094487	0.3701171875
11	1.4570866141732284	0.3196614583333333	0.10118110236220472	0.3196614583333333
11	0.7614173228346457	0.30859375	0.1141732283464567	0.30859375
11	0.2688976377952756	1.4690755208333333	0.05708661417322835	1.4690755208333333
11	1.7688976377952756	1.4921875	0.02637795275590551	1.4921875
10	1.7688976377952756	1.4921875	0.02637795275590551	1.4921875
10	0.2688976377952756	1.4690755208333333	0.05708661417322835	1.4690755208333333
13	0.7285433070866142	0.15983072916666666	0.10118110236220472	0.08138020833333333
13	0.3673228346456693	0.18505859375	0.13622047244094487	0.13639322916666666
11	0.7285433070866142	0.15983072916666666	0.10118110236220472	0.08138020833333333
11	0.38070866141732285	0.154296875	0.1141732283464567	0.029296875
11	0.1344488188976378	0.7345377604166666	0.05708661417322835	0.07649739583333333
11	0.8844488188976378	0.74609375	0.02637795275590551	0.08138020833333333
10	0.8844488188976378	0.74609375	0.02637795275590551	0.08138020833333333
10	0.1344488188976378	0.7345377604166666	0.05708661417322835	0.07649739583333333
13	0.7285433070866142	0.15983072916666666	0.10118110236220472	0.08138020833333333
11	0.7285433070866142	0.15983072916666666	0.10118110236220472	0.08138020833333333
10	0.8844488188976378	0.74609375	0.02637795275590551	0.08138020833333333
6	0.3673228346456693	0.18505859375	0.13622047244094487	0.13639322916666666
