3	1.2078993055555556	0.8288194444444444	0.4171006944444444	0.8288194444444444
9	0.9123263888888888	0.5135416666666667	0.08506944444444445	0.5135416666666667
9	0.7643229166666666	0.290625	0.10546875	0.290625
9	1.015625	0.5798611111111112	0.1605902777777778	0.5798611111111112
0	1.2565104166666667	0.42430555555555555	0.10807291666666667	0.42430555555555555
3	1.2078993055555556	0.8288194444444444	0.4171006944444444	0.8288194444444444
9	0.9123263888888888	0.5135416666666667	0.08506944444444445	0.5135416666666667
9	0.7643229166666666	0.290625	0.10546875	0.290625
9	1.015625	0.5798611111111112	0.1605902777777778	0.5798611111111112
0	1.2565104166666667	0.42430555555555555	0.10807291666666667	0.42430555555555555
3	0.6039496527777778	0.4144097222222222	0.4171006944444444	0.078125
9	0.4561631944444444	0.25677083333333334	0.08506944444444445	0.13159722222222223
9	0.3821614583333333	0.1453125	0.10546875	0.078125
9	0.5078125	0.2899305555555556	0.1605902777777778	0.41597222222222224
0	0.6282552083333334	0.21215277777777777	0.10807291666666667	0.07569444444444444
6	0.3821614583333333	0.1453125	0.10546875	0.078125
13	0.3821614583333333	0.1453125	0.10546875	0.078125
7	0.4561631944444444	0.25677083333333334	0.08506944444444445	0.13159722222222223
3	0.6039496527777778	0.4144097222222222	0.4171006944444444	0.078125
9	0.4561631944444444	0.25677083333333334	0.08506944444444445	0.13159722222222223
0	0.6282552083333334	0.21215277777777777	0.10807291666666667	0.07569444444444444
