10	0.3836948391922214	1.7468619246861925	0.06731488406881077	1.7468619246861925
0	1.130516080777861	0.5682008368200837	0.09760658189977561	0.5682008368200837
11	1.2389678384442782	0.19665271966527198	0.11780104712041885	0.19665271966527198
11	1.7591623036649215	1.5422594142259414	0.048616305160807775	1.5422594142259414
11	0.36537023186237844	1.7301255230125523	0.05721765145848916	1.7301255230125523
10	0.3836948391922214	1.7468619246861925	0.06731488406881077	1.7468619246861925
0	1.130516080777861	0.5682008368200837	0.09760658189977561	0.5682008368200837
11	1.2389678384442782	0.19665271966527198	0.11780104712041885	0.19665271966527198
11	1.7591623036649215	1.5422594142259414	0.048616305160807775	1.5422594142259414
11	0.36537023186237844	1.7301255230125523	0.05721765145848916	1.7301255230125523
10	0.1918474195961107	0.8734309623430963	0.06731488406881077	0.0799163179916318
0	0.5652580403889305	0.28410041841004186	0.09760658189977561	0.1489539748953975
11	0.6194839192221391	0.09832635983263599	0.11780104712041885	0.07196652719665272
11	0.8795811518324608	0.7711297071129707	0.048616305160807775	0.05774058577405858
11	0.18268511593118922	0.8650627615062761	0.05721765145848916	0.14184100418410042
0	0.5652580403889305	0.28410041841004186	0.09760658189977561	0.1489539748953975
11	0.6194839192221391	0.09832635983263599	0.11780104712041885	0.07196652719665272
13	0.3139491398653702	0.17615062761506275	0.062453253552729994	0.058577405857740586
10	0.1918474195961107	0.8734309623430963	0.06731488406881077	0.0799163179916318
9	0.3139491398653702	0.17615062761506275	0.062453253552729994	0.058577405857740586
