13	0.6751302083333334	0.4537760416666667	0.08268229166666667	0.4537760416666667
13	0.6376953125	0.5100911458333334	0.0341796875	0.5100911458333334
13	1.326171875	0.8235677083333334	0.049479166666666664	0.8235677083333334
13	1.5159505208333333	0.5462239583333334	0.043294270833333336	0.5462239583333334
13	0.615234375	0.8277994791666666	0.08072916666666667	0.8277994791666666
13	0.6907552083333334	0.671875	0.08528645833333333	0.671875
11	0.4479166666666667	1.2679036458333333	0.052734375	1.2679036458333333
11	0.8291015625	0.3141276041666667	0.16178385416666666	0.3141276041666667
11	1.291015625	0.2978515625	0.10091145833333333	0.2978515625
8	0.7024739583333334	0.4658203125	0.014322916666666666	0.4658203125
8	0.7151692708333334	0.5638020833333334	0.017252604166666668	0.5638020833333334
13	0.6751302083333334	0.4537760416666667	0.08268229166666667	0.4537760416666667
13	0.6376953125	0.5100911458333334	0.0341796875	0.5100911458333334
13	1.326171875	0.8235677083333334	0.049479166666666664	0.8235677083333334
13	1.5159505208333333	0.5462239583333334	0.043294270833333336	0.5462239583333334
13	0.615234375	0.8277994791666666	0.08072916666666667	0.8277994791666666
13	0.6907552083333334	0.671875	0.08528645833333333	0.671875
11	0.4479166666666667	1.2679036458333333	0.052734375	1.2679036458333333
11	0.8291015625	0.3141276041666667	0.16178385416666666	0.3141276041666667
11	1.291015625	0.2978515625	0.10091145833333333	0.2978515625
8	0.7024739583333334	0.4658203125	0.014322916666666666	0.4658203125
8	0.7151692708333334	0.5638020833333334	0.017252604166666668	0.5638020833333334
13	0.3375651041666667	0.22688802083333334	0.08268229166666667	0.12825520833333334
13	0.31884765625	0.2550455729166667	0.0341796875	0.058268229166666664
13	0.6630859375	0.4117838541666667	0.049479166666666664	0.032552083333333336
13	0.7579752604166666	0.2731119791666667	0.043294270833333336	0.044270833333333336
13	0.3076171875	0.4138997395833333	0.08072916666666667	0.06282552083333333
13	0.3453776041666667	0.3359375	0.08528645833333333	0.068359375
11	0.22395833333333334	0.6339518229166666	0.052734375	0.07779947916666667
11	0.41455078125	0.15706380208333334	0.16178385416666666	0.060221354166666664
11	0.6455078125	0.14892578125	0.10091145833333333	0.034830729166666664
8	0.3512369791666667	0.23291015625	0.014322916666666666	0.011393229166666666
8	0.3575846354166667	0.2819010416666667	0.017252604166666668	0.012369791666666666
10	0.22395833333333334	0.6339518229166666	0.052734375	0.07779947916666667
13	0.3375651041666667	0.22688802083333334	0.08268229166666667	0.12825520833333334
11	0.22395833333333334	0.6339518229166666	0.052734375	0.07779947916666667
0	0.5966796875	0.3181966145833333	0.087890625	0.0888671875
8	0.3512369791666667	0.23291015625	0.014322916666666666	0.011393229166666666
