5	1.4013578274760383	0.9303754266211605	0.31349840255591055	0.9303754266211605
5	1.5015974440894568	1.0232081911262798	0.14936102236421725	1.0232081911262798
5	0.5327476038338658	0.9610921501706484	0.2979233226837061	0.9610921501706484
7	0.5267571884984026	1.0208191126279864	0.1737220447284345	1.0208191126279864
7	1.518370607028754	1.0573378839590444	0.17492012779552715	1.0573378839590444
6	0.5267571884984026	1.0208191126279864	0.1737220447284345	1.0208191126279864
6	1.518370607028754	1.0573378839590444	0.17492012779552715	1.0573378839590444
5	1.4013578274760383	0.9303754266211605	0.31349840255591055	0.9303754266211605
5	1.5015974440894568	1.0232081911262798	0.14936102236421725	1.0232081911262798
5	0.5327476038338658	0.9610921501706484	0.2979233226837061	0.9610921501706484
7	0.5267571884984026	1.0208191126279864	0.1737220447284345	1.0208191126279864
7	1.518370607028754	1.0573378839590444	0.17492012779552715	1.0573378839590444
6	0.5267571884984026	1.0208191126279864	0.1737220447284345	1.0208191126279864
6	1.518370607028754	1.0573378839590444	0.17492012779552715	1.0573378839590444
5	0.7006789137380192	0.46518771331058023	0.31349840255591055	0.4184300341296928
5	0.7507987220447284	0.5116040955631399	0.14936102236421725	0.17064846416382254
5	0.2663738019169329	0.4805460750853242	0.2979233226837061	0.36860068259385664
7	0.2633785942492013	0.5104095563139932	0.1737220447284345	0.12798634812286688
7	0.759185303514377	0.5286689419795222	0.17492012779552715	0.11945392491467577
6	0.2633785942492013	0.5104095563139932	0.1737220447284345	0.12798634812286688
6	0.759185303514377	0.5286689419795222	0.17492012779552715	0.11945392491467577
5	0.7006789137380192	0.46518771331058023	0.31349840255591055	0.4184300341296928
7	0.2633785942492013	0.5104095563139932	0.1737220447284345	0.12798634812286688
6	0.2633785942492013	0.5104095563139932	0.1737220447284345	0.12798634812286688
