5	1.5271084337349397	1.359046283309958	0.0783132530120482	1.359046283309958
5	0.7265060240963855	1.3046984572230014	0.11746987951807229	1.3046984572230014
0	1.2072289156626506	0.8124123422159888	0.09819277108433735	0.8124123422159888
5	1.5271084337349397	1.359046283309958	0.0783132530120482	1.359046283309958
5	0.7265060240963855	1.3046984572230014	0.11746987951807229	1.3046984572230014
0	1.2072289156626506	0.8124123422159888	0.09819277108433735	0.8124123422159888
5	0.7635542168674698	0.679523141654979	0.0783132530120482	0.1479663394109397
5	0.36325301204819277	0.6523492286115007	0.11746987951807229	0.15462833099579243
0	0.6036144578313253	0.4062061711079944	0.09819277108433735	0.10834502103786817
0	0.6036144578313253	0.4062061711079944	0.09819277108433735	0.10834502103786817
3	0.5906626506024096	0.7107293127629734	0.30120481927710846	0.11921458625525946
5	0.7635542168674698	0.679523141654979	0.0783132530120482	0.1479663394109397
