0	1.1980092428012798	0.7064471879286695	0.11446853892641308	0.7064471879286695
11	0.30039104159260577	1.8926611796982167	0.03021685033771774	1.8926611796982167
11	1.7906150017774618	1.8549382716049383	0.033771773906861	1.8549382716049383
0	1.1980092428012798	0.7064471879286695	0.11446853892641308	0.7064471879286695
11	0.30039104159260577	1.8926611796982167	0.03021685033771774	1.8926611796982167
11	1.7906150017774618	1.8549382716049383	0.033771773906861	1.8549382716049383
11	0.15019552079630288	0.9463305898491083	0.03021685033771774	0.033950617283950615
11	0.8953075008887309	0.9274691358024691	0.033771773906861	0.04492455418381344
0	0.5990046214006399	0.3532235939643347	0.11446853892641308	0.08367626886145405
0	0.5990046214006399	0.3532235939643347	0.11446853892641308	0.08367626886145405
11	0.15019552079630288	0.9463305898491083	0.03021685033771774	0.033950617283950615
