3	1.2552083333333333	0.9899305555555555	0.4105902777777778	0.9899305555555555
9	0.6236979166666666	0.6909722222222222	0.02734375	0.6909722222222222
0	1.2300347222222223	0.6197916666666666	0.1362847222222222	0.6197916666666666
3	1.2552083333333333	0.9899305555555555	0.4105902777777778	0.9899305555555555
9	0.6236979166666666	0.6909722222222222	0.02734375	0.6909722222222222
0	1.2300347222222223	0.6197916666666666	0.1362847222222222	0.6197916666666666
3	0.6276041666666666	0.49496527777777777	0.4105902777777778	0.12465277777777778
9	0.3118489583333333	0.3454861111111111	0.02734375	0.034027777777777775
0	0.6150173611111112	0.3098958333333333	0.1362847222222222	0.10798611111111112
3	0.6276041666666666	0.49496527777777777	0.4105902777777778	0.12465277777777778
9	0.3118489583333333	0.3454861111111111	0.02734375	0.034027777777777775
0	0.6150173611111112	0.3098958333333333	0.1362847222222222	0.10798611111111112
7	0.3138020833333333	0.346875	0.03298611111111111	0.03125
