3	1.1755485893416928	1.215081723625557	0.4717868338557994	1.215081723625557
11	0.7229623824451411	0.27191679049034173	0.10540752351097178	0.27191679049034173
11	1.4627742946708464	0.26968796433878156	0.08503134796238244	0.26968796433878156
3	1.1755485893416928	1.215081723625557	0.4717868338557994	1.215081723625557
11	0.7229623824451411	0.27191679049034173	0.10540752351097178	0.27191679049034173
11	1.4627742946708464	0.26968796433878156	0.08503134796238244	0.26968796433878156
3	0.5877742946708464	0.6075408618127786	0.4717868338557994	0.15787518573551262
11	0.36148119122257055	0.13595839524517087	0.10540752351097178	0.03863298662704309
11	0.7313871473354232	0.13484398216939078	0.08503134796238244	0.06240713224368499
3	0.5877742946708464	0.6075408618127786	0.4717868338557994	0.15787518573551262
0	0.4717868338557994	0.42700594353640414	0.15203761755485892	0.15416047548291234
11	0.36148119122257055	0.13595839524517087	0.10540752351097178	0.03863298662704309
