0	1.1118222891566265	0.6692111959287532	0.14118975903614459	0.6692111959287532
0	0.90625	0.8454198473282443	0.34525602409638556	0.8454198473282443
3	1.1193524096385543	1.3877226463104326	0.45745481927710846	1.3877226463104326
11	0.6204819277108434	0.29993638676844786	0.12048192771084337	0.29993638676844786
0	1.1118222891566265	0.6692111959287532	0.14118975903614459	0.6692111959287532
0	0.90625	0.8454198473282443	0.34525602409638556	0.8454198473282443
3	1.1193524096385543	1.3877226463104326	0.45745481927710846	1.3877226463104326
11	0.6204819277108434	0.29993638676844786	0.12048192771084337	0.29993638676844786
3	0.5596762048192772	0.6938613231552163	0.45745481927710846	0.21278625954198474
11	0.3102409638554217	0.14996819338422393	0.12048192771084337	0.06393129770992366
0	0.5559111445783133	0.3346055979643766	0.14118975903614459	0.11450381679389313
0	0.453125	0.42270992366412213	0.34525602409638556	0.31361323155216286
0	0.5559111445783133	0.3346055979643766	0.14118975903614459	0.11450381679389313
9	0.35768072289156627	0.5036577608142494	0.14457831325301204	0.18352417302798982
3	0.5596762048192772	0.6938613231552163	0.45745481927710846	0.21278625954198474
11	0.3102409638554217	0.14996819338422393	0.12048192771084337	0.06393129770992366
7	0.3685993975903614	0.5426208651399491	0.16716867469879518	0.14631043256997456
8	0.3685993975903614	0.5426208651399491	0.16716867469879518	0.14631043256997456
