3	1.1911454673225579	1.4664546899841018	0.44202389318341534	1.4664546899841018
9	0.7565003513703443	0.34912559618441974	0.08186929023190442	0.34912559618441974
9	1.4483485593815881	0.23275039745627982	0.06113843991567112	0.23275039745627982
0	1.1366830639494028	0.7370429252782194	0.14792691496837668	0.7370429252782194
3	1.1911454673225579	1.4664546899841018	0.44202389318341534	1.4664546899841018
9	0.7565003513703443	0.34912559618441974	0.08186929023190442	0.34912559618441974
9	1.4483485593815881	0.23275039745627982	0.06113843991567112	0.23275039745627982
0	1.1366830639494028	0.7370429252782194	0.14792691496837668	0.7370429252782194
3	0.5955727336612789	0.7332273449920509	0.44202389318341534	0.178060413354531
9	0.37825017568517216	0.17456279809220987	0.08186929023190442	0.07758346581875994
9	0.7241742796907941	0.11637519872813991	0.06113843991567112	0.07186009538950715
0	0.5683415319747014	0.3685214626391097	0.14792691496837668	0.14181240063593004
0	0.5683415319747014	0.3685214626391097	0.14792691496837668	0.14181240063593004
3	0.5955727336612789	0.7332273449920509	0.44202389318341534	0.178060413354531
9	0.37825017568517216	0.17456279809220987	0.08186929023190442	0.07758346581875994
6	0.28127196064652144	0.6391096979332274	0.23366127898805342	0.11701112877583465
