0	1.0568576388888888	0.8131944444444444	0.12196180555555555	0.8131944444444444
3	1.046875	1.2861111111111112	0.4036458333333333	1.2861111111111112
11	1.0876736111111112	0.48506944444444444	0.057291666666666664	0.48506944444444444
11	0.6488715277777778	0.46319444444444446	0.1306423611111111	0.46319444444444446
0	1.0568576388888888	0.8131944444444444	0.12196180555555555	0.8131944444444444
3	1.046875	1.2861111111111112	0.4036458333333333	1.2861111111111112
11	1.0876736111111112	0.48506944444444444	0.057291666666666664	0.48506944444444444
11	0.6488715277777778	0.46319444444444446	0.1306423611111111	0.46319444444444446
0	0.5284288194444444	0.4065972222222222	0.12196180555555555	0.11041666666666666
3	0.5234375	0.6430555555555556	0.4036458333333333	0.12013888888888889
11	0.5438368055555556	0.24253472222222222	0.057291666666666664	0.035069444444444445
11	0.3244357638888889	0.23159722222222223	0.1306423611111111	0.020833333333333332
0	0.5284288194444444	0.4065972222222222	0.12196180555555555	0.11041666666666666
3	0.5234375	0.6430555555555556	0.4036458333333333	0.12013888888888889
11	0.5438368055555556	0.24253472222222222	0.057291666666666664	0.035069444444444445
