11	0.66552734375	0.4108	0.08642578125	0.4108
11	0.1435546875	1.7028	0.029296875	1.7028
13	0.80224609375	0.4856	0.05126953125	0.4856
13	0.5380859375	0.584	0.0810546875	0.584
13	1.46630859375	0.6212	0.04248046875	0.6212
11	0.66552734375	0.4108	0.08642578125	0.4108
11	0.1435546875	1.7028	0.029296875	1.7028
13	0.80224609375	0.4856	0.05126953125	0.4856
13	0.5380859375	0.584	0.0810546875	0.584
13	1.46630859375	0.6212	0.04248046875	0.6212
11	0.332763671875	0.2054	0.08642578125	0.03
11	0.07177734375	0.8514	0.029296875	0.0388
13	0.401123046875	0.2428	0.05126953125	0.0608
13	0.26904296875	0.292	0.0810546875	0.056
13	0.733154296875	0.3106	0.04248046875	0.0356
11	0.332763671875	0.2054	0.08642578125	0.03
10	0.07177734375	0.8514	0.029296875	0.0388
13	0.401123046875	0.2428	0.05126953125	0.0608
0	0.5478515625	0.3498	0.0947265625	0.0956
9	0.729736328125	0.3208	0.04248046875	0.0248
