10	0.2678826895565093	1.8145057766367136	0.05329041487839771	1.8145057766367136
10	1.6713161659513591	1.9252246469833119	0.05329041487839771	1.9252246469833119
11	0.2678826895565093	1.8145057766367136	0.05329041487839771	1.8145057766367136
11	1.6713161659513591	1.9252246469833119	0.05329041487839771	1.9252246469833119
10	0.2678826895565093	1.8145057766367136	0.05329041487839771	1.8145057766367136
10	1.6713161659513591	1.9252246469833119	0.05329041487839771	1.9252246469833119
11	0.2678826895565093	1.8145057766367136	0.05329041487839771	1.8145057766367136
11	1.6713161659513591	1.9252246469833119	0.05329041487839771	1.9252246469833119
10	0.13394134477825465	0.9072528883183568	0.05329041487839771	0.04942233632862644
10	0.8356580829756796	0.9626123234916559	0.05329041487839771	0.05808729139922978
11	0.13394134477825465	0.9072528883183568	0.05329041487839771	0.04942233632862644
11	0.8356580829756796	0.9626123234916559	0.05329041487839771	0.05808729139922978
8	0.7587625178826896	0.4305198973042362	0.12195994277539342	0.1376765083440308
6	0.7503576537911302	0.4361360718870347	0.11731044349070101	0.1258023106546855
10	0.13394134477825465	0.9072528883183568	0.05329041487839771	0.04942233632862644
11	0.13394134477825465	0.9072528883183568	0.05329041487839771	0.04942233632862644
0	0.5761802575107297	0.3684210526315789	0.09155937052932761	0.09435173299101413
13	0.8306509298998569	0.45105905006418484	0.043276108726752506	0.015083440308087292
7	0.7600143061516452	0.4313222079589217	0.11373390557939914	0.13543003851091143
