8	1.7586776859504132	0.6705927051671733	0.049586776859504134	0.6705927051671733
8	1.4202479338842975	0.4851823708206687	0.06074380165289256	0.4851823708206687
8	0.7417355371900827	1.2082066869300911	0.21694214876033058	1.2082066869300911
8	1.6917355371900826	0.4521276595744681	0.06859504132231405	0.4521276595744681
7	1.6966942148760331	0.4243920972644377	0.06776859504132231	0.4243920972644377
7	1.7586776859504132	0.6705927051671733	0.049586776859504134	0.6705927051671733
7	0.7495867768595041	1.1952887537993921	0.2206611570247934	1.1952887537993921
8	1.7586776859504132	0.6705927051671733	0.049586776859504134	0.6705927051671733
8	1.4202479338842975	0.4851823708206687	0.06074380165289256	0.4851823708206687
8	0.7417355371900827	1.2082066869300911	0.21694214876033058	1.2082066869300911
8	1.6917355371900826	0.4521276595744681	0.06859504132231405	0.4521276595744681
7	1.6966942148760331	0.4243920972644377	0.06776859504132231	0.4243920972644377
7	1.7586776859504132	0.6705927051671733	0.049586776859504134	0.6705927051671733
7	0.7495867768595041	1.1952887537993921	0.2206611570247934	1.1952887537993921
8	0.8793388429752066	0.33529635258358664	0.049586776859504134	0.03001519756838906
8	0.7101239669421487	0.24259118541033434	0.06074380165289256	0.04901215805471125
8	0.37086776859504134	0.6041033434650456	0.21694214876033058	0.27887537993920974
8	0.8458677685950413	0.22606382978723405	0.06859504132231405	0.07674772036474165
7	0.8483471074380166	0.21219604863221886	0.06776859504132231	0.051291793313069906
7	0.8793388429752066	0.33529635258358664	0.049586776859504134	0.03001519756838906
7	0.3747933884297521	0.5976443768996961	0.2206611570247934	0.28343465045592703
8	0.8793388429752066	0.33529635258358664	0.049586776859504134	0.03001519756838906
9	0.8446280991735537	0.22929331306990883	0.08429752066115702	0.07332826747720365
7	0.8483471074380166	0.21219604863221886	0.06776859504132231	0.051291793313069906
