6	0.6279527559055118	0.5029296875	0.15236220472440945	0.5029296875
4	1.3011811023622046	0.5032552083333334	0.19566929133858268	0.5032552083333334
7	1.3011811023622046	0.5032552083333334	0.19566929133858268	0.5032552083333334
6	0.6279527559055118	0.5029296875	0.15236220472440945	0.5029296875
4	1.3011811023622046	0.5032552083333334	0.19566929133858268	0.5032552083333334
7	1.3011811023622046	0.5032552083333334	0.19566929133858268	0.5032552083333334
6	0.3139763779527559	0.25146484375	0.15236220472440945	0.15071614583333334
4	0.6505905511811023	0.2516276041666667	0.19566929133858268	0.24153645833333334
7	0.6505905511811023	0.2516276041666667	0.19566929133858268	0.24153645833333334
7	0.6505905511811023	0.2516276041666667	0.19566929133858268	0.24153645833333334
6	0.3139763779527559	0.25146484375	0.15236220472440945	0.15071614583333334
4	0.6505905511811023	0.2516276041666667	0.19566929133858268	0.24153645833333334
13	0.6505905511811023	0.2516276041666667	0.19566929133858268	0.24153645833333334
