0	1.0421006944444444	0.4375	0.10286458333333333	0.4375
8	1.5373263888888888	0.8145833333333333	0.035590277777777776	0.8145833333333333
8	0.6766493055555556	0.5118055555555555	0.04383680555555555	0.5118055555555555
8	1.46484375	0.6236111111111111	0.047309027777777776	0.6236111111111111
8	1.3229166666666667	0.7003472222222222	0.08940972222222222	0.7003472222222222
8	0.4756944444444444	0.5152777777777777	0.0798611111111111	0.5152777777777777
8	0.6870659722222222	0.6354166666666666	0.061197916666666664	0.6354166666666666
8	0.6119791666666666	0.33055555555555555	0.03819444444444445	0.33055555555555555
3	1.0512152777777777	0.9149305555555556	0.4166666666666667	0.9149305555555556
0	1.0421006944444444	0.4375	0.10286458333333333	0.4375
8	1.5373263888888888	0.8145833333333333	0.035590277777777776	0.8145833333333333
8	0.6766493055555556	0.5118055555555555	0.04383680555555555	0.5118055555555555
8	1.46484375	0.6236111111111111	0.047309027777777776	0.6236111111111111
8	1.3229166666666667	0.7003472222222222	0.08940972222222222	0.7003472222222222
8	0.4756944444444444	0.5152777777777777	0.0798611111111111	0.5152777777777777
8	0.6870659722222222	0.6354166666666666	0.061197916666666664	0.6354166666666666
8	0.6119791666666666	0.33055555555555555	0.03819444444444445	0.33055555555555555
3	1.0512152777777777	0.9149305555555556	0.4166666666666667	0.9149305555555556
0	0.5210503472222222	0.21875	0.10286458333333333	0.07013888888888889
8	0.7686631944444444	0.40729166666666666	0.035590277777777776	0.02847222222222222
8	0.3383246527777778	0.25590277777777776	0.04383680555555555	0.041666666666666664
8	0.732421875	0.31180555555555556	0.047309027777777776	0.03125
8	0.6614583333333334	0.3501736111111111	0.08940972222222222	0.09479166666666666
8	0.2378472222222222	0.25763888888888886	0.0798611111111111	0.06597222222222222
8	0.3435329861111111	0.3177083333333333	0.061197916666666664	0.04652777777777778
8	0.3059895833333333	0.16527777777777777	0.03819444444444445	0.029861111111111113
3	0.5256076388888888	0.4574652777777778	0.4166666666666667	0.08784722222222222
0	0.5210503472222222	0.21875	0.10286458333333333	0.07013888888888889
8	0.7686631944444444	0.40729166666666666	0.035590277777777776	0.02847222222222222
3	0.5256076388888888	0.4574652777777778	0.4166666666666667	0.08784722222222222
7	0.3493923611111111	0.2864583333333333	0.0763888888888889	0.15833333333333333
