10	0.2986409155937053	1.3581495098039216	0.08690987124463519	1.3581495098039216
9	0.1734620886981402	1.3008578431372548	0.09907010014306152	1.3008578431372548
9	0.4409871244635193	0.6338848039215687	0.4073676680972818	0.6338848039215687
7	0.5332618025751072	0.8700980392156863	0.2814735336194564	0.8700980392156863
10	0.2986409155937053	1.3581495098039216	0.08690987124463519	1.3581495098039216
9	0.1734620886981402	1.3008578431372548	0.09907010014306152	1.3008578431372548
9	0.4409871244635193	0.6338848039215687	0.4073676680972818	0.6338848039215687
7	0.5332618025751072	0.8700980392156863	0.2814735336194564	0.8700980392156863
10	0.14932045779685266	0.6790747549019608	0.08690987124463519	0.1878063725490196
9	0.0867310443490701	0.6504289215686274	0.09907010014306152	0.5582107843137255
9	0.22049356223175964	0.3169424019607843	0.4073676680972818	0.22947303921568626
7	0.2666309012875536	0.43504901960784315	0.2814735336194564	0.522671568627451
10	0.14932045779685266	0.6790747549019608	0.08690987124463519	0.1878063725490196
9	0.0867310443490701	0.6504289215686274	0.09907010014306152	0.5582107843137255
11	0.14932045779685266	0.6790747549019608	0.08690987124463519	0.1878063725490196
7	0.2666309012875536	0.43504901960784315	0.2814735336194564	0.522671568627451
6	0.2861230329041488	0.45419730392156865	0.2918454935622318	0.4543504901960784
