13	0.6336805555555556	0.5982638888888889	0.14756944444444445	0.5982638888888889
13	0.5911458333333334	0.640625	0.11024305555555555	0.640625
13	0.7239583333333334	0.5024305555555556	0.17708333333333334	0.5024305555555556
13	0.6336805555555556	0.5982638888888889	0.14756944444444445	0.5982638888888889
13	0.5911458333333334	0.640625	0.11024305555555555	0.640625
13	0.7239583333333334	0.5024305555555556	0.17708333333333334	0.5024305555555556
13	0.3168402777777778	0.29913194444444446	0.14756944444444445	0.14270833333333333
13	0.2955729166666667	0.3203125	0.11024305555555555	0.04548611111111111
13	0.3619791666666667	0.2512152777777778	0.17708333333333334	0.08298611111111111
13	0.3168402777777778	0.29913194444444446	0.14756944444444445	0.14270833333333333
11	0.7901475694444444	0.20225694444444445	0.06727430555555555	0.033680555555555554
