0	1.1790364583333333	0.5358072916666666	0.10481770833333333	0.5358072916666666
11	0.8024088541666666	0.28515625	0.1357421875	0.28515625
11	1.2766927083333333	0.2952473958333333	0.16796875	0.2952473958333333
3	1.1539713541666667	0.9736328125	0.3668619791666667	0.9736328125
0	1.1790364583333333	0.5358072916666666	0.10481770833333333	0.5358072916666666
11	0.8024088541666666	0.28515625	0.1357421875	0.28515625
11	1.2766927083333333	0.2952473958333333	0.16796875	0.2952473958333333
3	1.1539713541666667	0.9736328125	0.3668619791666667	0.9736328125
0	0.5895182291666666	0.2679036458333333	0.10481770833333333	0.140625
11	0.4012044270833333	0.142578125	0.1357421875	0.033854166666666664
11	0.6383463541666666	0.14762369791666666	0.16796875	0.056315104166666664
3	0.5769856770833334	0.48681640625	0.3668619791666667	0.10774739583333333
11	0.4012044270833333	0.142578125	0.1357421875	0.033854166666666664
3	0.5769856770833334	0.48681640625	0.3668619791666667	0.10774739583333333
0	0.5895182291666666	0.2679036458333333	0.10481770833333333	0.140625
