3	1.190217391304348	1.131432545201669	0.4798136645962733	1.131432545201669
13	1.5671583850931676	0.7562586926286509	0.06793478260869565	0.7562586926286509
13	0.6944875776397516	0.9568845618915159	0.16576086956521738	0.9568845618915159
13	0.4231366459627329	0.5469401947148818	0.1622670807453416	0.5469401947148818
13	0.3804347826086957	0.5639777468706537	0.059782608695652176	0.5639777468706537
0	1.1661490683229814	0.5177329624478443	0.1482919254658385	0.5177329624478443
3	1.190217391304348	1.131432545201669	0.4798136645962733	1.131432545201669
13	1.5671583850931676	0.7562586926286509	0.06793478260869565	0.7562586926286509
13	0.6944875776397516	0.9568845618915159	0.16576086956521738	0.9568845618915159
13	0.4231366459627329	0.5469401947148818	0.1622670807453416	0.5469401947148818
13	0.3804347826086957	0.5639777468706537	0.059782608695652176	0.5639777468706537
0	1.1661490683229814	0.5177329624478443	0.1482919254658385	0.5177329624478443
0	0.5830745341614907	0.25886648122392214	0.1482919254658385	0.10744089012517385
3	0.595108695652174	0.5657162726008345	0.4798136645962733	0.1356050069541029
13	0.7835791925465838	0.37812934631432543	0.06793478260869565	0.0476356050069541
13	0.3472437888198758	0.47844228094575797	0.16576086956521738	0.06467315716272601
13	0.21156832298136646	0.2734700973574409	0.1622670807453416	0.12830319888734354
13	0.19021739130434784	0.28198887343532686	0.059782608695652176	0.014603616133518776
3	0.595108695652174	0.5657162726008345	0.4798136645962733	0.1356050069541029
13	0.7835791925465838	0.37812934631432543	0.06793478260869565	0.0476356050069541
0	0.5830745341614907	0.25886648122392214	0.1482919254658385	0.10744089012517385
11	0.09180900621118013	0.6136995827538247	0.054736024844720496	0.10778859527121001
7	0.09180900621118013	0.6136995827538247	0.054736024844720496	0.10778859527121001
