3	1.0144628099173554	1.4159172661870503	0.4690082644628099	1.4159172661870503
11	0.42768595041322316	0.37410071942446044	0.15702479338842976	0.37410071942446044
0	1.0480371900826446	0.7936151079136691	0.12551652892561985	0.7936151079136691
3	1.0144628099173554	1.4159172661870503	0.4690082644628099	1.4159172661870503
11	0.42768595041322316	0.37410071942446044	0.15702479338842976	0.37410071942446044
0	1.0480371900826446	0.7936151079136691	0.12551652892561985	0.7936151079136691
3	0.5072314049586777	0.7079586330935251	0.4690082644628099	0.10656474820143885
11	0.21384297520661158	0.18705035971223022	0.15702479338842976	0.08633093525179857
0	0.5240185950413223	0.39680755395683454	0.12551652892561985	0.13983812949640287
11	0.21384297520661158	0.18705035971223022	0.15702479338842976	0.08633093525179857
0	0.5240185950413223	0.39680755395683454	0.12551652892561985	0.13983812949640287
3	0.5072314049586777	0.7079586330935251	0.4690082644628099	0.10656474820143885
