7	0.4886943836615609	1.2255859375	0.24288840262582057	1.2255859375
7	1.5346462436177972	1.1666666666666667	0.13858497447118892	1.1666666666666667
7	0.5200583515681984	1.0784505208333333	0.11889132020423049	1.0784505208333333
2	0.3037928519328957	1.267578125	0.0674690007293946	1.267578125
2	1.5444930707512765	1.3548177083333333	0.09664478482859226	1.3548177083333333
11	1.6469730123997082	1.0911458333333333	0.08315098468271334	1.0911458333333333
11	0.5598103574033552	0.2919921875	0.10466812545587163	0.2919921875
11	0.21407731582786288	1.4440104166666667	0.05725747629467542	1.4440104166666667
11	1.2932166301969366	0.2600911458333333	0.12035010940919037	0.2600911458333333
11	0.1885485047410649	1.4889322916666667	0.032458059810357404	1.4889322916666667
11	1.7104303428154632	1.4296875	0.10357403355215171	1.4296875
10	0.1885485047410649	1.4889322916666667	0.032458059810357404	1.4889322916666667
10	1.7104303428154632	1.4296875	0.10357403355215171	1.4296875
10	0.21407731582786288	1.4440104166666667	0.05725747629467542	1.4440104166666667
7	0.4886943836615609	1.2255859375	0.24288840262582057	1.2255859375
7	1.5346462436177972	1.1666666666666667	0.13858497447118892	1.1666666666666667
7	0.5200583515681984	1.0784505208333333	0.11889132020423049	1.0784505208333333
2	0.3037928519328957	1.267578125	0.0674690007293946	1.267578125
2	1.5444930707512765	1.3548177083333333	0.09664478482859226	1.3548177083333333
11	1.6469730123997082	1.0911458333333333	0.08315098468271334	1.0911458333333333
11	0.5598103574033552	0.2919921875	0.10466812545587163	0.2919921875
11	0.21407731582786288	1.4440104166666667	0.05725747629467542	1.4440104166666667
11	1.2932166301969366	0.2600911458333333	0.12035010940919037	0.2600911458333333
11	0.1885485047410649	1.4889322916666667	0.032458059810357404	1.4889322916666667
11	1.7104303428154632	1.4296875	0.10357403355215171	1.4296875
10	0.1885485047410649	1.4889322916666667	0.032458059810357404	1.4889322916666667
10	1.7104303428154632	1.4296875	0.10357403355215171	1.4296875
10	0.21407731582786288	1.4440104166666667	0.05725747629467542	1.4440104166666667
7	0.24434719183078046	0.61279296875	0.24288840262582057	0.2522786458333333
7	0.7673231218088986	0.5833333333333334	0.13858497447118892	0.19205729166666666
7	0.2600291757840992	0.5392252604166666	0.11889132020423049	0.12467447916666667
2	0.15189642596644784	0.6337890625	0.0674690007293946	0.13020833333333334
2	0.7722465353756383	0.6774088541666666	0.09664478482859226	0.04296875
11	0.8234865061998541	0.5455729166666666	0.08315098468271334	0.3841145833333333
11	0.2799051787016776	0.14599609375	0.10466812545587163	0.07259114583333333
11	0.10703865791393144	0.7220052083333334	0.05725747629467542	0.060546875
11	0.6466083150984683	0.13004557291666666	0.12035010940919037	0.06412760416666667
11	0.09427425237053245	0.7444661458333334	0.032458059810357404	0.040364583333333336
11	0.8552151714077316	0.71484375	0.10357403355215171	0.09049479166666667
10	0.09427425237053245	0.7444661458333334	0.032458059810357404	0.040364583333333336
10	0.8552151714077316	0.71484375	0.10357403355215171	0.09049479166666667
10	0.10703865791393144	0.7220052083333334	0.05725747629467542	0.060546875
7	0.24434719183078046	0.61279296875	0.24288840262582057	0.2522786458333333
13	0.7673231218088986	0.5833333333333334	0.13858497447118892	0.19205729166666666
2	0.15189642596644784	0.6337890625	0.0674690007293946	0.13020833333333334
11	0.8234865061998541	0.5455729166666666	0.08315098468271334	0.3841145833333333
10	0.09427425237053245	0.7444661458333334	0.032458059810357404	0.040364583333333336
6	0.2567469000729395	0.59326171875	0.22319474835886213	0.22102864583333334
5	0.2567469000729395	0.59326171875	0.22319474835886213	0.22102864583333334
4	0.2567469000729395	0.59326171875	0.22319474835886213	0.22102864583333334
