9	0.82470703125	0.8268	0.18017578125	0.8268
9	0.7314453125	1.1492	0.125	1.1492
3	0.99658203125	1.2232	0.40087890625	1.2232
0	0.98046875	0.7312	0.1220703125	0.7312
9	0.82470703125	0.8268	0.18017578125	0.8268
9	0.7314453125	1.1492	0.125	1.1492
3	0.99658203125	1.2232	0.40087890625	1.2232
0	0.98046875	0.7312	0.1220703125	0.7312
9	0.412353515625	0.4134	0.18017578125	0.5236
9	0.36572265625	0.5746	0.125	0.1444
3	0.498291015625	0.6116	0.40087890625	0.1552
0	0.490234375	0.3656	0.1220703125	0.1256
9	0.412353515625	0.4134	0.18017578125	0.5236
11	0.345458984375	0.1856	0.11865234375	0.0216
3	0.498291015625	0.6116	0.40087890625	0.1552
0	0.490234375	0.3656	0.1220703125	0.1256
4	0.495361328125	0.6258	0.40478515625	0.1252
