10	0.3016493055555556	1.257638888888889	0.1332465277777778	1.257638888888889
10	0.4409722222222222	1.2548611111111112	0.3133680555555556	1.2548611111111112
3	1.1050347222222223	1.2798611111111111	0.4453125	1.2798611111111111
10	0.3016493055555556	1.257638888888889	0.1332465277777778	1.257638888888889
10	0.4409722222222222	1.2548611111111112	0.3133680555555556	1.2548611111111112
3	1.1050347222222223	1.2798611111111111	0.4453125	1.2798611111111111
10	0.1508246527777778	0.6288194444444445	0.1332465277777778	0.15
10	0.2204861111111111	0.6274305555555556	0.3133680555555556	0.2388888888888889
3	0.5525173611111112	0.6399305555555556	0.4453125	0.13680555555555557
7	0.24739583333333334	0.6411458333333333	0.16493055555555555	0.05520833333333333
10	0.1508246527777778	0.6288194444444445	0.1332465277777778	0.15
11	0.16145833333333334	0.6239583333333333	0.1892361111111111	0.12986111111111112
3	0.5525173611111112	0.6399305555555556	0.4453125	0.13680555555555557
