13	1.4980959634424982	0.6558098591549296	0.2345773038842346	0.6558098591549296
13	1.6934501142421934	0.7723004694835681	0.08263518659558264	0.7723004694835681
13	0.6488956587966489	0.6370305164319249	0.2856054836252856	0.6370305164319249
13	1.714013709063214	0.6963028169014085	0.07121096725057122	0.6963028169014085
11	0.6488956587966489	0.6370305164319249	0.2856054836252856	0.6370305164319249
11	1.8035034272658035	1.5941901408450705	0.030464584920030464	1.5941901408450705
11	0.22658035034272658	1.6605046948356808	0.047600913937547604	1.6605046948356808
11	1.3792840822543793	0.3685446009389671	0.19954303122619954	0.3685446009389671
2	1.5293221629855294	0.5777582159624414	0.2338156892612338	0.5777582159624414
2	0.6317593297791317	0.6261737089201878	0.31035795887281037	0.6261737089201878
2	1.2372429550647372	0.75	0.02856054836252856	0.75
10	1.8035034272658035	1.5941901408450705	0.030464584920030464	1.5941901408450705
10	0.22658035034272658	1.6605046948356808	0.047600913937547604	1.6605046948356808
13	1.4980959634424982	0.6558098591549296	0.2345773038842346	0.6558098591549296
13	1.6934501142421934	0.7723004694835681	0.08263518659558264	0.7723004694835681
13	0.6488956587966489	0.6370305164319249	0.2856054836252856	0.6370305164319249
13	1.714013709063214	0.6963028169014085	0.07121096725057122	0.6963028169014085
11	0.6488956587966489	0.6370305164319249	0.2856054836252856	0.6370305164319249
11	1.8035034272658035	1.5941901408450705	0.030464584920030464	1.5941901408450705
11	0.22658035034272658	1.6605046948356808	0.047600913937547604	1.6605046948356808
11	1.3792840822543793	0.3685446009389671	0.19954303122619954	0.3685446009389671
2	1.5293221629855294	0.5777582159624414	0.2338156892612338	0.5777582159624414
2	0.6317593297791317	0.6261737089201878	0.31035795887281037	0.6261737089201878
2	1.2372429550647372	0.75	0.02856054836252856	0.75
10	1.8035034272658035	1.5941901408450705	0.030464584920030464	1.5941901408450705
10	0.22658035034272658	1.6605046948356808	0.047600913937547604	1.6605046948356808
10	0.9017517136329017	0.7970950704225352	0.030464584920030464	0.05721830985915493
10	0.11329017517136329	0.8302523474178404	0.047600913937547604	0.06778169014084508
13	0.7490479817212491	0.3279049295774648	0.2345773038842346	0.3119131455399061
13	0.8467250571210967	0.38615023474178406	0.08263518659558264	0.035211267605633804
13	0.32444782939832445	0.31851525821596244	0.2856054836252856	0.30545774647887325
13	0.857006854531607	0.34815140845070425	0.07121096725057122	0.027288732394366196
11	0.32444782939832445	0.31851525821596244	0.2856054836252856	0.30545774647887325
11	0.9017517136329017	0.7970950704225352	0.030464584920030464	0.05721830985915493
11	0.11329017517136329	0.8302523474178404	0.047600913937547604	0.06778169014084508
11	0.6896420411271896	0.18427230046948356	0.19954303122619954	0.062206572769953054
2	0.7646610814927647	0.2888791079812207	0.2338156892612338	0.24735915492957747
2	0.31587966488956587	0.3130868544600939	0.31035795887281037	0.29577464788732394
2	0.6186214775323686	0.375	0.02856054836252856	0.022300469483568074
13	0.7490479817212491	0.3279049295774648	0.2345773038842346	0.3119131455399061
11	0.32444782939832445	0.31851525821596244	0.2856054836252856	0.30545774647887325
8	0.7414318354912415	0.6662265258215962	0.18964204112718963	0.14172535211267606
2	0.7646610814927647	0.2888791079812207	0.2338156892612338	0.24735915492957747
0	0.5942498095963442	0.36399647887323944	0.11843107387661843	0.08832159624413145
3	0.5984386900228484	0.6852992957746479	0.46953541507996954	0.12411971830985916
10	0.9017517136329017	0.7970950704225352	0.030464584920030464	0.05721830985915493
9	0.6913556740289414	0.5824530516431925	0.1527037319116527	0.08274647887323944
