3	1.1849445930454718	1.2949494949494949	0.4642720672525793	1.2949494949494949
0	1.1444401987008024	0.6581818181818182	0.13565150936186474	0.6581818181818182
3	1.1849445930454718	1.2949494949494949	0.4642720672525793	1.2949494949494949
0	1.1444401987008024	0.6581818181818182	0.13565150936186474	0.6581818181818182
3	0.5924722965227359	0.6474747474747474	0.4642720672525793	0.16282828282828282
0	0.5722200993504012	0.3290909090909091	0.13565150936186474	0.14262626262626263
0	0.5722200993504012	0.3290909090909091	0.13565150936186474	0.14262626262626263
3	0.5924722965227359	0.6474747474747474	0.4642720672525793	0.16282828282828282
7	0.8570882690103172	0.6381818181818182	0.07336645013374092	0.17333333333333334
9	0.8570882690103172	0.6381818181818182	0.07336645013374092	0.17333333333333334
