7	0.5512152777777778	1.0972222222222223	0.11284722222222222	1.0972222222222223
7	0.4088541666666667	1.0673611111111112	0.17274305555555555	1.0673611111111112
10	0.35546875	1.0663194444444444	0.24348958333333334	1.0663194444444444
11	0.6427951388888888	0.3315972222222222	0.14973958333333334	0.3315972222222222
7	0.5512152777777778	1.0972222222222223	0.11284722222222222	1.0972222222222223
7	0.4088541666666667	1.0673611111111112	0.17274305555555555	1.0673611111111112
10	0.35546875	1.0663194444444444	0.24348958333333334	1.0663194444444444
11	0.6427951388888888	0.3315972222222222	0.14973958333333334	0.3315972222222222
7	0.2756076388888889	0.5486111111111112	0.11284722222222222	0.12986111111111112
7	0.20442708333333334	0.5336805555555556	0.17274305555555555	0.1527777777777778
10	0.177734375	0.5331597222222222	0.24348958333333334	0.24131944444444445
11	0.3213975694444444	0.1657986111111111	0.14973958333333334	0.04826388888888889
7	0.2756076388888889	0.5486111111111112	0.11284722222222222	0.12986111111111112
3	0.5299479166666666	0.5722222222222222	0.46875	0.12777777777777777
10	0.177734375	0.5331597222222222	0.24348958333333334	0.24131944444444445
11	0.3213975694444444	0.1657986111111111	0.14973958333333334	0.04826388888888889
