11	1.3632901751713633	0.41887905604719766	0.17364813404417365	0.41887905604719766
3	1.1904036557501905	1.3912241887905605	0.4691546077684692	1.3912241887905605
0	1.209063214013709	0.8443952802359882	0.13290175171363292	0.8443952802359882
5	0.5209444021325209	1.056047197640118	0.3115003808073115	1.056047197640118
5	1.5605483625285606	1.0921828908554572	0.25057121096725055	1.0921828908554572
11	1.3632901751713633	0.41887905604719766	0.17364813404417365	0.41887905604719766
3	1.1904036557501905	1.3912241887905605	0.4691546077684692	1.3912241887905605
0	1.209063214013709	0.8443952802359882	0.13290175171363292	0.8443952802359882
5	0.5209444021325209	1.056047197640118	0.3115003808073115	1.056047197640118
5	1.5605483625285606	1.0921828908554572	0.25057121096725055	1.0921828908554572
0	0.6045316070068545	0.4221976401179941	0.13290175171363292	0.15634218289085547
5	0.26047220106626046	0.528023598820059	0.3115003808073115	0.4557522123893805
5	0.7802741812642803	0.5460914454277286	0.25057121096725055	0.4918879056047198
11	0.6816450875856817	0.20943952802359883	0.17364813404417365	0.08628318584070796
3	0.5952018278750952	0.6956120943952803	0.4691546077684692	0.16924778761061948
11	0.6816450875856817	0.20943952802359883	0.17364813404417365	0.08628318584070796
3	0.5952018278750952	0.6956120943952803	0.4691546077684692	0.16924778761061948
0	0.6045316070068545	0.4221976401179941	0.13290175171363292	0.15634218289085547
5	0.26047220106626046	0.528023598820059	0.3115003808073115	0.4557522123893805
13	0.7416222391469917	0.49428466076696165	0.13518659558263518	0.07927728613569321
