11	1.4208984375	1.1684	0.04296875	1.1684
11	0.18212890625	1.1352	0.02197265625	1.1352
10	0.18212890625	1.1352	0.02197265625	1.1352
10	1.4208984375	1.1684	0.04296875	1.1684
6	1.20166015625	0.87	0.17138671875	0.87
11	1.4208984375	1.1684	0.04296875	1.1684
11	0.18212890625	1.1352	0.02197265625	1.1352
10	0.18212890625	1.1352	0.02197265625	1.1352
10	1.4208984375	1.1684	0.04296875	1.1684
6	1.20166015625	0.87	0.17138671875	0.87
11	0.71044921875	0.5842	0.04296875	0.0324
11	0.091064453125	0.5676	0.02197265625	0.0392
10	0.091064453125	0.5676	0.02197265625	0.0392
10	0.71044921875	0.5842	0.04296875	0.0324
6	0.600830078125	0.435	0.17138671875	0.2116
7	0.600830078125	0.435	0.17138671875	0.2116
11	0.71044921875	0.5842	0.04296875	0.0324
10	0.091064453125	0.5676	0.02197265625	0.0392
6	0.600830078125	0.435	0.17138671875	0.2116
5	0.58154296875	0.4228	0.2080078125	0.2312
13	0.610107421875	0.4344	0.17822265625	0.2088
