9	1.0653543307086615	1.095703125	0.25984251968503935	1.095703125
6	1.4401574803149606	0.7809244791666666	0.22677165354330708	0.7809244791666666
9	1.0653543307086615	1.095703125	0.25984251968503935	1.095703125
6	1.4401574803149606	0.7809244791666666	0.22677165354330708	0.7809244791666666
6	0.7200787401574803	0.3904622395833333	0.22677165354330708	0.3642578125
9	0.5326771653543307	0.5478515625	0.25984251968503935	0.5540364583333334
9	0.5326771653543307	0.5478515625	0.25984251968503935	0.5540364583333334
6	0.7200787401574803	0.3904622395833333	0.22677165354330708	0.3642578125
11	0.6665354330708662	0.14534505208333334	0.09606299212598425	0.051106770833333336
7	0.7200787401574803	0.3904622395833333	0.22677165354330708	0.3642578125
4	0.7246062992125984	0.44189453125	0.3531496062992126	0.5263671875
