5	1.5160590277777777	0.9684027777777777	0.28515625	0.9684027777777777
8	1.3350694444444444	0.8263888888888888	0.1362847222222222	0.8263888888888888
8	0.3146701388888889	1.3076388888888888	0.023871527777777776	1.3076388888888888
6	1.4735243055555556	0.9138888888888889	0.21223958333333334	0.9138888888888889
5	1.5160590277777777	0.9684027777777777	0.28515625	0.9684027777777777
8	1.3350694444444444	0.8263888888888888	0.1362847222222222	0.8263888888888888
8	0.3146701388888889	1.3076388888888888	0.023871527777777776	1.3076388888888888
6	1.4735243055555556	0.9138888888888889	0.21223958333333334	0.9138888888888889
5	0.7580295138888888	0.48420138888888886	0.28515625	0.33576388888888886
8	0.6675347222222222	0.4131944444444444	0.1362847222222222	0.12569444444444444
8	0.15733506944444445	0.6538194444444444	0.023871527777777776	0.021527777777777778
6	0.7367621527777778	0.45694444444444443	0.21223958333333334	0.30069444444444443
6	0.7367621527777778	0.45694444444444443	0.21223958333333334	0.30069444444444443
10	0.9500868055555556	0.7067708333333333	0.04774305555555555	0.053125
5	0.7580295138888888	0.48420138888888886	0.28515625	0.33576388888888886
8	0.6675347222222222	0.4131944444444444	0.1362847222222222	0.12569444444444444
11	0.9500868055555556	0.7067708333333333	0.04774305555555555	0.053125
0	0.5740017361111112	0.3451388888888889	0.1332465277777778	0.1326388888888889
13	0.7367621527777778	0.45694444444444443	0.21223958333333334	0.30069444444444443
7	0.7643229166666666	0.48020833333333335	0.3211805555555556	0.35347222222222224
