7	0.37710843373493974	1.183806146572104	0.02289156626506024	1.183806146572104
7	0.5316265060240963	0.8643617021276596	0.01957831325301205	0.8643617021276596
7	1.405421686746988	0.8699763593380615	0.14457831325301204	0.8699763593380615
7	0.4358433734939759	1.1521867612293144	0.12680722891566265	1.1521867612293144
7	0.4210843373493976	0.8365839243498818	0.03674698795180723	0.8365839243498818
10	1.4048192771084338	1.1155437352245863	0.22228915662650603	1.1155437352245863
10	0.3292168674698795	1.535756501182033	0.03102409638554217	1.535756501182033
8	0.4108433734939759	0.833628841607565	0.01927710843373494	0.833628841607565
8	0.5343373493975904	0.8696808510638298	0.019879518072289156	0.8696808510638298
6	0.47379518072289156	1.2641843971631206	0.11536144578313252	1.2641843971631206
6	0.4358433734939759	1.1521867612293144	0.12680722891566265	1.1521867612293144
7	0.37710843373493974	1.183806146572104	0.02289156626506024	1.183806146572104
7	0.5316265060240963	0.8643617021276596	0.01957831325301205	0.8643617021276596
7	1.405421686746988	0.8699763593380615	0.14457831325301204	0.8699763593380615
7	0.4358433734939759	1.1521867612293144	0.12680722891566265	1.1521867612293144
7	0.4210843373493976	0.8365839243498818	0.03674698795180723	0.8365839243498818
10	1.4048192771084338	1.1155437352245863	0.22228915662650603	1.1155437352245863
10	0.3292168674698795	1.535756501182033	0.03102409638554217	1.535756501182033
8	0.4108433734939759	0.833628841607565	0.01927710843373494	0.833628841607565
8	0.5343373493975904	0.8696808510638298	0.019879518072289156	0.8696808510638298
6	0.47379518072289156	1.2641843971631206	0.11536144578313252	1.2641843971631206
6	0.4358433734939759	1.1521867612293144	0.12680722891566265	1.1521867612293144
7	0.18855421686746987	0.591903073286052	0.02289156626506024	0.030732860520094562
7	0.26581325301204817	0.4321808510638298	0.01957831325301205	0.0233451536643026
7	0.702710843373494	0.43498817966903075	0.14457831325301204	0.08865248226950355
7	0.21792168674698795	0.5760933806146572	0.12680722891566265	0.3117612293144208
7	0.2105421686746988	0.4182919621749409	0.03674698795180723	0.020390070921985817
10	0.7024096385542169	0.5577718676122931	0.22228915662650603	0.33717494089834515
10	0.16460843373493975	0.7678782505910166	0.03102409638554217	0.09131205673758866
8	0.20542168674698796	0.4168144208037825	0.01927710843373494	0.015661938534278958
8	0.2671686746987952	0.4348404255319149	0.019879518072289156	0.013888888888888888
6	0.23689759036144578	0.6320921985815603	0.11536144578313252	0.11879432624113476
6	0.21792168674698795	0.5760933806146572	0.12680722891566265	0.3117612293144208
7	0.18855421686746987	0.591903073286052	0.02289156626506024	0.030732860520094562
10	0.7024096385542169	0.5577718676122931	0.22228915662650603	0.33717494089834515
8	0.20542168674698796	0.4168144208037825	0.01927710843373494	0.015661938534278958
13	0.6647590361445783	0.3494385342789598	0.17349397590361446	0.09663120567375887
6	0.23689759036144578	0.6320921985815603	0.11536144578313252	0.11879432624113476
11	0.16460843373493975	0.7678782505910166	0.03102409638554217	0.09131205673758866
0	0.5326807228915663	0.34426713947990545	0.10331325301204819	0.08392434988179669
