12	0.3519965277777778	1.2479166666666666	0.15755208333333334	1.2479166666666666
9	0.6597222222222222	0.12638888888888888	0.12586805555555555	0.12638888888888888
9	1.9596354166666667	1.2777777777777777	0.040364583333333336	1.2777777777777777
9	0.2300347222222222	0.5527777777777778	0.19010416666666666	0.5527777777777778
9	1.4396701388888888	0.15381944444444445	0.15755208333333334	0.15381944444444445
9	0.21223958333333334	1.1256944444444446	0.1323784722222222	1.1256944444444446
9	0.4600694444444444	0.5878472222222222	0.4184027777777778	0.5878472222222222
9	0.1332465277777778	1.5534722222222221	0.08984375	1.5534722222222221
9	1.1293402777777777	0.11736111111111111	0.6232638888888888	0.11736111111111111
9	0.0998263888888889	0.12291666666666666	0.09461805555555555	0.12291666666666666
13	0.5169270833333334	0.9145833333333333	0.07335069444444445	0.9145833333333333
13	0.4223090277777778	1.2204861111111112	0.1072048611111111	1.2204861111111112
13	0.6106770833333334	1.0065972222222221	0.08463541666666667	1.0065972222222221
10	0.3255208333333333	1.3423611111111111	0.1388888888888889	1.3423611111111111
10	0.2152777777777778	1.3246527777777777	0.03993055555555555	1.3246527777777777
11	0.7009548611111112	0.29270833333333335	0.1818576388888889	0.29270833333333335
11	0.2152777777777778	1.3246527777777777	0.03993055555555555	1.3246527777777777
12	0.3519965277777778	1.2479166666666666	0.15755208333333334	1.2479166666666666
9	0.6597222222222222	0.12638888888888888	0.12586805555555555	0.12638888888888888
9	1.9596354166666667	1.2777777777777777	0.040364583333333336	1.2777777777777777
9	0.2300347222222222	0.5527777777777778	0.19010416666666666	0.5527777777777778
9	1.4396701388888888	0.15381944444444445	0.15755208333333334	0.15381944444444445
9	0.21223958333333334	1.1256944444444446	0.1323784722222222	1.1256944444444446
9	0.4600694444444444	0.5878472222222222	0.4184027777777778	0.5878472222222222
9	0.1332465277777778	1.5534722222222221	0.08984375	1.5534722222222221
9	1.1293402777777777	0.11736111111111111	0.6232638888888888	0.11736111111111111
9	0.0998263888888889	0.12291666666666666	0.09461805555555555	0.12291666666666666
13	0.5169270833333334	0.9145833333333333	0.07335069444444445	0.9145833333333333
13	0.4223090277777778	1.2204861111111112	0.1072048611111111	1.2204861111111112
13	0.6106770833333334	1.0065972222222221	0.08463541666666667	1.0065972222222221
10	0.3255208333333333	1.3423611111111111	0.1388888888888889	1.3423611111111111
10	0.2152777777777778	1.3246527777777777	0.03993055555555555	1.3246527777777777
11	0.7009548611111112	0.29270833333333335	0.1818576388888889	0.29270833333333335
11	0.2152777777777778	1.3246527777777777	0.03993055555555555	1.3246527777777777
12	0.1759982638888889	0.6239583333333333	0.15755208333333334	0.07569444444444444
9	0.3298611111111111	0.06319444444444444	0.12586805555555555	0.10833333333333334
9	0.9798177083333334	0.6388888888888888	0.040364583333333336	0.08194444444444444
9	0.1150173611111111	0.2763888888888889	0.19010416666666666	0.32013888888888886
9	0.7198350694444444	0.07690972222222223	0.15755208333333334	0.10868055555555556
9	0.10611979166666667	0.5628472222222223	0.1323784722222222	0.8590277777777777
9	0.2300347222222222	0.2939236111111111	0.4184027777777778	0.5572916666666666
9	0.0666232638888889	0.7767361111111111	0.08984375	0.40902777777777777
9	0.5646701388888888	0.058680555555555555	0.6232638888888888	0.10416666666666667
9	0.04991319444444445	0.06145833333333333	0.09461805555555555	0.03819444444444445
13	0.2584635416666667	0.45729166666666665	0.07335069444444445	0.021527777777777778
13	0.2111545138888889	0.6102430555555556	0.1072048611111111	0.071875
13	0.3053385416666667	0.5032986111111111	0.08463541666666667	0.012152777777777778
10	0.16276041666666666	0.6711805555555556	0.1388888888888889	0.08472222222222223
10	0.1076388888888889	0.6623263888888888	0.03993055555555555	0.05520833333333333
11	0.3504774305555556	0.14635416666666667	0.1818576388888889	0.027430555555555555
11	0.1076388888888889	0.6623263888888888	0.03993055555555555	0.05520833333333333
12	0.1759982638888889	0.6239583333333333	0.15755208333333334	0.07569444444444444
9	0.3298611111111111	0.06319444444444444	0.12586805555555555	0.10833333333333334
7	0.26171875	0.4192708333333333	0.3012152777777778	0.49270833333333336
13	0.2584635416666667	0.45729166666666665	0.07335069444444445	0.021527777777777778
10	0.16276041666666666	0.6711805555555556	0.1388888888888889	0.08472222222222223
11	0.3504774305555556	0.14635416666666667	0.1818576388888889	0.027430555555555555
0	0.5815972222222222	0.2907986111111111	0.10416666666666667	0.10034722222222223
