0	1.1642987249544627	0.774749373433584	0.11366120218579236	0.774749373433584
7	0.3205828779599271	1.1791979949874687	0.02695810564663024	1.1791979949874687
7	0.4943533697632058	1.2534461152882206	0.25610200364298724	1.2534461152882206
0	1.1642987249544627	0.774749373433584	0.11366120218579236	0.774749373433584
7	0.3205828779599271	1.1791979949874687	0.02695810564663024	1.1791979949874687
7	0.4943533697632058	1.2534461152882206	0.25610200364298724	1.2534461152882206
0	0.5821493624772314	0.387374686716792	0.11366120218579236	0.10181704260651629
7	0.16029143897996356	0.5895989974937343	0.02695810564663024	0.023809523809523808
7	0.2471766848816029	0.6267230576441103	0.25610200364298724	0.23840852130325815
0	0.5821493624772314	0.387374686716792	0.11366120218579236	0.10181704260651629
8	0.1628415300546448	0.5916353383458647	0.02695810564663024	0.022243107769423558
7	0.16029143897996356	0.5895989974937343	0.02695810564663024	0.023809523809523808
