13	1.6198960653303638	1.4816560080780883	0.06978470675575353	1.4816560080780883
9	1.0734966592427617	0.3174015483002356	0.09799554565701558	0.3174015483002356
3	1.1028210838901262	1.3308650286098958	0.4561989606533036	1.3308650286098958
13	1.6198960653303638	1.4816560080780883	0.06978470675575353	1.4816560080780883
9	1.0734966592427617	0.3174015483002356	0.09799554565701558	0.3174015483002356
3	1.1028210838901262	1.3308650286098958	0.4561989606533036	1.3308650286098958
13	0.8099480326651819	0.7408280040390441	0.06978470675575353	0.04442948502187816
9	0.5367483296213809	0.1587007741501178	0.09799554565701558	0.21911814203971727
3	0.5514105419450631	0.6654325143049479	0.4561989606533036	0.12251767081790643
13	0.8099480326651819	0.7408280040390441	0.06978470675575353	0.04442948502187816
9	0.5367483296213809	0.1587007741501178	0.09799554565701558	0.21911814203971727
3	0.5514105419450631	0.6654325143049479	0.4561989606533036	0.12251767081790643
