2	1.0446854663774403	0.6226880394574599	0.2577006507592191	0.6226880394574599
2	1.1579175704989153	0.5219893136046033	0.06550976138828633	0.5219893136046033
0	0.9921908893709328	0.6173448417591451	0.3422993492407809	0.6173448417591451
2	1.0446854663774403	0.6226880394574599	0.2577006507592191	0.6226880394574599
2	1.1579175704989153	0.5219893136046033	0.06550976138828633	0.5219893136046033
0	0.9921908893709328	0.6173448417591451	0.3422993492407809	0.6173448417591451
2	0.5223427331887202	0.31134401972872994	0.2577006507592191	0.1631730374023839
2	0.5789587852494577	0.26099465680230166	0.06550976138828633	0.0468557336621455
0	0.4960954446854664	0.30867242087957253	0.3422993492407809	0.17427044800657623
2	0.5223427331887202	0.31134401972872994	0.2577006507592191	0.1631730374023839
0	0.4960954446854664	0.30867242087957253	0.3422993492407809	0.17427044800657623
