11	1.2899305555555556	0.4013888888888889	0.12586805555555555	0.4013888888888889
11	0.7118055555555556	0.39375	0.09635416666666667	0.39375
0	1.1675347222222223	0.8288194444444444	0.1796875	0.8288194444444444
11	1.2899305555555556	0.4013888888888889	0.12586805555555555	0.4013888888888889
11	0.7118055555555556	0.39375	0.09635416666666667	0.39375
0	1.1675347222222223	0.8288194444444444	0.1796875	0.8288194444444444
11	0.6449652777777778	0.20069444444444445	0.12586805555555555	0.03194444444444444
11	0.3559027777777778	0.196875	0.09635416666666667	0.04027777777777778
0	0.5837673611111112	0.4144097222222222	0.1796875	0.18784722222222222
12	0.33203125	0.1996527777777778	0.08333333333333333	0.034722222222222224
11	0.6449652777777778	0.20069444444444445	0.12586805555555555	0.03194444444444444
0	0.5837673611111112	0.4144097222222222	0.1796875	0.18784722222222222
