7	0.4161631419939577	1.3026905829596414	0.25604229607250756	1.3026905829596414
10	0.4086102719033233	1.2238949391415759	0.28323262839879154	1.2238949391415759
13	0.4671450151057402	1.0791159513132607	0.16805135951661632	1.0791159513132607
7	0.4161631419939577	1.3026905829596414	0.25604229607250756	1.3026905829596414
10	0.4086102719033233	1.2238949391415759	0.28323262839879154	1.2238949391415759
13	0.4671450151057402	1.0791159513132607	0.16805135951661632	1.0791159513132607
7	0.20808157099697885	0.6513452914798207	0.25604229607250756	0.21748878923766815
10	0.20430513595166164	0.6119474695707879	0.28323262839879154	0.43401665598975014
13	0.2335725075528701	0.5395579756566303	0.16805135951661632	0.15342729019859064
7	0.20808157099697885	0.6513452914798207	0.25604229607250756	0.21748878923766815
10	0.20430513595166164	0.6119474695707879	0.28323262839879154	0.43401665598975014
13	0.2335725075528701	0.5395579756566303	0.16805135951661632	0.15342729019859064
