0	1.0112847222222223	0.8381944444444445	0.12065972222222222	0.8381944444444445
7	1.4327256944444444	1.023611111111111	0.22178819444444445	1.023611111111111
13	0.2934027777777778	0.9451388888888889	0.1293402777777778	0.9451388888888889
13	0.4930555555555556	0.6319444444444444	0.08940972222222222	0.6319444444444444
0	1.0112847222222223	0.8381944444444445	0.12065972222222222	0.8381944444444445
7	1.4327256944444444	1.023611111111111	0.22178819444444445	1.023611111111111
13	0.2934027777777778	0.9451388888888889	0.1293402777777778	0.9451388888888889
13	0.4930555555555556	0.6319444444444444	0.08940972222222222	0.6319444444444444
0	0.5056423611111112	0.41909722222222223	0.12065972222222222	0.12569444444444444
7	0.7163628472222222	0.5118055555555555	0.22178819444444445	0.35347222222222224
13	0.1467013888888889	0.47256944444444443	0.1293402777777778	0.10138888888888889
13	0.2465277777777778	0.3159722222222222	0.08940972222222222	0.09375
0	0.5056423611111112	0.41909722222222223	0.12065972222222222	0.12569444444444444
7	0.7163628472222222	0.5118055555555555	0.22178819444444445	0.35347222222222224
13	0.1467013888888889	0.47256944444444443	0.1293402777777778	0.10138888888888889
