8	1.68603515625	1.2548	0.05126953125	1.2548
8	0.6533203125	1.2676	0.041015625	1.2676
3	1.2177734375	1.3008	0.4326171875	1.3008
8	1.68603515625	1.2548	0.05126953125	1.2548
8	0.6533203125	1.2676	0.041015625	1.2676
3	1.2177734375	1.3008	0.4326171875	1.3008
3	0.60888671875	0.6504	0.4326171875	0.2
8	0.843017578125	0.6274	0.05126953125	0.0388
8	0.32666015625	0.6338	0.041015625	0.0412
8	0.843017578125	0.6274	0.05126953125	0.0388
3	0.60888671875	0.6504	0.4326171875	0.2
7	0.84228515625	0.628	0.0478515625	0.0472
9	0.84228515625	0.628	0.0478515625	0.0472
