13	0.7233584499461787	0.5240384615384616	0.19949766774309294	0.5240384615384616
13	0.5507714388231073	1.3279532967032968	0.23717258701112306	1.3279532967032968
13	1.4176533907427342	0.5367445054945055	0.1933979189092214	0.5367445054945055
10	0.32292787944025836	1.7173763736263736	0.07678507355579477	1.7173763736263736
10	1.5945461069250089	1.589629120879121	0.1126659490491568	1.589629120879121
10	0.43200574094007893	1.7362637362637363	0.19662719770362397	1.7362637362637363
0	1.1894510226049515	0.8011675824175825	0.11661284535342663	0.8011675824175825
11	0.32292787944025836	1.7173763736263736	0.07678507355579477	1.7173763736263736
11	0.7240760674560459	1.6061126373626373	0.043774668101901684	1.6061126373626373
11	0.7029063509149623	0.29532967032967034	0.1532113383566559	0.29532967032967034
7	1.4495873699318262	1.426510989010989	0.20308575529242914	1.426510989010989
7	0.4596340150699677	1.3118131868131868	0.09364908503767493	1.3118131868131868
7	1.4581987800502332	1.2232142857142858	0.10836024398995335	1.2232142857142858
13	0.7233584499461787	0.5240384615384616	0.19949766774309294	0.5240384615384616
13	0.5507714388231073	1.3279532967032968	0.23717258701112306	1.3279532967032968
13	1.4176533907427342	0.5367445054945055	0.1933979189092214	0.5367445054945055
10	0.32292787944025836	1.7173763736263736	0.07678507355579477	1.7173763736263736
10	1.5945461069250089	1.589629120879121	0.1126659490491568	1.589629120879121
10	0.43200574094007893	1.7362637362637363	0.19662719770362397	1.7362637362637363
0	1.1894510226049515	0.8011675824175825	0.11661284535342663	0.8011675824175825
11	0.32292787944025836	1.7173763736263736	0.07678507355579477	1.7173763736263736
11	0.7240760674560459	1.6061126373626373	0.043774668101901684	1.6061126373626373
11	0.7029063509149623	0.29532967032967034	0.1532113383566559	0.29532967032967034
7	1.4495873699318262	1.426510989010989	0.20308575529242914	1.426510989010989
7	0.4596340150699677	1.3118131868131868	0.09364908503767493	1.3118131868131868
7	1.4581987800502332	1.2232142857142858	0.10836024398995335	1.2232142857142858
13	0.36167922497308935	0.2620192307692308	0.19949766774309294	0.2403846153846154
13	0.27538571941155365	0.6639766483516484	0.23717258701112306	0.2956730769230769
13	0.7088266953713671	0.26837225274725274	0.1933979189092214	0.17342032967032966
10	0.16146393972012918	0.8586881868131868	0.07678507355579477	0.11572802197802198
10	0.7972730534625044	0.7948145604395604	0.1126659490491568	0.19471153846153846
10	0.21600287047003947	0.8681318681318682	0.19662719770362397	0.061126373626373624
0	0.5947255113024758	0.40058379120879123	0.11661284535342663	0.15556318681318682
11	0.16146393972012918	0.8586881868131868	0.07678507355579477	0.11572802197802198
11	0.36203803372802296	0.8030563186813187	0.043774668101901684	0.044986263736263736
11	0.35145317545748117	0.14766483516483517	0.1532113383566559	0.07760989010989011
7	0.7247936849659131	0.7132554945054945	0.20308575529242914	0.3475274725274725
7	0.22981700753498385	0.6559065934065934	0.09364908503767493	0.11057692307692307
7	0.7290993900251166	0.6116071428571429	0.10836024398995335	0.13324175824175824
13	0.36167922497308935	0.2620192307692308	0.19949766774309294	0.2403846153846154
10	0.16146393972012918	0.8586881868131868	0.07678507355579477	0.11572802197802198
0	0.5947255113024758	0.40058379120879123	0.11661284535342663	0.15556318681318682
11	0.16146393972012918	0.8586881868131868	0.07678507355579477	0.11572802197802198
7	0.7247936849659131	0.7132554945054945	0.20308575529242914	0.3475274725274725
12	0.7136706135629709	0.2542925824175824	0.14352350197344815	0.14251373626373626
