9	0.04600694444444445	1.1739583333333334	0.034722222222222224	1.1739583333333334
9	1.3780381944444444	1.007986111111111	0.17057291666666666	1.007986111111111
9	0.35546875	0.6965277777777777	0.2860243055555556	0.6965277777777777
9	1.57421875	1.15	0.3736979166666667	1.15
13	0.4544270833333333	0.825	0.040364583333333336	0.825
13	1.6566840277777777	0.975	0.1584201388888889	0.975
9	0.04600694444444445	1.1739583333333334	0.034722222222222224	1.1739583333333334
9	1.3780381944444444	1.007986111111111	0.17057291666666666	1.007986111111111
9	0.35546875	0.6965277777777777	0.2860243055555556	0.6965277777777777
9	1.57421875	1.15	0.3736979166666667	1.15
13	0.4544270833333333	0.825	0.040364583333333336	0.825
13	1.6566840277777777	0.975	0.1584201388888889	0.975
9	0.023003472222222224	0.5869791666666667	0.034722222222222224	0.16493055555555555
9	0.6890190972222222	0.5039930555555555	0.17057291666666666	0.2065972222222222
9	0.177734375	0.3482638888888889	0.2860243055555556	0.25763888888888886
9	0.787109375	0.575	0.3736979166666667	0.09791666666666667
13	0.22721354166666666	0.4125	0.040364583333333336	0.13194444444444445
13	0.8283420138888888	0.4875	0.1584201388888889	0.034027777777777775
9	0.023003472222222224	0.5869791666666667	0.034722222222222224	0.16493055555555555
13	0.22721354166666666	0.4125	0.040364583333333336	0.13194444444444445
11	0.1840277777777778	0.2263888888888889	0.1597222222222222	0.0798611111111111
