3	1.1384548611111112	1.1336805555555556	0.4639756944444444	1.1336805555555556
13	1.5733506944444444	1.0354166666666667	0.09244791666666667	1.0354166666666667
13	0.4895833333333333	1.1065972222222222	0.1545138888888889	1.1065972222222222
3	1.1384548611111112	1.1336805555555556	0.4639756944444444	1.1336805555555556
13	1.5733506944444444	1.0354166666666667	0.09244791666666667	1.0354166666666667
13	0.4895833333333333	1.1065972222222222	0.1545138888888889	1.1065972222222222
3	0.5692274305555556	0.5668402777777778	0.4639756944444444	0.1329861111111111
13	0.7866753472222222	0.5177083333333333	0.09244791666666667	0.013194444444444444
13	0.24479166666666666	0.5532986111111111	0.1545138888888889	0.071875
3	0.5692274305555556	0.5668402777777778	0.4639756944444444	0.1329861111111111
13	0.7866753472222222	0.5177083333333333	0.09244791666666667	0.013194444444444444
