8	1.4364592462751973	0.5491103202846975	0.02366345311130587	0.5491103202846975
8	0.7304995617879053	1.1416370106761566	0.043382997370727434	1.1416370106761566
5	0.5179666958808063	0.7096085409252669	0.32690622261174407	0.7096085409252669
5	1.5052585451358458	0.7690391459074734	0.34399649430324275	0.7690391459074734
8	1.4364592462751973	0.5491103202846975	0.02366345311130587	0.5491103202846975
8	0.7304995617879053	1.1416370106761566	0.043382997370727434	1.1416370106761566
5	0.5179666958808063	0.7096085409252669	0.32690622261174407	0.7096085409252669
5	1.5052585451358458	0.7690391459074734	0.34399649430324275	0.7690391459074734
8	0.7182296231375986	0.27455516014234876	0.02366345311130587	0.021708185053380784
8	0.36524978089395266	0.5708185053380783	0.043382997370727434	0.03345195729537367
5	0.2589833479404032	0.35480427046263346	0.32690622261174407	0.5473309608540925
5	0.7526292725679229	0.3845195729537367	0.34399649430324275	0.5576512455516014
8	0.7182296231375986	0.27455516014234876	0.02366345311130587	0.021708185053380784
5	0.2589833479404032	0.35480427046263346	0.32690622261174407	0.5473309608540925
