11	0.5546757164404224	0.5481157469717362	0.2877073906485671	0.5481157469717362
11	0.6127450980392157	0.3310901749663526	0.18740573152337858	0.3310901749663526
7	0.5731523378582202	0.6591520861372813	0.23529411764705882	0.6591520861372813
6	0.5731523378582202	0.6591520861372813	0.23529411764705882	0.6591520861372813
6	1.5418552036199096	1.1339165545087484	0.2620663650075415	1.1339165545087484
10	0.5490196078431373	0.8189771197846568	0.3024132730015083	0.8189771197846568
11	0.5546757164404224	0.5481157469717362	0.2877073906485671	0.5481157469717362
11	0.6127450980392157	0.3310901749663526	0.18740573152337858	0.3310901749663526
7	0.5731523378582202	0.6591520861372813	0.23529411764705882	0.6591520861372813
6	0.5731523378582202	0.6591520861372813	0.23529411764705882	0.6591520861372813
6	1.5418552036199096	1.1339165545087484	0.2620663650075415	1.1339165545087484
10	0.5490196078431373	0.8189771197846568	0.3024132730015083	0.8189771197846568
11	0.2773378582202112	0.2740578734858681	0.2877073906485671	0.3031628532974428
11	0.30637254901960786	0.1655450874831763	0.18740573152337858	0.07940780619111709
7	0.2865761689291101	0.32957604306864063	0.23529411764705882	0.24865410497981158
6	0.2865761689291101	0.32957604306864063	0.23529411764705882	0.24865410497981158
6	0.7709276018099548	0.5669582772543742	0.2620663650075415	0.310228802153432
10	0.27450980392156865	0.4094885598923284	0.3024132730015083	0.5659488559892328
7	0.2865761689291101	0.32957604306864063	0.23529411764705882	0.24865410497981158
6	0.2865761689291101	0.32957604306864063	0.23529411764705882	0.24865410497981158
10	0.27450980392156865	0.4094885598923284	0.3024132730015083	0.5659488559892328
13	0.2865761689291101	0.32957604306864063	0.23529411764705882	0.24865410497981158
11	0.2773378582202112	0.2740578734858681	0.2877073906485671	0.3031628532974428
