0	1.1870659722222223	0.7232638888888889	0.08550347222222222	0.7232638888888889
3	1.1571180555555556	1.0996527777777778	0.3836805555555556	1.0996527777777778
0	1.1870659722222223	0.7232638888888889	0.08550347222222222	0.7232638888888889
3	1.1571180555555556	1.0996527777777778	0.3836805555555556	1.0996527777777778
0	0.5935329861111112	0.36163194444444446	0.08550347222222222	0.07534722222222222
3	0.5785590277777778	0.5498263888888889	0.3836805555555556	0.13506944444444444
0	0.5935329861111112	0.36163194444444446	0.08550347222222222	0.07534722222222222
5	0.3146701388888889	0.48940972222222223	0.203125	0.2934027777777778
6	0.3146701388888889	0.48940972222222223	0.203125	0.2934027777777778
3	0.5785590277777778	0.5498263888888889	0.3836805555555556	0.13506944444444444
