10	1.7093541202672606	1.3945762711864407	0.16592427616926503	1.3945762711864407
10	1.7071269487750558	1.2983050847457627	0.07980697847067557	1.2983050847457627
3	1.2323682256867112	1.34135593220339	0.4617668893838159	1.34135593220339
10	1.7093541202672606	1.3945762711864407	0.16592427616926503	1.3945762711864407
10	1.7071269487750558	1.2983050847457627	0.07980697847067557	1.2983050847457627
3	1.2323682256867112	1.34135593220339	0.4617668893838159	1.34135593220339
10	0.8546770601336303	0.6972881355932203	0.16592427616926503	0.22372881355932203
10	0.8535634743875279	0.6491525423728813	0.07980697847067557	0.10983050847457627
3	0.6161841128433556	0.670677966101695	0.4617668893838159	0.2505084745762712
10	0.8546770601336303	0.6972881355932203	0.16592427616926503	0.22372881355932203
11	0.8535634743875279	0.6491525423728813	0.07980697847067557	0.10983050847457627
3	0.6161841128433556	0.670677966101695	0.4617668893838159	0.2505084745762712
9	0.7470304380103935	0.7120338983050848	0.30475129918337046	0.11152542372881356
0	0.5512249443207127	0.42745762711864405	0.13882702301410543	0.17898305084745764
