4	0.67578125	0.7104166666666667	0.12196180555555555	0.7104166666666667
0	1.1263020833333333	0.6319444444444444	0.11328125	0.6319444444444444
13	0.6310763888888888	0.5076388888888889	0.18836805555555555	0.5076388888888889
3	1.0759548611111112	1.0833333333333333	0.4171006944444444	1.0833333333333333
7	0.6831597222222222	0.775	0.1579861111111111	0.775
4	0.67578125	0.7104166666666667	0.12196180555555555	0.7104166666666667
0	1.1263020833333333	0.6319444444444444	0.11328125	0.6319444444444444
13	0.6310763888888888	0.5076388888888889	0.18836805555555555	0.5076388888888889
3	1.0759548611111112	1.0833333333333333	0.4171006944444444	1.0833333333333333
7	0.6831597222222222	0.775	0.1579861111111111	0.775
7	0.3415798611111111	0.3875	0.1579861111111111	0.15138888888888888
4	0.337890625	0.35520833333333335	0.12196180555555555	0.19375
0	0.5631510416666666	0.3159722222222222	0.11328125	0.08402777777777778
13	0.3155381944444444	0.25381944444444443	0.18836805555555555	0.12916666666666668
3	0.5379774305555556	0.5416666666666666	0.4171006944444444	0.16875
4	0.337890625	0.35520833333333335	0.12196180555555555	0.19375
0	0.5631510416666666	0.3159722222222222	0.11328125	0.08402777777777778
13	0.3155381944444444	0.25381944444444443	0.18836805555555555	0.12916666666666668
3	0.5379774305555556	0.5416666666666666	0.4171006944444444	0.16875
6	0.3459201388888889	0.2640625	0.23958333333333334	0.18784722222222222
7	0.3415798611111111	0.3875	0.1579861111111111	0.15138888888888888
