0	1.1580578512396693	0.47451923076923075	0.09400826446280992	0.47451923076923075
3	1.2071280991735538	1.1322115384615385	0.4519628099173554	1.1322115384615385
0	1.1580578512396693	0.47451923076923075	0.09400826446280992	0.47451923076923075
3	1.2071280991735538	1.1322115384615385	0.4519628099173554	1.1322115384615385
0	0.5790289256198347	0.23725961538461537	0.09400826446280992	0.08701923076923077
3	0.6035640495867769	0.5661057692307693	0.4519628099173554	0.14471153846153847
0	0.5790289256198347	0.23725961538461537	0.09400826446280992	0.08701923076923077
3	0.6035640495867769	0.5661057692307693	0.4519628099173554	0.14471153846153847
10	0.15134297520661158	0.640625	0.056818181818181816	0.13125
11	0.15134297520661158	0.640625	0.056818181818181816	0.13125
