13	1.4925	0.4388586956521739	0.1735	0.4388586956521739
13	0.4235	0.5466485507246377	0.0765	0.5466485507246377
0	1.2005	0.5280797101449275	0.1205	0.5280797101449275
13	1.4925	0.4388586956521739	0.1735	0.4388586956521739
13	0.4235	0.5466485507246377	0.0765	0.5466485507246377
0	1.2005	0.5280797101449275	0.1205	0.5280797101449275
13	0.74625	0.21942934782608695	0.1735	0.14447463768115942
13	0.21175	0.27332427536231885	0.0765	0.09646739130434782
0	0.60025	0.26403985507246375	0.1205	0.14855072463768115
13	0.74625	0.21942934782608695	0.1735	0.14447463768115942
0	0.60025	0.26403985507246375	0.1205	0.14855072463768115
