3	1.2151639344262295	1.5312061711079943	0.475	1.5312061711079943
9	1.623360655737705	1.1697054698457223	0.022540983606557378	1.1697054698457223
9	0.2733606557377049	1.0315568022440393	0.020901639344262295	1.0315568022440393
0	1.146311475409836	0.7373772791023843	0.1889344262295082	0.7373772791023843
3	1.2151639344262295	1.5312061711079943	0.475	1.5312061711079943
9	1.623360655737705	1.1697054698457223	0.022540983606557378	1.1697054698457223
9	0.2733606557377049	1.0315568022440393	0.020901639344262295	1.0315568022440393
0	1.146311475409836	0.7373772791023843	0.1889344262295082	0.7373772791023843
3	0.6075819672131147	0.7656030855539971	0.475	0.16374474053295932
9	0.8116803278688525	0.5848527349228612	0.022540983606557378	0.023842917251051893
9	0.13668032786885245	0.5157784011220197	0.020901639344262295	0.01753155680224404
0	0.573155737704918	0.36868863955119213	0.1889344262295082	0.15603085553997195
3	0.6075819672131147	0.7656030855539971	0.475	0.16374474053295932
7	0.13668032786885245	0.5157784011220197	0.020901639344262295	0.01753155680224404
9	0.8116803278688525	0.5848527349228612	0.022540983606557378	0.023842917251051893
8	0.8116803278688525	0.5848527349228612	0.022540983606557378	0.023842917251051893
0	0.573155737704918	0.36868863955119213	0.1889344262295082	0.15603085553997195
