10	0.17491319444444445	1.070486111111111	0.06553819444444445	1.070486111111111
10	0.2864583333333333	1.171875	0.18489583333333334	1.171875
0	1.0911458333333333	0.6809027777777777	0.12586805555555555	0.6809027777777777
9	0.4401041666666667	0.9954861111111111	0.1831597222222222	0.9954861111111111
11	0.17491319444444445	1.070486111111111	0.06553819444444445	1.070486111111111
13	0.2608506944444444	1.0506944444444444	0.07682291666666667	1.0506944444444444
13	1.6371527777777777	0.9868055555555556	0.11284722222222222	0.9868055555555556
10	0.17491319444444445	1.070486111111111	0.06553819444444445	1.070486111111111
10	0.2864583333333333	1.171875	0.18489583333333334	1.171875
0	1.0911458333333333	0.6809027777777777	0.12586805555555555	0.6809027777777777
9	0.4401041666666667	0.9954861111111111	0.1831597222222222	0.9954861111111111
11	0.17491319444444445	1.070486111111111	0.06553819444444445	1.070486111111111
13	0.2608506944444444	1.0506944444444444	0.07682291666666667	1.0506944444444444
13	1.6371527777777777	0.9868055555555556	0.11284722222222222	0.9868055555555556
10	0.08745659722222222	0.5352430555555555	0.06553819444444445	0.05243055555555556
10	0.14322916666666666	0.5859375	0.18489583333333334	0.10451388888888889
0	0.5455729166666666	0.3404513888888889	0.12586805555555555	0.12743055555555555
9	0.22005208333333334	0.49774305555555554	0.1831597222222222	0.05451388888888889
11	0.08745659722222222	0.5352430555555555	0.06553819444444445	0.05243055555555556
13	0.1304253472222222	0.5253472222222222	0.07682291666666667	0.04097222222222222
13	0.8185763888888888	0.4934027777777778	0.11284722222222222	0.029861111111111113
0	0.5455729166666666	0.3404513888888889	0.12586805555555555	0.12743055555555555
9	0.22005208333333334	0.49774305555555554	0.1831597222222222	0.05451388888888889
11	0.08745659722222222	0.5352430555555555	0.06553819444444445	0.05243055555555556
13	0.1304253472222222	0.5253472222222222	0.07682291666666667	0.04097222222222222
10	0.08745659722222222	0.5352430555555555	0.06553819444444445	0.05243055555555556
7	0.265625	0.5605902777777778	0.2925347222222222	0.121875
3	0.556640625	0.5293402777777778	0.4223090277777778	0.1267361111111111
