11	0.7122410546139359	0.37108521485797524	0.18493408662900188	0.37108521485797524
11	1.2591337099811677	0.30335032774945375	0.12994350282485875	0.30335032774945375
0	1.1487758945386064	0.5764748725418791	0.1160075329566855	0.5764748725418791
11	0.7122410546139359	0.37108521485797524	0.18493408662900188	0.37108521485797524
11	1.2591337099811677	0.30335032774945375	0.12994350282485875	0.30335032774945375
0	1.1487758945386064	0.5764748725418791	0.1160075329566855	0.5764748725418791
11	0.35612052730696797	0.18554260742898762	0.18493408662900188	0.07465404224326293
11	0.6295668549905838	0.15167516387472688	0.12994350282485875	0.053532410779315365
0	0.5743879472693032	0.28823743627093956	0.1160075329566855	0.1270939548434086
9	0.7870056497175141	0.14184268026219957	0.07269303201506591	0.06518572469045884
11	0.35612052730696797	0.18554260742898762	0.18493408662900188	0.07465404224326293
0	0.5743879472693032	0.28823743627093956	0.1160075329566855	0.1270939548434086
3	0.6050847457627119	0.718135469774217	0.4056497175141243	0.18353969410050983
