0	1.1341145833333333	0.5819444444444445	0.11414930555555555	0.5819444444444445
13	1.6948784722222223	1.1520833333333333	0.11328125	1.1520833333333333
0	1.1341145833333333	0.5819444444444445	0.11414930555555555	0.5819444444444445
13	1.6948784722222223	1.1520833333333333	0.11328125	1.1520833333333333
0	0.5670572916666666	0.29097222222222224	0.11414930555555555	0.11041666666666666
13	0.8474392361111112	0.5760416666666667	0.11328125	0.050694444444444445
0	0.5670572916666666	0.29097222222222224	0.11414930555555555	0.11041666666666666
8	0.8231336805555556	0.5151041666666667	0.023003472222222224	0.017708333333333333
9	0.8231336805555556	0.5151041666666667	0.023003472222222224	0.017708333333333333
13	0.8474392361111112	0.5760416666666667	0.11328125	0.050694444444444445
