3	1.2287712287712287	1.3797752808988764	0.42624042624042624	1.3797752808988764
0	1.2247752247752248	0.7325842696629213	0.12387612387612387	0.7325842696629213
11	1.7475857475857477	1.628892455858748	0.03196803196803197	1.628892455858748
3	1.2287712287712287	1.3797752808988764	0.42624042624042624	1.3797752808988764
0	1.2247752247752248	0.7325842696629213	0.12387612387612387	0.7325842696629213
11	1.7475857475857477	1.628892455858748	0.03196803196803197	1.628892455858748
3	0.6143856143856143	0.6898876404494382	0.42624042624042624	0.17335473515248795
0	0.6123876123876124	0.36629213483146067	0.12387612387612387	0.11171749598715891
11	0.8737928737928738	0.814446227929374	0.03196803196803197	0.04943820224719101
0	0.6123876123876124	0.36629213483146067	0.12387612387612387	0.11171749598715891
11	0.8737928737928738	0.814446227929374	0.03196803196803197	0.04943820224719101
10	0.8772893772893773	0.8107544141252007	0.030969030969030968	0.05232744783306581
3	0.6143856143856143	0.6898876404494382	0.42624042624042624	0.17335473515248795
