5	0.54296875	1.0041666666666667	0.2504340277777778	1.0041666666666667
5	1.4244791666666667	1.0368055555555555	0.15364583333333334	1.0368055555555555
13	1.2552083333333333	0.7052083333333333	0.036458333333333336	0.7052083333333333
13	1.1467013888888888	0.6930555555555555	0.035590277777777776	0.6930555555555555
6	1.3819444444444444	1.146875	0.2144097222222222	1.146875
6	0.5190972222222222	1.0451388888888888	0.2760416666666667	1.0451388888888888
5	0.54296875	1.0041666666666667	0.2504340277777778	1.0041666666666667
5	1.4244791666666667	1.0368055555555555	0.15364583333333334	1.0368055555555555
13	1.2552083333333333	0.7052083333333333	0.036458333333333336	0.7052083333333333
13	1.1467013888888888	0.6930555555555555	0.035590277777777776	0.6930555555555555
6	1.3819444444444444	1.146875	0.2144097222222222	1.146875
6	0.5190972222222222	1.0451388888888888	0.2760416666666667	1.0451388888888888
5	0.271484375	0.5020833333333333	0.2504340277777778	0.2722222222222222
5	0.7122395833333334	0.5184027777777778	0.15364583333333334	0.2638888888888889
13	0.6276041666666666	0.35260416666666666	0.036458333333333336	0.01840277777777778
13	0.5733506944444444	0.34652777777777777	0.035590277777777776	0.02013888888888889
6	0.6909722222222222	0.5734375	0.2144097222222222	0.3579861111111111
6	0.2595486111111111	0.5225694444444444	0.2760416666666667	0.40625
5	0.271484375	0.5020833333333333	0.2504340277777778	0.2722222222222222
13	0.6276041666666666	0.35260416666666666	0.036458333333333336	0.01840277777777778
6	0.6909722222222222	0.5734375	0.2144097222222222	0.3579861111111111
0	0.5180121527777778	0.3390625	0.12196180555555555	0.10798611111111112
