9	0.7286892758936755	1.041913214990138	0.07791017415215398	1.041913214990138
7	0.7286892758936755	1.041913214990138	0.07791017415215398	1.041913214990138
7	0.6709440879926672	0.9235700197238659	0.14207149404216315	0.9235700197238659
9	0.7286892758936755	1.041913214990138	0.07791017415215398	1.041913214990138
7	0.7286892758936755	1.041913214990138	0.07791017415215398	1.041913214990138
7	0.6709440879926672	0.9235700197238659	0.14207149404216315	0.9235700197238659
9	0.36434463794683775	0.520956607495069	0.07791017415215398	0.11390532544378698
7	0.36434463794683775	0.520956607495069	0.07791017415215398	0.11390532544378698
7	0.3354720439963336	0.46178500986193294	0.14207149404216315	0.22633136094674555
9	0.36434463794683775	0.520956607495069	0.07791017415215398	0.11390532544378698
7	0.36434463794683775	0.520956607495069	0.07791017415215398	0.11390532544378698
4	0.3354720439963336	0.46178500986193294	0.14207149404216315	0.22633136094674555
