0	1.2330729166666667	0.6614583333333334	0.091796875	0.6614583333333334
3	1.1741536458333333	1.2054036458333333	0.3024088541666667	1.2054036458333333
11	1.3909505208333333	0.4085286458333333	0.09147135416666667	0.4085286458333333
11	0.9280598958333334	0.3893229166666667	0.11100260416666667	0.3893229166666667
0	1.2330729166666667	0.6614583333333334	0.091796875	0.6614583333333334
3	1.1741536458333333	1.2054036458333333	0.3024088541666667	1.2054036458333333
11	1.3909505208333333	0.4085286458333333	0.09147135416666667	0.4085286458333333
11	0.9280598958333334	0.3893229166666667	0.11100260416666667	0.3893229166666667
0	0.6165364583333334	0.3307291666666667	0.091796875	0.09505208333333333
3	0.5870768229166666	0.6027018229166666	0.3024088541666667	0.11881510416666667
11	0.6954752604166666	0.20426432291666666	0.09147135416666667	0.039388020833333336
11	0.4640299479166667	0.19466145833333334	0.11100260416666667	0.030598958333333332
0	0.6165364583333334	0.3307291666666667	0.091796875	0.09505208333333333
3	0.5870768229166666	0.6027018229166666	0.3024088541666667	0.11881510416666667
8	0.3699544270833333	0.59521484375	0.019856770833333332	0.0205078125
11	0.6954752604166666	0.20426432291666666	0.09147135416666667	0.039388020833333336
9	0.3699544270833333	0.59521484375	0.019856770833333332	0.0205078125
