11	1.6708661417322834	1.1510416666666667	0.1094488188976378	1.1510416666666667
11	1.4133858267716535	0.3271484375	0.27874015748031494	0.3271484375
13	0.44881889763779526	0.7047526041666666	0.10866141732283464	0.7047526041666666
13	1.4338582677165355	0.466796875	0.22677165354330708	0.466796875
4	1.463779527559055	0.4778645833333333	0.18425196850393702	0.4778645833333333
6	0.4637795275590551	0.7965494791666666	0.08503937007874016	0.7965494791666666
6	1.4338582677165355	0.466796875	0.22677165354330708	0.466796875
10	1.6413385826771654	1.16796875	0.16338582677165353	1.16796875
11	1.6708661417322834	1.1510416666666667	0.1094488188976378	1.1510416666666667
11	1.4133858267716535	0.3271484375	0.27874015748031494	0.3271484375
13	0.44881889763779526	0.7047526041666666	0.10866141732283464	0.7047526041666666
13	1.4338582677165355	0.466796875	0.22677165354330708	0.466796875
4	1.463779527559055	0.4778645833333333	0.18425196850393702	0.4778645833333333
6	0.4637795275590551	0.7965494791666666	0.08503937007874016	0.7965494791666666
6	1.4338582677165355	0.466796875	0.22677165354330708	0.466796875
10	1.6413385826771654	1.16796875	0.16338582677165353	1.16796875
4	0.7318897637795275	0.23893229166666666	0.18425196850393702	0.18684895833333334
6	0.23188976377952755	0.3982747395833333	0.08503937007874016	0.17154947916666666
6	0.7169291338582677	0.2333984375	0.22677165354330708	0.1796875
10	0.8206692913385827	0.583984375	0.16338582677165353	0.16927083333333334
11	0.8354330708661417	0.5755208333333334	0.1094488188976378	0.19010416666666666
11	0.7066929133858267	0.16357421875	0.27874015748031494	0.14225260416666666
13	0.22440944881889763	0.3523763020833333	0.10866141732283464	0.0537109375
13	0.7169291338582677	0.2333984375	0.22677165354330708	0.1796875
11	0.8354330708661417	0.5755208333333334	0.1094488188976378	0.19010416666666666
13	0.22440944881889763	0.3523763020833333	0.10866141732283464	0.0537109375
4	0.7318897637795275	0.23893229166666666	0.18425196850393702	0.18684895833333334
6	0.23188976377952755	0.3982747395833333	0.08503937007874016	0.17154947916666666
10	0.8206692913385827	0.583984375	0.16338582677165353	0.16927083333333334
0	0.6171259842519685	0.26806640625	0.13031496062992126	0.10319010416666667
