6	0.5611979166666666	0.9173611111111111	0.2209201388888889	0.9173611111111111
6	1.5013020833333333	0.9479166666666666	0.16536458333333334	0.9479166666666666
5	0.6032986111111112	0.8392361111111111	0.2734375	0.8392361111111111
5	1.4839409722222223	0.9010416666666666	0.15147569444444445	0.9010416666666666
0	1.1467013888888888	0.6857638888888888	0.0876736111111111	0.6857638888888888
3	1.1736111111111112	1.1177083333333333	0.4131944444444444	1.1177083333333333
6	0.5611979166666666	0.9173611111111111	0.2209201388888889	0.9173611111111111
6	1.5013020833333333	0.9479166666666666	0.16536458333333334	0.9479166666666666
5	0.6032986111111112	0.8392361111111111	0.2734375	0.8392361111111111
5	1.4839409722222223	0.9010416666666666	0.15147569444444445	0.9010416666666666
0	1.1467013888888888	0.6857638888888888	0.0876736111111111	0.6857638888888888
3	1.1736111111111112	1.1177083333333333	0.4131944444444444	1.1177083333333333
6	0.2805989583333333	0.45868055555555554	0.2209201388888889	0.2048611111111111
6	0.7506510416666666	0.4739583333333333	0.16536458333333334	0.17430555555555555
5	0.3016493055555556	0.41961805555555554	0.2734375	0.2677083333333333
5	0.7419704861111112	0.4505208333333333	0.15147569444444445	0.2204861111111111
0	0.5733506944444444	0.3428819444444444	0.0876736111111111	0.07604166666666666
3	0.5868055555555556	0.5588541666666667	0.4131944444444444	0.134375
5	0.3016493055555556	0.41961805555555554	0.2734375	0.2677083333333333
0	0.5733506944444444	0.3428819444444444	0.0876736111111111	0.07604166666666666
3	0.5868055555555556	0.5588541666666667	0.4131944444444444	0.134375
6	0.2805989583333333	0.45868055555555554	0.2209201388888889	0.2048611111111111
