4	0.7005208333333334	1.1126302083333333	0.17513020833333334	1.1126302083333333
0	1.1682942708333333	0.6419270833333334	0.1357421875	0.6419270833333334
13	0.734375	0.4313151041666667	0.07747395833333333	0.4313151041666667
13	0.5930989583333334	0.98828125	0.10026041666666667	0.98828125
11	0.48828125	1.1868489583333333	0.027994791666666668	1.1868489583333333
11	0.7470703125	0.3587239583333333	0.14680989583333334	0.3587239583333333
7	0.6891276041666666	1.0901692708333333	0.24251302083333334	1.0901692708333333
4	0.7005208333333334	1.1126302083333333	0.17513020833333334	1.1126302083333333
0	1.1682942708333333	0.6419270833333334	0.1357421875	0.6419270833333334
13	0.734375	0.4313151041666667	0.07747395833333333	0.4313151041666667
13	0.5930989583333334	0.98828125	0.10026041666666667	0.98828125
11	0.48828125	1.1868489583333333	0.027994791666666668	1.1868489583333333
11	0.7470703125	0.3587239583333333	0.14680989583333334	0.3587239583333333
7	0.6891276041666666	1.0901692708333333	0.24251302083333334	1.0901692708333333
7	0.3445638020833333	0.5450846354166666	0.24251302083333334	0.2646484375
4	0.3502604166666667	0.5563151041666666	0.17513020833333334	0.24153645833333334
0	0.5841471354166666	0.3209635416666667	0.1357421875	0.150390625
13	0.3671875	0.21565755208333334	0.07747395833333333	0.032877604166666664
13	0.2965494791666667	0.494140625	0.10026041666666667	0.07942708333333333
11	0.244140625	0.5934244791666666	0.027994791666666668	0.154296875
11	0.37353515625	0.17936197916666666	0.14680989583333334	0.10546875
4	0.3502604166666667	0.5563151041666666	0.17513020833333334	0.24153645833333334
0	0.5841471354166666	0.3209635416666667	0.1357421875	0.150390625
13	0.3671875	0.21565755208333334	0.07747395833333333	0.032877604166666664
11	0.244140625	0.5934244791666666	0.027994791666666668	0.154296875
6	0.2994791666666667	0.5013020833333334	0.109375	0.10546875
10	0.3377278645833333	0.6847330729166666	0.2333984375	0.08821614583333333
7	0.3445638020833333	0.5450846354166666	0.24251302083333334	0.2646484375
