3	1.1511811023622047	0.9641927083333334	0.3661417322834646	0.9641927083333334
0	1.1748031496062992	0.5113932291666666	0.10551181102362205	0.5113932291666666
11	0.8149606299212598	0.2109375	0.15433070866141732	0.2109375
3	1.1511811023622047	0.9641927083333334	0.3661417322834646	0.9641927083333334
0	1.1748031496062992	0.5113932291666666	0.10551181102362205	0.5113932291666666
11	0.8149606299212598	0.2109375	0.15433070866141732	0.2109375
3	0.5755905511811024	0.4820963541666667	0.3661417322834646	0.12955729166666666
0	0.5874015748031496	0.2556966145833333	0.10551181102362205	0.10514322916666667
11	0.4074803149606299	0.10546875	0.15433070866141732	0.037109375
9	0.11003937007874015	0.3616536458333333	0.0594488188976378	0.051432291666666664
3	0.5755905511811024	0.4820963541666667	0.3661417322834646	0.12955729166666666
8	0.23326771653543307	0.4884440104166667	0.02637795275590551	0.031575520833333336
0	0.5874015748031496	0.2556966145833333	0.10551181102362205	0.10514322916666667
11	0.4074803149606299	0.10546875	0.15433070866141732	0.037109375
