10	0.2155515370705244	1.763905325443787	0.07522603978300181	1.763905325443787
10	1.7956600361663653	1.6387573964497042	0.07848101265822785	1.6387573964497042
10	1.8144665461121157	1.6828402366863906	0.038698010849909585	1.6828402366863906
4	0.5674502712477396	0.47218934911242605	0.25569620253164554	0.47218934911242605
13	0.5349005424954792	0.4801775147928994	0.26582278481012656	0.4801775147928994
11	0.22929475587703435	1.7769230769230768	0.044122965641952984	1.7769230769230768
11	1.8144665461121157	1.6828402366863906	0.038698010849909585	1.6828402366863906
11	1.7779385171790234	1.6955621301775148	0.08896925858951175	1.6955621301775148
10	0.2155515370705244	1.763905325443787	0.07522603978300181	1.763905325443787
10	1.7956600361663653	1.6387573964497042	0.07848101265822785	1.6387573964497042
10	1.8144665461121157	1.6828402366863906	0.038698010849909585	1.6828402366863906
4	0.5674502712477396	0.47218934911242605	0.25569620253164554	0.47218934911242605
13	0.5349005424954792	0.4801775147928994	0.26582278481012656	0.4801775147928994
11	0.22929475587703435	1.7769230769230768	0.044122965641952984	1.7769230769230768
11	1.8144665461121157	1.6828402366863906	0.038698010849909585	1.6828402366863906
11	1.7779385171790234	1.6955621301775148	0.08896925858951175	1.6955621301775148
10	0.1077757685352622	0.8819526627218935	0.07522603978300181	0.0757396449704142
10	0.8978300180831826	0.8193786982248521	0.07848101265822785	0.08372781065088758
10	0.9072332730560578	0.8414201183431953	0.038698010849909585	0.020710059171597635
4	0.2837251356238698	0.23609467455621302	0.25569620253164554	0.2710059171597633
13	0.2674502712477396	0.2400887573964497	0.26582278481012656	0.24171597633136094
11	0.11464737793851718	0.8884615384615384	0.044122965641952984	0.04142011834319527
11	0.9072332730560578	0.8414201183431953	0.038698010849909585	0.020710059171597635
11	0.8889692585895117	0.8477810650887574	0.08896925858951175	0.07071005917159763
11	0.11464737793851718	0.8884615384615384	0.044122965641952984	0.04142011834319527
10	0.1077757685352622	0.8819526627218935	0.07522603978300181	0.0757396449704142
6	0.2674502712477396	0.2400887573964497	0.26582278481012656	0.24171597633136094
4	0.2837251356238698	0.23609467455621302	0.25569620253164554	0.2710059171597633
13	0.2674502712477396	0.2400887573964497	0.26582278481012656	0.24171597633136094
7	0.29547920433996383	0.2400887573964497	0.3566003616636528	0.2606508875739645
