7	0.6507874015748032	1.2386067708333333	0.26496062992125985	1.2386067708333333
0	1.1366141732283463	0.6520182291666666	0.12480314960629921	0.6520182291666666
0	0.9937007874015747	0.7858072916666666	0.2574803149606299	0.7858072916666666
7	0.6507874015748032	1.2386067708333333	0.26496062992125985	1.2386067708333333
0	1.1366141732283463	0.6520182291666666	0.12480314960629921	0.6520182291666666
0	0.9937007874015747	0.7858072916666666	0.2574803149606299	0.7858072916666666
7	0.3253937007874016	0.6193033854166666	0.26496062992125985	0.2158203125
0	0.5683070866141732	0.3260091145833333	0.12480314960629921	0.1044921875
0	0.4968503937007874	0.3929036458333333	0.2574803149606299	0.23828125
7	0.3253937007874016	0.6193033854166666	0.26496062992125985	0.2158203125
0	0.5683070866141732	0.3260091145833333	0.12480314960629921	0.1044921875
13	0.3454724409448819	0.5626627604166666	0.1641732283464567	0.11360677083333333
