3	1.0586614173228346	0.8961588541666666	0.3862204724409449	0.8961588541666666
0	1.0933070866141732	0.5393880208333334	0.11771653543307087	0.5393880208333334
11	1.2181102362204725	0.19140625	0.12598425196850394	0.19140625
11	0.6846456692913386	0.2216796875	0.09724409448818898	0.2216796875
3	1.0586614173228346	0.8961588541666666	0.3862204724409449	0.8961588541666666
0	1.0933070866141732	0.5393880208333334	0.11771653543307087	0.5393880208333334
11	1.2181102362204725	0.19140625	0.12598425196850394	0.19140625
11	0.6846456692913386	0.2216796875	0.09724409448818898	0.2216796875
3	0.5293307086614173	0.4480794270833333	0.3862204724409449	0.09602864583333333
0	0.5466535433070866	0.2696940104166667	0.11771653543307087	0.11360677083333333
11	0.6090551181102363	0.095703125	0.12598425196850394	0.018229166666666668
11	0.3423228346456693	0.11083984375	0.09724409448818898	0.029622395833333332
3	0.5293307086614173	0.4480794270833333	0.3862204724409449	0.09602864583333333
0	0.5466535433070866	0.2696940104166667	0.11771653543307087	0.11360677083333333
11	0.6090551181102363	0.095703125	0.12598425196850394	0.018229166666666668
