11	1.0451388888888888	0.3482638888888889	0.058159722222222224	0.3482638888888889
11	0.6987847222222222	0.29131944444444446	0.0720486111111111	0.29131944444444446
3	1.0672743055555556	1.0743055555555556	0.3980034722222222	1.0743055555555556
0	1.0390625	0.5836805555555555	0.1362847222222222	0.5836805555555555
11	1.0451388888888888	0.3482638888888889	0.058159722222222224	0.3482638888888889
11	0.6987847222222222	0.29131944444444446	0.0720486111111111	0.29131944444444446
3	1.0672743055555556	1.0743055555555556	0.3980034722222222	1.0743055555555556
0	1.0390625	0.5836805555555555	0.1362847222222222	0.5836805555555555
11	0.5225694444444444	0.17413194444444444	0.058159722222222224	0.05520833333333333
11	0.3493923611111111	0.14565972222222223	0.0720486111111111	0.012152777777777778
3	0.5336371527777778	0.5371527777777778	0.3980034722222222	0.1375
0	0.51953125	0.29184027777777777	0.1362847222222222	0.121875
11	0.5225694444444444	0.17413194444444444	0.058159722222222224	0.05520833333333333
3	0.5336371527777778	0.5371527777777778	0.3980034722222222	0.1375
0	0.51953125	0.29184027777777777	0.1362847222222222	0.121875
2	0.5475260416666666	0.27118055555555554	0.03689236111111111	0.03819444444444445
