0	1.1168619791666667	0.5524088541666666	0.08170572916666667	0.5524088541666666
7	1.2125651041666667	0.2936197916666667	0.0556640625	0.2936197916666667
7	0.865234375	0.3284505208333333	0.046875	0.3284505208333333
13	0.8167317708333334	0.3138020833333333	0.10188802083333333	0.3138020833333333
13	1.2125651041666667	0.2936197916666667	0.0556640625	0.2936197916666667
11	1.3782552083333333	0.3349609375	0.056640625	0.3349609375
11	0.7145182291666666	0.3274739583333333	0.0712890625	0.3274739583333333
9	0.8167317708333334	0.3138020833333333	0.10188802083333333	0.3138020833333333
9	1.2125651041666667	0.2936197916666667	0.0556640625	0.2936197916666667
0	1.1168619791666667	0.5524088541666666	0.08170572916666667	0.5524088541666666
7	1.2125651041666667	0.2936197916666667	0.0556640625	0.2936197916666667
7	0.865234375	0.3284505208333333	0.046875	0.3284505208333333
13	0.8167317708333334	0.3138020833333333	0.10188802083333333	0.3138020833333333
13	1.2125651041666667	0.2936197916666667	0.0556640625	0.2936197916666667
11	1.3782552083333333	0.3349609375	0.056640625	0.3349609375
11	0.7145182291666666	0.3274739583333333	0.0712890625	0.3274739583333333
9	0.8167317708333334	0.3138020833333333	0.10188802083333333	0.3138020833333333
9	1.2125651041666667	0.2936197916666667	0.0556640625	0.2936197916666667
13	0.4083658854166667	0.15690104166666666	0.10188802083333333	0.050130208333333336
13	0.6062825520833334	0.14680989583333334	0.0556640625	0.043619791666666664
11	0.6891276041666666	0.16748046875	0.056640625	0.055013020833333336
11	0.3572591145833333	0.16373697916666666	0.0712890625	0.057942708333333336
9	0.4083658854166667	0.15690104166666666	0.10188802083333333	0.050130208333333336
9	0.6062825520833334	0.14680989583333334	0.0556640625	0.043619791666666664
0	0.5584309895833334	0.2762044270833333	0.08170572916666667	0.10514322916666667
7	0.6062825520833334	0.14680989583333334	0.0556640625	0.043619791666666664
7	0.4326171875	0.16422526041666666	0.046875	0.06998697916666667
0	0.5584309895833334	0.2762044270833333	0.08170572916666667	0.10514322916666667
7	0.6062825520833334	0.14680989583333334	0.0556640625	0.043619791666666664
13	0.4083658854166667	0.15690104166666666	0.10188802083333333	0.050130208333333336
11	0.6891276041666666	0.16748046875	0.056640625	0.055013020833333336
9	0.4083658854166667	0.15690104166666666	0.10188802083333333	0.050130208333333336
