7	1.3407118055555556	0.7958333333333333	0.16276041666666666	0.7958333333333333
7	0.3901909722222222	1.05625	0.2261284722222222	1.05625
3	1.0078125	1.1354166666666667	0.4010416666666667	1.1354166666666667
10	1.359375	1.0034722222222223	0.2204861111111111	1.0034722222222223
7	1.3407118055555556	0.7958333333333333	0.16276041666666666	0.7958333333333333
7	0.3901909722222222	1.05625	0.2261284722222222	1.05625
3	1.0078125	1.1354166666666667	0.4010416666666667	1.1354166666666667
10	1.359375	1.0034722222222223	0.2204861111111111	1.0034722222222223
7	0.6703559027777778	0.39791666666666664	0.16276041666666666	0.21319444444444444
7	0.1950954861111111	0.528125	0.2261284722222222	0.35694444444444445
3	0.50390625	0.5677083333333334	0.4010416666666667	0.10902777777777778
10	0.6796875	0.5017361111111112	0.2204861111111111	0.2881944444444444
7	0.6703559027777778	0.39791666666666664	0.16276041666666666	0.21319444444444444
3	0.50390625	0.5677083333333334	0.4010416666666667	0.10902777777777778
0	0.4965277777777778	0.3463541666666667	0.12152777777777778	0.12743055555555555
10	0.6796875	0.5017361111111112	0.2204861111111111	0.2881944444444444
