13	0.5833333333333334	0.6090494791666666	0.044270833333333336	0.6090494791666666
13	0.6110026041666666	0.646484375	0.10774739583333333	0.646484375
2	1.16796875	0.6722005208333334	0.0234375	0.6722005208333334
2	0.6110026041666666	0.646484375	0.10774739583333333	0.646484375
0	1.1393229166666667	0.6676432291666666	0.10546875	0.6676432291666666
13	0.5833333333333334	0.6090494791666666	0.044270833333333336	0.6090494791666666
13	0.6110026041666666	0.646484375	0.10774739583333333	0.646484375
2	1.16796875	0.6722005208333334	0.0234375	0.6722005208333334
2	0.6110026041666666	0.646484375	0.10774739583333333	0.646484375
0	1.1393229166666667	0.6676432291666666	0.10546875	0.6676432291666666
13	0.2916666666666667	0.3045247395833333	0.044270833333333336	0.049153645833333336
13	0.3055013020833333	0.3232421875	0.10774739583333333	0.09635416666666667
2	0.583984375	0.3361002604166667	0.0234375	0.033528645833333336
2	0.3055013020833333	0.3232421875	0.10774739583333333	0.09635416666666667
0	0.5696614583333334	0.3338216145833333	0.10546875	0.13118489583333334
3	0.5729166666666666	0.6251627604166666	0.3430989583333333	0.1123046875
13	0.2916666666666667	0.3045247395833333	0.044270833333333336	0.049153645833333336
11	0.36279296875	0.15999348958333334	0.0888671875	0.036783854166666664
7	0.3074544270833333	0.3238932291666667	0.09407552083333333	0.09114583333333333
2	0.583984375	0.3361002604166667	0.0234375	0.033528645833333336
0	0.5696614583333334	0.3338216145833333	0.10546875	0.13118489583333334
8	0.3279622395833333	0.3463541666666667	0.06412760416666667	0.046223958333333336
