3	1.257656967840735	1.4046677215189873	0.42381316998468604	1.4046677215189873
13	0.6852986217457887	1.2891613924050633	0.09188361408882083	1.2891613924050633
13	0.6033690658499234	0.7642405063291139	0.0444104134762634	0.7642405063291139
0	1.2254977029096479	0.8049841772151899	0.08537519142419601	0.8049841772151899
3	1.257656967840735	1.4046677215189873	0.42381316998468604	1.4046677215189873
13	0.6852986217457887	1.2891613924050633	0.09188361408882083	1.2891613924050633
13	0.6033690658499234	0.7642405063291139	0.0444104134762634	0.7642405063291139
0	1.2254977029096479	0.8049841772151899	0.08537519142419601	0.8049841772151899
3	0.6288284839203675	0.7023338607594937	0.42381316998468604	0.1261867088607595
13	0.34264931087289435	0.6445806962025317	0.09188361408882083	0.11748417721518987
13	0.3016845329249617	0.38212025316455694	0.0444104134762634	0.05300632911392405
0	0.6127488514548239	0.40249208860759494	0.08537519142419601	0.11590189873417721
0	0.6127488514548239	0.40249208860759494	0.08537519142419601	0.11590189873417721
3	0.6288284839203675	0.7023338607594937	0.42381316998468604	0.1261867088607595
13	0.34264931087289435	0.6445806962025317	0.09188361408882083	0.11748417721518987
