2	0.5399305555555556	0.5322916666666667	0.2309027777777778	0.5322916666666667
12	1.4357638888888888	0.5555555555555556	0.2769097222222222	0.5555555555555556
12	1.7821180555555556	1.2690972222222223	0.050347222222222224	1.2690972222222223
12	1.4665798611111112	0.9145833333333333	0.3589409722222222	0.9145833333333333
13	0.5399305555555556	0.5322916666666667	0.2309027777777778	0.5322916666666667
4	1.5538194444444444	1.2121527777777779	0.18663194444444445	1.2121527777777779
8	0.7317708333333334	0.8423611111111111	0.1154513888888889	0.8423611111111111
8	1.4908854166666667	1.1913194444444444	0.23914930555555555	1.1913194444444444
2	0.5399305555555556	0.5322916666666667	0.2309027777777778	0.5322916666666667
12	1.4357638888888888	0.5555555555555556	0.2769097222222222	0.5555555555555556
12	1.7821180555555556	1.2690972222222223	0.050347222222222224	1.2690972222222223
12	1.4665798611111112	0.9145833333333333	0.3589409722222222	0.9145833333333333
13	0.5399305555555556	0.5322916666666667	0.2309027777777778	0.5322916666666667
4	1.5538194444444444	1.2121527777777779	0.18663194444444445	1.2121527777777779
8	0.7317708333333334	0.8423611111111111	0.1154513888888889	0.8423611111111111
8	1.4908854166666667	1.1913194444444444	0.23914930555555555	1.1913194444444444
2	0.2699652777777778	0.26614583333333336	0.2309027777777778	0.19340277777777778
12	0.7178819444444444	0.2777777777777778	0.2769097222222222	0.21597222222222223
12	0.8910590277777778	0.6345486111111112	0.050347222222222224	0.23576388888888888
12	0.7332899305555556	0.45729166666666665	0.3589409722222222	0.5888888888888889
13	0.2699652777777778	0.26614583333333336	0.2309027777777778	0.19340277777777778
4	0.7769097222222222	0.6060763888888889	0.18663194444444445	0.20034722222222223
8	0.3658854166666667	0.42118055555555556	0.1154513888888889	0.09166666666666666
8	0.7454427083333334	0.5956597222222222	0.23914930555555555	0.2107638888888889
2	0.2699652777777778	0.26614583333333336	0.2309027777777778	0.19340277777777778
12	0.7178819444444444	0.2777777777777778	0.2769097222222222	0.21597222222222223
11	0.8567708333333334	0.7625	0.1362847222222222	0.041666666666666664
13	0.2699652777777778	0.26614583333333336	0.2309027777777778	0.19340277777777778
4	0.7769097222222222	0.6060763888888889	0.18663194444444445	0.20034722222222223
8	0.3658854166666667	0.42118055555555556	0.1154513888888889	0.09166666666666666
10	0.8567708333333334	0.7625	0.1362847222222222	0.041666666666666664
