1	0.6828908554572272	0.3495085995085995	0.18584070796460178	0.3495085995085995
1	0.6423303834808259	0.5214987714987716	0.17920353982300885	0.5214987714987716
13	0.6423303834808259	0.5214987714987716	0.17920353982300885	0.5214987714987716
13	1.4151917404129795	0.4794226044226044	0.12094395280235988	0.4794226044226044
11	0.7061209439528023	0.3068181818181818	0.17441002949852508	0.3068181818181818
11	0.26843657817109146	1.4318181818181819	0.03171091445427729	1.4318181818181819
1	0.6828908554572272	0.3495085995085995	0.18584070796460178	0.3495085995085995
1	0.6423303834808259	0.5214987714987716	0.17920353982300885	0.5214987714987716
13	0.6423303834808259	0.5214987714987716	0.17920353982300885	0.5214987714987716
13	1.4151917404129795	0.4794226044226044	0.12094395280235988	0.4794226044226044
11	0.7061209439528023	0.3068181818181818	0.17441002949852508	0.3068181818181818
11	0.26843657817109146	1.4318181818181819	0.03171091445427729	1.4318181818181819
1	0.3414454277286136	0.17475429975429976	0.18584070796460178	0.09336609336609336
1	0.32116519174041297	0.2607493857493858	0.17920353982300885	0.20270270270270271
13	0.32116519174041297	0.2607493857493858	0.17920353982300885	0.20270270270270271
13	0.7075958702064897	0.2397113022113022	0.12094395280235988	0.11701474201474202
11	0.35306047197640117	0.1534090909090909	0.17441002949852508	0.041461916461916465
11	0.13421828908554573	0.7159090909090909	0.03171091445427729	0.060810810810810814
10	0.13421828908554573	0.7159090909090909	0.03171091445427729	0.060810810810810814
13	0.32116519174041297	0.2607493857493858	0.17920353982300885	0.20270270270270271
9	0.9133480825958702	0.19133906633906633	0.11356932153392331	0.1246928746928747
11	0.35306047197640117	0.1534090909090909	0.17441002949852508	0.041461916461916465
1	0.3414454277286136	0.17475429975429976	0.18584070796460178	0.09336609336609336
0	0.5626843657817109	0.2996007371007371	0.1224188790560472	0.12745700245700245
2	0.5982669616519174	0.27364864864864863	0.026179941002949854	0.03746928746928747
