0	1.1786675639300135	0.7421316165951359	0.1167563930013459	0.7421316165951359
11	0.8304172274562585	0.30185979971387694	0.08277254374158816	0.30185979971387694
11	1.360699865410498	0.336552217453505	0.15343203230148048	0.336552217453505
0	1.1786675639300135	0.7421316165951359	0.1167563930013459	0.7421316165951359
11	0.8304172274562585	0.30185979971387694	0.08277254374158816	0.30185979971387694
11	1.360699865410498	0.336552217453505	0.15343203230148048	0.336552217453505
0	0.5893337819650067	0.37106580829756797	0.1167563930013459	0.12482117310443491
11	0.4152086137281292	0.15092989985693847	0.08277254374158816	0.02861230329041488
11	0.680349932705249	0.1682761087267525	0.15343203230148048	0.04041487839771102
0	0.5893337819650067	0.37106580829756797	0.1167563930013459	0.12482117310443491
11	0.4152086137281292	0.15092989985693847	0.08277254374158816	0.02861230329041488
