3	1.0828993055555556	1.0958333333333334	0.4361979166666667	1.0958333333333334
2	0.2322048611111111	0.9149305555555556	0.05772569444444445	0.9149305555555556
2	0.1974826388888889	1.0989583333333333	0.08637152777777778	1.0989583333333333
8	0.22526041666666666	0.9288194444444444	0.05946180555555555	0.9288194444444444
8	0.1948784722222222	1.1065972222222222	0.0837673611111111	1.1065972222222222
0	1.0525173611111112	0.7003472222222222	0.14453125	0.7003472222222222
9	0.1953125	1.0989583333333333	0.08072916666666667	1.0989583333333333
9	0.2282986111111111	0.9090277777777778	0.06163194444444445	0.9090277777777778
3	1.0828993055555556	1.0958333333333334	0.4361979166666667	1.0958333333333334
2	0.2322048611111111	0.9149305555555556	0.05772569444444445	0.9149305555555556
2	0.1974826388888889	1.0989583333333333	0.08637152777777778	1.0989583333333333
8	0.22526041666666666	0.9288194444444444	0.05946180555555555	0.9288194444444444
8	0.1948784722222222	1.1065972222222222	0.0837673611111111	1.1065972222222222
0	1.0525173611111112	0.7003472222222222	0.14453125	0.7003472222222222
9	0.1953125	1.0989583333333333	0.08072916666666667	1.0989583333333333
9	0.2282986111111111	0.9090277777777778	0.06163194444444445	0.9090277777777778
3	0.5414496527777778	0.5479166666666667	0.4361979166666667	0.14652777777777778
2	0.11610243055555555	0.4574652777777778	0.05772569444444445	0.07951388888888888
2	0.09874131944444445	0.5494791666666666	0.08637152777777778	0.07534722222222222
8	0.11263020833333333	0.4644097222222222	0.05946180555555555	0.06493055555555556
8	0.0974392361111111	0.5532986111111111	0.0837673611111111	0.07881944444444444
0	0.5262586805555556	0.3501736111111111	0.14453125	0.134375
9	0.09765625	0.5494791666666666	0.08072916666666667	0.08020833333333334
9	0.11414930555555555	0.4545138888888889	0.06163194444444445	0.08263888888888889
3	0.5414496527777778	0.5479166666666667	0.4361979166666667	0.14652777777777778
2	0.11610243055555555	0.4574652777777778	0.05772569444444445	0.07951388888888888
8	0.11263020833333333	0.4644097222222222	0.05946180555555555	0.06493055555555556
0	0.5262586805555556	0.3501736111111111	0.14453125	0.134375
9	0.09765625	0.5494791666666666	0.08072916666666667	0.08020833333333334
