11	0.23535564853556484	1.7486702127659575	0.04288702928870293	1.7486702127659575
11	1.3844142259414225	0.31560283687943264	0.17939330543933055	0.31560283687943264
11	0.7248953974895398	0.2624113475177305	0.11192468619246862	0.2624113475177305
11	0.5214435146443515	1.4703014184397163	0.08106694560669456	1.4703014184397163
11	0.24110878661087867	1.7016843971631206	0.09048117154811715	1.7016843971631206
11	0.6072175732217573	0.2912234042553192	0.26202928870292885	0.2912234042553192
13	0.8007322175732218	0.34131205673758863	0.05910041841004184	0.34131205673758863
13	1.3540794979079498	0.4104609929078014	0.10094142259414227	0.4104609929078014
10	0.24110878661087867	1.7016843971631206	0.09048117154811715	1.7016843971631206
11	0.23535564853556484	1.7486702127659575	0.04288702928870293	1.7486702127659575
11	1.3844142259414225	0.31560283687943264	0.17939330543933055	0.31560283687943264
11	0.7248953974895398	0.2624113475177305	0.11192468619246862	0.2624113475177305
11	0.5214435146443515	1.4703014184397163	0.08106694560669456	1.4703014184397163
11	0.24110878661087867	1.7016843971631206	0.09048117154811715	1.7016843971631206
11	0.6072175732217573	0.2912234042553192	0.26202928870292885	0.2912234042553192
13	0.8007322175732218	0.34131205673758863	0.05910041841004184	0.34131205673758863
13	1.3540794979079498	0.4104609929078014	0.10094142259414227	0.4104609929078014
10	0.24110878661087867	1.7016843971631206	0.09048117154811715	1.7016843971631206
11	0.11767782426778242	0.8743351063829787	0.04288702928870293	0.07313829787234043
11	0.6922071129707112	0.15780141843971632	0.17939330543933055	0.061170212765957445
11	0.3624476987447699	0.13120567375886524	0.11192468619246862	0.03634751773049645
11	0.26072175732217573	0.7351507092198581	0.08106694560669456	0.0678191489361702
11	0.12055439330543934	0.8508421985815603	0.09048117154811715	0.07047872340425532
11	0.30360878661087864	0.1456117021276596	0.26202928870292885	0.09352836879432624
13	0.4003661087866109	0.17065602836879432	0.05910041841004184	0.07092198581560284
13	0.6770397489539749	0.2052304964539007	0.10094142259414227	0.09840425531914894
10	0.12055439330543934	0.8508421985815603	0.09048117154811715	0.07047872340425532
11	0.11767782426778242	0.8743351063829787	0.04288702928870293	0.07313829787234043
13	0.4003661087866109	0.17065602836879432	0.05910041841004184	0.07092198581560284
10	0.12055439330543934	0.8508421985815603	0.09048117154811715	0.07047872340425532
9	0.891213389121339	0.7861258865248227	0.04079497907949791	0.1201241134751773
