11	0.32763671875	1.0736	0.07763671875	1.0736
11	0.53125	1.2376	0.3623046875	1.2376
11	0.6015625	0.4128	0.1357421875	0.4128
10	0.27783203125	1.4488	0.14892578125	1.4488
10	0.49951171875	1.5912	0.31982421875	1.5912
10	0.53125	1.2376	0.3623046875	1.2376
7	0.58447265625	1.5224	0.26611328125	1.5224
11	0.32763671875	1.0736	0.07763671875	1.0736
11	0.53125	1.2376	0.3623046875	1.2376
11	0.6015625	0.4128	0.1357421875	0.4128
10	0.27783203125	1.4488	0.14892578125	1.4488
10	0.49951171875	1.5912	0.31982421875	1.5912
10	0.53125	1.2376	0.3623046875	1.2376
7	0.58447265625	1.5224	0.26611328125	1.5224
11	0.163818359375	0.5368	0.07763671875	0.3328
11	0.265625	0.6188	0.3623046875	0.5192
11	0.30078125	0.2064	0.1357421875	0.0624
10	0.138916015625	0.7244	0.14892578125	0.1232
10	0.249755859375	0.7956	0.31982421875	0.1672
10	0.265625	0.6188	0.3623046875	0.5192
7	0.292236328125	0.7612	0.26611328125	0.148
7	0.292236328125	0.7612	0.26611328125	0.148
11	0.163818359375	0.5368	0.07763671875	0.3328
10	0.138916015625	0.7244	0.14892578125	0.1232
3	0.60595703125	0.697	0.4814453125	0.206
