7	0.6500651041666666	1.0511067708333333	0.17154947916666666	1.0511067708333333
0	1.28515625	0.5266927083333334	0.10481770833333333	0.5266927083333334
6	0.6233723958333334	1.021484375	0.22819010416666666	1.021484375
7	0.6500651041666666	1.0511067708333333	0.17154947916666666	1.0511067708333333
0	1.28515625	0.5266927083333334	0.10481770833333333	0.5266927083333334
6	0.6233723958333334	1.021484375	0.22819010416666666	1.021484375
7	0.3250325520833333	0.5255533854166666	0.17154947916666666	0.1494140625
0	0.642578125	0.2633463541666667	0.10481770833333333	0.14908854166666666
6	0.3116861979166667	0.5107421875	0.22819010416666666	0.16145833333333334
7	0.3250325520833333	0.5255533854166666	0.17154947916666666	0.1494140625
4	0.3116861979166667	0.5107421875	0.22819010416666666	0.16145833333333334
0	0.642578125	0.2633463541666667	0.10481770833333333	0.14908854166666666
6	0.3116861979166667	0.5107421875	0.22819010416666666	0.16145833333333334
