9	1.4959677419354838	0.6612190812720848	0.0715725806451613	0.6612190812720848
9	0.34173387096774194	0.6126325088339223	0.04334677419354839	0.6126325088339223
0	1.1224798387096775	0.7712014134275619	0.11441532258064516	0.7712014134275619
3	1.090725806451613	1.278268551236749	0.45161290322580644	1.278268551236749
8	1.5095766129032258	0.6554770318021201	0.09122983870967742	0.6554770318021201
8	0.4122983870967742	0.6439929328621908	0.07963709677419355	0.6439929328621908
9	1.4959677419354838	0.6612190812720848	0.0715725806451613	0.6612190812720848
9	0.34173387096774194	0.6126325088339223	0.04334677419354839	0.6126325088339223
0	1.1224798387096775	0.7712014134275619	0.11441532258064516	0.7712014134275619
3	1.090725806451613	1.278268551236749	0.45161290322580644	1.278268551236749
8	1.5095766129032258	0.6554770318021201	0.09122983870967742	0.6554770318021201
8	0.4122983870967742	0.6439929328621908	0.07963709677419355	0.6439929328621908
9	0.7479838709677419	0.3306095406360424	0.0715725806451613	0.10998233215547704
9	0.17086693548387097	0.30631625441696114	0.04334677419354839	0.09849823321554771
0	0.5612399193548387	0.38560070671378094	0.11441532258064516	0.11395759717314488
3	0.5453629032258065	0.6391342756183745	0.45161290322580644	0.07950530035335689
8	0.7547883064516129	0.32773851590106007	0.09122983870967742	0.12014134275618374
8	0.2061491935483871	0.3219964664310954	0.07963709677419355	0.11837455830388692
0	0.5612399193548387	0.38560070671378094	0.11441532258064516	0.11395759717314488
3	0.5453629032258065	0.6391342756183745	0.45161290322580644	0.07950530035335689
8	0.7547883064516129	0.32773851590106007	0.09122983870967742	0.12014134275618374
9	0.7479838709677419	0.3306095406360424	0.0715725806451613	0.10998233215547704
13	0.23412298387096775	0.366386925795053	0.013608870967741936	0.014575971731448763
