13	0.6525763653193459	0.6954022988505747	0.1490280777537797	0.6954022988505747
13	0.6865165072508485	1.4664750957854407	0.08978710274606604	1.4664750957854407
10	0.4331996297439062	1.6871008939974457	0.06356062943535945	1.6871008939974457
11	0.5837704412218451	0.4332694763729246	0.1283554458500463	0.4332694763729246
11	0.43813637766121566	1.6922094508301404	0.05368713360074051	1.6922094508301404
0	1.1453255168157976	0.6950830140485313	0.1042887997531626	0.6950830140485313
13	0.6525763653193459	0.6954022988505747	0.1490280777537797	0.6954022988505747
13	0.6865165072508485	1.4664750957854407	0.08978710274606604	1.4664750957854407
10	0.4331996297439062	1.6871008939974457	0.06356062943535945	1.6871008939974457
11	0.5837704412218451	0.4332694763729246	0.1283554458500463	0.4332694763729246
11	0.43813637766121566	1.6922094508301404	0.05368713360074051	1.6922094508301404
0	1.1453255168157976	0.6950830140485313	0.1042887997531626	0.6950830140485313
13	0.32628818265967297	0.34770114942528735	0.1490280777537797	0.29118773946360155
13	0.3432582536254242	0.7332375478927203	0.08978710274606604	0.109514687100894
10	0.2165998148719531	0.8435504469987228	0.06356062943535945	0.06960408684546615
11	0.29188522061092254	0.2166347381864623	0.1283554458500463	0.16379310344827586
11	0.21906818883060783	0.8461047254150702	0.05368713360074051	0.06194125159642401
0	0.5726627584078988	0.3475415070242657	0.1042887997531626	0.1529374201787995
13	0.32628818265967297	0.34770114942528735	0.1490280777537797	0.29118773946360155
10	0.2165998148719531	0.8435504469987228	0.06356062943535945	0.06960408684546615
11	0.29188522061092254	0.2166347381864623	0.1283554458500463	0.16379310344827586
0	0.5726627584078988	0.3475415070242657	0.1042887997531626	0.1529374201787995
