10	0.2155621742367833	1.5223709369024856	0.2155621742367833	1.5223709369024856
10	0.23343261355174982	1.331166347992352	0.16865227103499628	1.331166347992352
11	1.4758004467609829	0.3468451242829828	0.08265078183172003	0.3468451242829828
11	1.437825763216679	0.35258126195028683	0.1325390915860015	0.35258126195028683
11	0.505584512285927	0.40573613766730404	0.24274013402829486	0.40573613766730404
11	0.5457930007446017	0.3663479923518164	0.12658227848101267	0.3663479923518164
11	0.14072970960536113	1.3162523900573613	0.12956068503350707	1.3162523900573613
5	1.4311243484735667	1.077246653919694	0.30081906180193596	1.077246653919694
5	0.5483991064780342	0.9724665391969407	0.2736411020104244	0.9724665391969407
10	0.2155621742367833	1.5223709369024856	0.2155621742367833	1.5223709369024856
10	0.23343261355174982	1.331166347992352	0.16865227103499628	1.331166347992352
11	1.4758004467609829	0.3468451242829828	0.08265078183172003	0.3468451242829828
11	1.437825763216679	0.35258126195028683	0.1325390915860015	0.35258126195028683
11	0.505584512285927	0.40573613766730404	0.24274013402829486	0.40573613766730404
11	0.5457930007446017	0.3663479923518164	0.12658227848101267	0.3663479923518164
11	0.14072970960536113	1.3162523900573613	0.12956068503350707	1.3162523900573613
5	1.4311243484735667	1.077246653919694	0.30081906180193596	1.077246653919694
5	0.5483991064780342	0.9724665391969407	0.2736411020104244	0.9724665391969407
10	0.10778108711839166	0.7611854684512428	0.2155621742367833	0.264244741873805
10	0.11671630677587491	0.665583173996176	0.16865227103499628	0.14722753346080306
11	0.7379002233804914	0.1734225621414914	0.08265078183172003	0.06309751434034416
11	0.7189128816083395	0.17629063097514341	0.1325390915860015	0.14608030592734225
11	0.2527922561429635	0.20286806883365202	0.24274013402829486	0.1594646271510516
11	0.27289650037230084	0.1831739961759082	0.12658227848101267	0.06118546845124283
11	0.07036485480268057	0.6581261950286806	0.12956068503350707	0.28374760994263865
5	0.7155621742367834	0.538623326959847	0.30081906180193596	0.5021032504780115
5	0.2741995532390171	0.48623326959847035	0.2736411020104244	0.5235181644359465
10	0.10778108711839166	0.7611854684512428	0.2155621742367833	0.264244741873805
0	0.5560312732688012	0.34703632887189295	0.1530156366344006	0.1632887189292543
11	0.7379002233804914	0.1734225621414914	0.08265078183172003	0.06309751434034416
5	0.7155621742367834	0.538623326959847	0.30081906180193596	0.5021032504780115
13	0.7189128816083395	0.17629063097514341	0.1325390915860015	0.14608030592734225
