8	0.27661596958174905	1.0544019933554818	0.03136882129277566	1.0544019933554818
8	0.2229087452471483	1.6710963455149501	0.008079847908745247	1.6710963455149501
8	0.5565589353612167	0.5311461794019934	0.04230038022813688	0.5311461794019934
8	0.2984790874524715	1.6125415282392026	0.008555133079847909	1.6125415282392026
13	0.564638783269962	0.4950166112956811	0.1967680608365019	0.4950166112956811
13	1.3212927756653992	0.42441860465116277	0.22433460076045628	0.42441860465116277
8	0.27661596958174905	1.0544019933554818	0.03136882129277566	1.0544019933554818
8	0.2229087452471483	1.6710963455149501	0.008079847908745247	1.6710963455149501
8	0.5565589353612167	0.5311461794019934	0.04230038022813688	0.5311461794019934
8	0.2984790874524715	1.6125415282392026	0.008555133079847909	1.6125415282392026
13	0.564638783269962	0.4950166112956811	0.1967680608365019	0.4950166112956811
13	1.3212927756653992	0.42441860465116277	0.22433460076045628	0.42441860465116277
8	0.13830798479087453	0.5272009966777409	0.03136882129277566	0.014534883720930232
8	0.11145437262357415	0.8355481727574751	0.008079847908745247	0.007475083056478406
8	0.27827946768060835	0.2655730897009967	0.04230038022813688	0.0303156146179402
8	0.14923954372623574	0.8062707641196013	0.008555133079847909	0.007890365448504983
13	0.282319391634981	0.24750830564784054	0.1967680608365019	0.2159468438538206
13	0.6606463878326996	0.21220930232558138	0.22433460076045628	0.18604651162790697
8	0.13830798479087453	0.5272009966777409	0.03136882129277566	0.014534883720930232
13	0.282319391634981	0.24750830564784054	0.1967680608365019	0.2159468438538206
7	0.7084125475285171	0.2560215946843854	0.10218631178707224	0.10340531561461794
