2	0.765625	0.6982421875	0.140625	0.6982421875
2	1.3821614583333333	0.7473958333333334	0.126953125	0.7473958333333334
8	1.55859375	1.3642578125	0.014322916666666666	1.3642578125
8	1.48828125	1.2718098958333333	0.025390625	1.2718098958333333
13	0.7542317708333334	0.7819010416666666	0.15266927083333334	0.7819010416666666
13	1.369140625	0.7360026041666666	0.11653645833333333	0.7360026041666666
13	1.7063802083333333	1.5139973958333333	0.027994791666666668	1.5139973958333333
2	0.765625	0.6982421875	0.140625	0.6982421875
2	1.3821614583333333	0.7473958333333334	0.126953125	0.7473958333333334
8	1.55859375	1.3642578125	0.014322916666666666	1.3642578125
8	1.48828125	1.2718098958333333	0.025390625	1.2718098958333333
13	0.7542317708333334	0.7819010416666666	0.15266927083333334	0.7819010416666666
13	1.369140625	0.7360026041666666	0.11653645833333333	0.7360026041666666
13	1.7063802083333333	1.5139973958333333	0.027994791666666668	1.5139973958333333
2	0.3828125	0.34912109375	0.140625	0.2679036458333333
2	0.6910807291666666	0.3736979166666667	0.126953125	0.24674479166666666
8	0.779296875	0.68212890625	0.014322916666666666	0.0107421875
8	0.744140625	0.6359049479166666	0.025390625	0.028971354166666668
13	0.3771158854166667	0.3909505208333333	0.15266927083333334	0.306640625
13	0.6845703125	0.3680013020833333	0.11653645833333333	0.2776692708333333
13	0.8531901041666666	0.7569986979166666	0.027994791666666668	0.013997395833333334
13	0.3771158854166667	0.3909505208333333	0.15266927083333334	0.306640625
2	0.3828125	0.34912109375	0.140625	0.2679036458333333
8	0.779296875	0.68212890625	0.014322916666666666	0.0107421875
