3	1.2066023738872405	1.411497730711044	0.43212166172106825	1.411497730711044
0	1.1624629080118694	0.6437216338880484	0.11795252225519288	0.6437216338880484
13	1.2251483679525224	0.3978819969742814	0.08271513353115727	0.3978819969742814
3	1.2066023738872405	1.411497730711044	0.43212166172106825	1.411497730711044
0	1.1624629080118694	0.6437216338880484	0.11795252225519288	0.6437216338880484
13	1.2251483679525224	0.3978819969742814	0.08271513353115727	0.3978819969742814
3	0.6033011869436202	0.705748865355522	0.43212166172106825	0.15279878971255673
0	0.5812314540059347	0.3218608169440242	0.11795252225519288	0.13010590015128592
13	0.6125741839762612	0.1989409984871407	0.08271513353115727	0.10968229954614221
3	0.6033011869436202	0.705748865355522	0.43212166172106825	0.15279878971255673
0	0.5812314540059347	0.3218608169440242	0.11795252225519288	0.13010590015128592
13	0.6125741839762612	0.1989409984871407	0.08271513353115727	0.10968229954614221
6	0.6125741839762612	0.1989409984871407	0.08271513353115727	0.10968229954614221
