0	1.1366594360086768	0.6769806188371302	0.14822848879248013	0.6769806188371302
3	1.1587129428778018	1.4641278476708603	0.5057845263919016	1.4641278476708603
11	0.6959508315256688	0.31315878952737164	0.13557483731019523	0.31315878952737164
11	1.2436731742588576	0.28867732063923834	0.12002892263195951	0.28867732063923834
0	1.1366594360086768	0.6769806188371302	0.14822848879248013	0.6769806188371302
3	1.1587129428778018	1.4641278476708603	0.5057845263919016	1.4641278476708603
11	0.6959508315256688	0.31315878952737164	0.13557483731019523	0.31315878952737164
11	1.2436731742588576	0.28867732063923834	0.12002892263195951	0.28867732063923834
0	0.5683297180043384	0.3384903094185651	0.14822848879248013	0.12682760965657938
3	0.5793564714389009	0.7320639238354302	0.5057845263919016	0.16184971098265896
11	0.3479754157628344	0.15657939476368582	0.13557483731019523	0.03706222373342401
11	0.6218365871294288	0.14433866031961917	0.12002892263195951	0.035022101326079566
0	0.5683297180043384	0.3384903094185651	0.14822848879248013	0.12682760965657938
3	0.5793564714389009	0.7320639238354302	0.5057845263919016	0.16184971098265896
11	0.3479754157628344	0.15657939476368582	0.13557483731019523	0.03706222373342401
