11	0.8332313341493268	0.34975520195838433	0.031517747858017135	0.34975520195838433
11	1.5235618115055078	1.3751529987760098	0.04375764993880049	1.3751529987760098
11	0.7105263157894737	0.31548347613219097	0.09302325581395349	0.31548347613219097
11	1.3194614443084456	0.36138310893512854	0.08384332925336598	0.36138310893512854
9	1.2365361077111383	0.41646266829865364	0.08108935128518972	0.41646266829865364
13	1.4479804161566707	1.2695838433292534	0.094859241126071	1.2695838433292534
13	1.4525703794369644	1.2812117503059977	0.03518971848225214	1.2812117503059977
11	0.8332313341493268	0.34975520195838433	0.031517747858017135	0.34975520195838433
11	1.5235618115055078	1.3751529987760098	0.04375764993880049	1.3751529987760098
11	0.7105263157894737	0.31548347613219097	0.09302325581395349	0.31548347613219097
11	1.3194614443084456	0.36138310893512854	0.08384332925336598	0.36138310893512854
9	1.2365361077111383	0.41646266829865364	0.08108935128518972	0.41646266829865364
13	1.4479804161566707	1.2695838433292534	0.094859241126071	1.2695838433292534
13	1.4525703794369644	1.2812117503059977	0.03518971848225214	1.2812117503059977
11	0.4166156670746634	0.17487760097919217	0.031517747858017135	0.04130966952264382
11	0.7617809057527539	0.6875764993880049	0.04375764993880049	0.09975520195838433
11	0.35526315789473684	0.15774173806609548	0.09302325581395349	0.02539779681762546
11	0.6597307221542228	0.18069155446756427	0.08384332925336598	0.058445532435740515
9	0.6182680538555692	0.20823133414932682	0.08108935128518972	0.1153610771113831
13	0.7239902080783354	0.6347919216646267	0.094859241126071	0.13739290085679315
13	0.7262851897184822	0.6406058751529988	0.03518971848225214	0.058445532435740515
10	0.7617809057527539	0.6875764993880049	0.04375764993880049	0.09975520195838433
11	0.4166156670746634	0.17487760097919217	0.031517747858017135	0.04130966952264382
9	0.6182680538555692	0.20823133414932682	0.08108935128518972	0.1153610771113831
13	0.7239902080783354	0.6347919216646267	0.094859241126071	0.13739290085679315
