7	0.48019017432646594	0.7964273677114931	0.23375594294770205	0.7964273677114931
7	0.47305863708399365	1.3316481294236602	0.24484944532488115	1.3316481294236602
0	1.1707606973058637	0.7708122682844624	0.16204437400950872	0.7708122682844624
9	1.3870839936608559	0.9548365352207617	0.10419968304278922	0.9548365352207617
10	0.41679873217115687	1.4405123019885406	0.32408874801901744	1.4405123019885406
7	0.48019017432646594	0.7964273677114931	0.23375594294770205	0.7964273677114931
7	0.47305863708399365	1.3316481294236602	0.24484944532488115	1.3316481294236602
0	1.1707606973058637	0.7708122682844624	0.16204437400950872	0.7708122682844624
9	1.3870839936608559	0.9548365352207617	0.10419968304278922	0.9548365352207617
10	0.41679873217115687	1.4405123019885406	0.32408874801901744	1.4405123019885406
7	0.24009508716323297	0.39821368385574657	0.23375594294770205	0.1937984496124031
7	0.23652931854199682	0.6658240647118301	0.24484944532488115	0.0455005055611729
0	0.5853803486529319	0.3854061341422312	0.16204437400950872	0.14324233232221098
9	0.6935419968304279	0.47741826761038086	0.10419968304278922	0.11830131445904954
10	0.20839936608557844	0.7202561509942703	0.32408874801901744	0.29120323559150657
7	0.24009508716323297	0.39821368385574657	0.23375594294770205	0.1937984496124031
0	0.5853803486529319	0.3854061341422312	0.16204437400950872	0.14324233232221098
9	0.6935419968304279	0.47741826761038086	0.10419968304278922	0.11830131445904954
10	0.20839936608557844	0.7202561509942703	0.32408874801901744	0.29120323559150657
6	0.26327258320126784	0.43933265925176945	0.23573692551505546	0.2551398719245029
3	0.5730982567353408	0.6857094708459723	0.48217115689381934	0.13919784293899562
