13	0.46648550724637683	0.5904017857142857	0.08786231884057971	0.5904017857142857
13	1.386322463768116	0.6134672619047619	0.08469202898550725	0.6134672619047619
13	1.4171195652173914	0.49069940476190477	0.2269021739130435	0.49069940476190477
10	1.446105072463768	1.3091517857142858	0.37907608695652173	1.3091517857142858
10	1.53125	1.2797619047619047	0.26856884057971014	1.2797619047619047
10	0.2246376811594203	1.7429315476190477	0.041666666666666664	1.7429315476190477
7	1.4171195652173914	0.49069940476190477	0.2269021739130435	0.49069940476190477
7	1.4533514492753623	1.2191220238095237	0.26403985507246375	1.2191220238095237
0	1.182518115942029	0.6707589285714286	0.11730072463768115	0.6707589285714286
11	1.4171195652173914	0.49069940476190477	0.2269021739130435	0.49069940476190477
11	0.2246376811594203	1.7429315476190477	0.041666666666666664	1.7429315476190477
6	0.46648550724637683	0.5904017857142857	0.08786231884057971	0.5904017857142857
6	1.4692028985507246	0.8828125	0.29528985507246375	0.8828125
6	0.6471920289855072	0.5654761904761905	0.2441123188405797	0.5654761904761905
13	0.46648550724637683	0.5904017857142857	0.08786231884057971	0.5904017857142857
13	1.386322463768116	0.6134672619047619	0.08469202898550725	0.6134672619047619
13	1.4171195652173914	0.49069940476190477	0.2269021739130435	0.49069940476190477
10	1.446105072463768	1.3091517857142858	0.37907608695652173	1.3091517857142858
10	1.53125	1.2797619047619047	0.26856884057971014	1.2797619047619047
10	0.2246376811594203	1.7429315476190477	0.041666666666666664	1.7429315476190477
7	1.4171195652173914	0.49069940476190477	0.2269021739130435	0.49069940476190477
7	1.4533514492753623	1.2191220238095237	0.26403985507246375	1.2191220238095237
0	1.182518115942029	0.6707589285714286	0.11730072463768115	0.6707589285714286
11	1.4171195652173914	0.49069940476190477	0.2269021739130435	0.49069940476190477
11	0.2246376811594203	1.7429315476190477	0.041666666666666664	1.7429315476190477
6	0.46648550724637683	0.5904017857142857	0.08786231884057971	0.5904017857142857
6	1.4692028985507246	0.8828125	0.29528985507246375	0.8828125
6	0.6471920289855072	0.5654761904761905	0.2441123188405797	0.5654761904761905
10	0.723052536231884	0.6545758928571429	0.37907608695652173	0.35453869047619047
10	0.765625	0.6398809523809523	0.26856884057971014	0.14434523809523808
10	0.11231884057971014	0.8714657738095238	0.041666666666666664	0.03757440476190476
7	0.7085597826086957	0.24534970238095238	0.2269021739130435	0.12313988095238096
7	0.7266757246376812	0.6095610119047619	0.26403985507246375	0.16183035714285715
0	0.5912590579710145	0.3353794642857143	0.11730072463768115	0.10602678571428571
11	0.7085597826086957	0.24534970238095238	0.2269021739130435	0.12313988095238096
11	0.11231884057971014	0.8714657738095238	0.041666666666666664	0.03757440476190476
6	0.23324275362318841	0.29520089285714285	0.08786231884057971	0.12760416666666666
6	0.7346014492753623	0.44140625	0.29528985507246375	0.41257440476190477
6	0.3235960144927536	0.28273809523809523	0.2441123188405797	0.16666666666666666
13	0.23324275362318841	0.29520089285714285	0.08786231884057971	0.12760416666666666
13	0.693161231884058	0.30673363095238093	0.08469202898550725	0.10379464285714286
13	0.7085597826086957	0.24534970238095238	0.2269021739130435	0.12313988095238096
13	0.23324275362318841	0.29520089285714285	0.08786231884057971	0.12760416666666666
10	0.723052536231884	0.6545758928571429	0.37907608695652173	0.35453869047619047
7	0.7085597826086957	0.24534970238095238	0.2269021739130435	0.12313988095238096
0	0.5912590579710145	0.3353794642857143	0.11730072463768115	0.10602678571428571
11	0.7085597826086957	0.24534970238095238	0.2269021739130435	0.12313988095238096
6	0.23324275362318841	0.29520089285714285	0.08786231884057971	0.12760416666666666
3	0.5801630434782609	0.6318824404761905	0.4329710144927536	0.17894345238095238
4	0.7076539855072463	0.23567708333333334	0.129981884057971	0.10081845238095238
