9	0.5203993055555556	1.167361111111111	0.23828125	1.167361111111111
10	0.3016493055555556	1.1975694444444445	0.2625868055555556	1.1975694444444445
10	0.1488715277777778	1.117361111111111	0.06293402777777778	1.117361111111111
9	0.5203993055555556	1.167361111111111	0.23828125	1.167361111111111
10	0.3016493055555556	1.1975694444444445	0.2625868055555556	1.1975694444444445
10	0.1488715277777778	1.117361111111111	0.06293402777777778	1.117361111111111
9	0.2601996527777778	0.5836805555555555	0.23828125	0.1597222222222222
10	0.1508246527777778	0.5987847222222222	0.2625868055555556	0.17256944444444444
10	0.0744357638888889	0.5586805555555555	0.06293402777777778	0.14722222222222223
10	0.1508246527777778	0.5987847222222222	0.2625868055555556	0.17256944444444444
0	0.5149739583333334	0.29496527777777776	0.10807291666666667	0.09479166666666666
9	0.2601996527777778	0.5836805555555555	0.23828125	0.1597222222222222
11	0.0744357638888889	0.5586805555555555	0.06293402777777778	0.14722222222222223
13	0.2554253472222222	0.4861111111111111	0.19921875	0.06666666666666667
