10	0.2363773017662533	1.8608605135322693	0.06576475009394964	1.8608605135322693
10	1.6459977452085681	1.560027758501041	0.08042089440060128	1.560027758501041
13	0.5246148064637355	1.4139486467730742	0.13002630590003758	1.4139486467730742
13	0.7681322810973318	0.6186675919500347	0.16760616309658025	0.6186675919500347
13	1.481022172115746	0.5628036086051353	0.14768883878241262	0.5628036086051353
6	0.5693348365276212	1.4725884802220681	0.15069522735813604	1.4725884802220681
6	1.5437805336339723	1.5575988896599584	0.1375422773393461	1.5575988896599584
6	0.7681322810973318	0.6186675919500347	0.16760616309658025	0.6186675919500347
11	1.6234498308906427	1.5940319222761972	0.12025554302893648	1.5940319222761972
11	0.8151071025930101	0.2963219986120749	0.16046599022923713	0.2963219986120749
11	0.2363773017662533	1.8608605135322693	0.06576475009394964	1.8608605135322693
11	1.3701615933859452	0.3563497571131159	0.11574596016535137	0.3563497571131159
0	1.2480270574971815	0.8188757807078417	0.09958662157083803	0.8188757807078417
10	0.2363773017662533	1.8608605135322693	0.06576475009394964	1.8608605135322693
10	1.6459977452085681	1.560027758501041	0.08042089440060128	1.560027758501041
13	0.5246148064637355	1.4139486467730742	0.13002630590003758	1.4139486467730742
13	0.7681322810973318	0.6186675919500347	0.16760616309658025	0.6186675919500347
13	1.481022172115746	0.5628036086051353	0.14768883878241262	0.5628036086051353
6	0.5693348365276212	1.4725884802220681	0.15069522735813604	1.4725884802220681
6	1.5437805336339723	1.5575988896599584	0.1375422773393461	1.5575988896599584
6	0.7681322810973318	0.6186675919500347	0.16760616309658025	0.6186675919500347
11	1.6234498308906427	1.5940319222761972	0.12025554302893648	1.5940319222761972
11	0.8151071025930101	0.2963219986120749	0.16046599022923713	0.2963219986120749
11	0.2363773017662533	1.8608605135322693	0.06576475009394964	1.8608605135322693
11	1.3701615933859452	0.3563497571131159	0.11574596016535137	0.3563497571131159
0	1.2480270574971815	0.8188757807078417	0.09958662157083803	0.8188757807078417
10	0.11818865088312665	0.9304302567661347	0.06576475009394964	0.1051353226925746
10	0.8229988726042841	0.7800138792505205	0.08042089440060128	0.24427480916030533
13	0.26230740323186774	0.7069743233865371	0.13002630590003758	0.27168632893823735
13	0.3840661405486659	0.30933379597501737	0.16760616309658025	0.2494795281054823
13	0.740511086057873	0.28140180430256767	0.14768883878241262	0.10478834142956281
6	0.2846674182638106	0.7362942401110341	0.15069522735813604	0.1825121443442054
6	0.7718902668169861	0.7787994448299792	0.1375422773393461	0.14816099930603746
6	0.3840661405486659	0.30933379597501737	0.16760616309658025	0.2494795281054823
11	0.8117249154453213	0.7970159611380986	0.12025554302893648	0.19014573213046496
11	0.40755355129650506	0.14816099930603746	0.16046599022923713	0.047883414295628035
11	0.11818865088312665	0.9304302567661347	0.06576475009394964	0.1051353226925746
11	0.6850807966929726	0.17817487855655795	0.11574596016535137	0.03018736988202637
0	0.6240135287485907	0.40943789035392086	0.09958662157083803	0.11034004163775156
10	0.11818865088312665	0.9304302567661347	0.06576475009394964	0.1051353226925746
13	0.26230740323186774	0.7069743233865371	0.13002630590003758	0.27168632893823735
4	0.7500939496429914	0.618147120055517	0.2224727546035325	0.25711311589174185
6	0.2846674182638106	0.7362942401110341	0.15069522735813604	0.1825121443442054
7	0.7438932732055619	0.6165857043719639	0.22134535888763623	0.24288688410825815
11	0.8117249154453213	0.7970159611380986	0.12025554302893648	0.19014573213046496
0	0.6240135287485907	0.40943789035392086	0.09958662157083803	0.11034004163775156
2	0.6413002630590003	0.3939972241498959	0.0680195415257422	0.06835530881332408
8	0.7444569710635099	0.6138098542678695	0.2224727546035325	0.2498265093684941
