11	1.7608506944444444	1.5222222222222221	0.030815972222222224	1.5222222222222221
11	0.24696180555555555	1.7645833333333334	0.024739583333333332	1.7645833333333334
11	1.3611111111111112	0.48993055555555554	0.13020833333333334	0.48993055555555554
11	1.7608506944444444	1.5222222222222221	0.030815972222222224	1.5222222222222221
11	0.24696180555555555	1.7645833333333334	0.024739583333333332	1.7645833333333334
11	1.3611111111111112	0.48993055555555554	0.13020833333333334	0.48993055555555554
11	0.8804253472222222	0.7611111111111111	0.030815972222222224	0.025694444444444443
11	0.12348090277777778	0.8822916666666667	0.024739583333333332	0.034722222222222224
11	0.6805555555555556	0.24496527777777777	0.13020833333333334	0.05590277777777778
11	0.8804253472222222	0.7611111111111111	0.030815972222222224	0.025694444444444443
9	0.4685329861111111	0.45590277777777777	0.12109375	0.1527777777777778
10	0.1312934027777778	0.8835069444444444	0.04470486111111111	0.049652777777777775
