0	1.1400639886242445	0.83787512935495	0.0984713828652684	0.83787512935495
13	0.5026661926768574	1.2925146602276647	0.2253821542836829	1.2925146602276647
13	1.5055101315321722	1.2828561572956192	0.15179523640241735	1.2828561572956192
6	0.5026661926768574	1.2925146602276647	0.2253821542836829	1.2925146602276647
6	1.5055101315321722	1.2828561572956192	0.15179523640241735	1.2828561572956192
7	1.5101315321720583	1.3311486719558467	0.13722004976892996	1.3311486719558467
7	0.4319232136509065	1.2763021731631596	0.1432634198364735	1.2763021731631596
0	1.1400639886242445	0.83787512935495	0.0984713828652684	0.83787512935495
13	0.5026661926768574	1.2925146602276647	0.2253821542836829	1.2925146602276647
13	1.5055101315321722	1.2828561572956192	0.15179523640241735	1.2828561572956192
6	0.5026661926768574	1.2925146602276647	0.2253821542836829	1.2925146602276647
6	1.5055101315321722	1.2828561572956192	0.15179523640241735	1.2828561572956192
7	1.5101315321720583	1.3311486719558467	0.13722004976892996	1.3311486719558467
7	0.4319232136509065	1.2763021731631596	0.1432634198364735	1.2763021731631596
0	0.5700319943121223	0.418937564677475	0.0984713828652684	0.13763366678164884
13	0.2513330963384287	0.6462573301138324	0.2253821542836829	0.20662297343911692
13	0.7527550657660861	0.6414280786478096	0.15179523640241735	0.225939979303208
6	0.2513330963384287	0.6462573301138324	0.2253821542836829	0.20662297343911692
6	0.7527550657660861	0.6414280786478096	0.15179523640241735	0.225939979303208
7	0.7550657660860292	0.6655743359779234	0.13722004976892996	0.12659537771645396
7	0.21596160682545326	0.6381510865815798	0.1432634198364735	0.1586754053121766
7	0.7550657660860292	0.6655743359779234	0.13722004976892996	0.12659537771645396
0	0.5700319943121223	0.418937564677475	0.0984713828652684	0.13763366678164884
13	0.2513330963384287	0.6462573301138324	0.2253821542836829	0.20662297343911692
6	0.2513330963384287	0.6462573301138324	0.2253821542836829	0.20662297343911692
