13	1.4353062629043358	1.2827338129496404	0.17721954576737783	1.2827338129496404
13	1.532002752924983	1.1658273381294963	0.1858224363386098	1.1658273381294963
10	1.481417756366139	1.460431654676259	0.2852718513420509	1.460431654676259
10	1.6906400550584997	1.469064748201439	0.045079146593255334	1.469064748201439
13	1.4353062629043358	1.2827338129496404	0.17721954576737783	1.2827338129496404
13	1.532002752924983	1.1658273381294963	0.1858224363386098	1.1658273381294963
10	1.481417756366139	1.460431654676259	0.2852718513420509	1.460431654676259
10	1.6906400550584997	1.469064748201439	0.045079146593255334	1.469064748201439
13	0.7176531314521679	0.6413669064748202	0.17721954576737783	0.1
13	0.7660013764624914	0.5829136690647482	0.1858224363386098	0.14064748201438848
10	0.7407088781830695	0.7302158273381295	0.2852718513420509	0.16906474820143885
10	0.8453200275292498	0.7345323741007195	0.045079146593255334	0.07985611510791367
13	0.7176531314521679	0.6413669064748202	0.17721954576737783	0.1
3	0.5760495526496903	0.7028776978417266	0.41087405368203717	0.18489208633093526
10	0.7407088781830695	0.7302158273381295	0.2852718513420509	0.16906474820143885
11	0.8453200275292498	0.7345323741007195	0.045079146593255334	0.07985611510791367
