13	1.5593297101449275	0.6149553571428571	0.1381340579710145	0.6149553571428571
6	1.5072463768115942	0.6138392857142857	0.06521739130434782	0.6138392857142857
6	1.6653079710144927	0.7708333333333334	0.10461956521739131	0.7708333333333334
11	1.863677536231884	1.0825892857142858	0.04755434782608696	1.0825892857142858
11	1.9180253623188406	1.1930803571428572	0.025815217391304348	1.1930803571428572
11	1.5335144927536233	0.46726190476190477	0.23097826086956522	0.46726190476190477
2	1.8786231884057971	1.0725446428571428	0.0769927536231884	1.0725446428571428
7	1.6254528985507246	0.8054315476190477	0.21693840579710144	0.8054315476190477
7	1.5593297101449275	0.6149553571428571	0.1381340579710145	0.6149553571428571
13	1.5593297101449275	0.6149553571428571	0.1381340579710145	0.6149553571428571
6	1.5072463768115942	0.6138392857142857	0.06521739130434782	0.6138392857142857
6	1.6653079710144927	0.7708333333333334	0.10461956521739131	0.7708333333333334
11	1.863677536231884	1.0825892857142858	0.04755434782608696	1.0825892857142858
11	1.9180253623188406	1.1930803571428572	0.025815217391304348	1.1930803571428572
11	1.5335144927536233	0.46726190476190477	0.23097826086956522	0.46726190476190477
2	1.8786231884057971	1.0725446428571428	0.0769927536231884	1.0725446428571428
7	1.6254528985507246	0.8054315476190477	0.21693840579710144	0.8054315476190477
7	1.5593297101449275	0.6149553571428571	0.1381340579710145	0.6149553571428571
13	0.7796648550724637	0.30747767857142855	0.1381340579710145	0.10379464285714286
6	0.7536231884057971	0.30691964285714285	0.06521739130434782	0.11681547619047619
6	0.8326539855072463	0.3854166666666667	0.10461956521739131	0.1130952380952381
11	0.931838768115942	0.5412946428571429	0.04755434782608696	0.2418154761904762
11	0.9590126811594203	0.5965401785714286	0.025815217391304348	0.16183035714285715
11	0.7667572463768116	0.23363095238095238	0.23097826086956522	0.10639880952380952
2	0.9393115942028986	0.5362723214285714	0.0769927536231884	0.26748511904761907
7	0.8127264492753623	0.40271577380952384	0.21693840579710144	0.3366815476190476
7	0.7796648550724637	0.30747767857142855	0.1381340579710145	0.10379464285714286
13	0.7796648550724637	0.30747767857142855	0.1381340579710145	0.10379464285714286
6	0.7536231884057971	0.30691964285714285	0.06521739130434782	0.11681547619047619
11	0.931838768115942	0.5412946428571429	0.04755434782608696	0.2418154761904762
2	0.9393115942028986	0.5362723214285714	0.0769927536231884	0.26748511904761907
7	0.8127264492753623	0.40271577380952384	0.21693840579710144	0.3366815476190476
9	0.9311594202898551	0.5526413690476191	0.04800724637681159	0.23697916666666666
