6	0.40555555555555556	0.9103222793087342	0.2918803418803419	0.9103222793087342
6	1.4371794871794872	0.914992993928071	0.38333333333333336	0.914992993928071
4	1.4576923076923076	1.1718822979915926	0.30982905982905984	1.1718822979915926
4	0.3346153846153846	1.1508640822045773	0.16709401709401708	1.1508640822045773
7	1.4371794871794872	0.914992993928071	0.38333333333333336	0.914992993928071
7	1.4363247863247863	0.6319476879962634	0.21581196581196582	0.6319476879962634
7	0.3923076923076923	0.9075198505371321	0.19572649572649573	0.9075198505371321
3	1.120940170940171	1.2027090144792154	0.6551282051282051	1.2027090144792154
6	0.40555555555555556	0.9103222793087342	0.2918803418803419	0.9103222793087342
6	1.4371794871794872	0.914992993928071	0.38333333333333336	0.914992993928071
4	1.4576923076923076	1.1718822979915926	0.30982905982905984	1.1718822979915926
4	0.3346153846153846	1.1508640822045773	0.16709401709401708	1.1508640822045773
7	1.4371794871794872	0.914992993928071	0.38333333333333336	0.914992993928071
7	1.4363247863247863	0.6319476879962634	0.21581196581196582	0.6319476879962634
7	0.3923076923076923	0.9075198505371321	0.19572649572649573	0.9075198505371321
3	1.120940170940171	1.2027090144792154	0.6551282051282051	1.2027090144792154
6	0.20277777777777778	0.4551611396543671	0.2918803418803419	0.5824381130312938
6	0.7185897435897436	0.4574964969640355	0.38333333333333336	0.6506305464736105
4	0.7288461538461538	0.5859411489957963	0.30982905982905984	0.34890238206445584
4	0.1673076923076923	0.5754320411022886	0.16709401709401708	0.20924801494628678
7	0.7185897435897436	0.4574964969640355	0.38333333333333336	0.6506305464736105
7	0.7181623931623932	0.3159738439981317	0.21581196581196582	0.2508173750583839
7	0.19615384615384615	0.45375992526856607	0.19572649572649573	0.39747781410555816
3	0.5604700854700855	0.6013545072396077	0.6551282051282051	0.4311069593647828
6	0.20277777777777778	0.4551611396543671	0.2918803418803419	0.5824381130312938
4	0.7288461538461538	0.5859411489957963	0.30982905982905984	0.34890238206445584
7	0.7185897435897436	0.4574964969640355	0.38333333333333336	0.6506305464736105
2	0.5493589743589744	0.33232134516581036	0.12179487179487179	0.14992993928070994
3	0.5604700854700855	0.6013545072396077	0.6551282051282051	0.4311069593647828
10	0.8653846153846154	0.6964035497431107	0.14358974358974358	0.17468472676319477
