6	0.6932203389830508	0.7963333333333333	0.23152542372881357	0.7963333333333333
6	1.5135593220338983	1.1143333333333334	0.18271186440677967	1.1143333333333334
7	1.4877966101694915	0.9773333333333334	0.20779661016949152	0.9773333333333334
7	0.6932203389830508	0.7963333333333333	0.23152542372881357	0.7963333333333333
8	0.6403389830508475	1.2846666666666666	0.10271186440677967	1.2846666666666666
8	0.6932203389830508	0.7963333333333333	0.23152542372881357	0.7963333333333333
8	1.4877966101694915	0.9773333333333334	0.20779661016949152	0.9773333333333334
9	0.7633898305084745	0.9796666666666667	0.31186440677966104	0.9796666666666667
9	1.4203389830508475	0.996	0.2759322033898305	0.996
9	1.4986440677966102	0.775	0.12779661016949154	0.775
6	0.6932203389830508	0.7963333333333333	0.23152542372881357	0.7963333333333333
6	1.5135593220338983	1.1143333333333334	0.18271186440677967	1.1143333333333334
7	1.4877966101694915	0.9773333333333334	0.20779661016949152	0.9773333333333334
7	0.6932203389830508	0.7963333333333333	0.23152542372881357	0.7963333333333333
8	0.6403389830508475	1.2846666666666666	0.10271186440677967	1.2846666666666666
8	0.6932203389830508	0.7963333333333333	0.23152542372881357	0.7963333333333333
8	1.4877966101694915	0.9773333333333334	0.20779661016949152	0.9773333333333334
9	0.7633898305084745	0.9796666666666667	0.31186440677966104	0.9796666666666667
9	1.4203389830508475	0.996	0.2759322033898305	0.996
9	1.4986440677966102	0.775	0.12779661016949154	0.775
6	0.3466101694915254	0.39816666666666667	0.23152542372881357	0.32566666666666666
6	0.7567796610169492	0.5571666666666667	0.18271186440677967	0.33566666666666667
7	0.7438983050847457	0.4886666666666667	0.20779661016949152	0.362
7	0.3466101694915254	0.39816666666666667	0.23152542372881357	0.32566666666666666
8	0.32016949152542373	0.6423333333333333	0.10271186440677967	0.06266666666666666
8	0.3466101694915254	0.39816666666666667	0.23152542372881357	0.32566666666666666
8	0.7438983050847457	0.4886666666666667	0.20779661016949152	0.362
9	0.38169491525423727	0.48983333333333334	0.31186440677966104	0.473
9	0.7101694915254237	0.498	0.2759322033898305	0.472
9	0.7493220338983051	0.3875	0.12779661016949154	0.12766666666666668
6	0.3466101694915254	0.39816666666666667	0.23152542372881357	0.32566666666666666
7	0.7438983050847457	0.4886666666666667	0.20779661016949152	0.362
8	0.32016949152542373	0.6423333333333333	0.10271186440677967	0.06266666666666666
9	0.38169491525423727	0.48983333333333334	0.31186440677966104	0.473
0	0.6249152542372881	0.375	0.10203389830508475	0.13133333333333333
