9	0.3498263888888889	0.5829861111111111	0.06163194444444445	0.5829861111111111
9	0.5134548611111112	0.3458333333333333	0.11241319444444445	0.3458333333333333
0	1.1345486111111112	0.6270833333333333	0.11371527777777778	0.6270833333333333
3	1.2170138888888888	1.1024305555555556	0.4010416666666667	1.1024305555555556
9	0.3498263888888889	0.5829861111111111	0.06163194444444445	0.5829861111111111
9	0.5134548611111112	0.3458333333333333	0.11241319444444445	0.3458333333333333
0	1.1345486111111112	0.6270833333333333	0.11371527777777778	0.6270833333333333
3	1.2170138888888888	1.1024305555555556	0.4010416666666667	1.1024305555555556
0	0.5672743055555556	0.31354166666666666	0.11371527777777778	0.09722222222222222
3	0.6085069444444444	0.5512152777777778	0.4010416666666667	0.1517361111111111
9	0.17491319444444445	0.29149305555555555	0.06163194444444445	0.04548611111111111
9	0.2567274305555556	0.17291666666666666	0.11241319444444445	0.04375
9	0.17491319444444445	0.29149305555555555	0.06163194444444445	0.04548611111111111
0	0.5672743055555556	0.31354166666666666	0.11371527777777778	0.09722222222222222
3	0.6085069444444444	0.5512152777777778	0.4010416666666667	0.1517361111111111
