8	1.5456692913385828	1.1975911458333333	0.031496062992125984	1.1975911458333333
8	0.7464566929133858	1.1988932291666667	0.04094488188976378	1.1988932291666667
5	1.5275590551181102	0.9973958333333334	0.1173228346456693	0.9973958333333334
0	1.2236220472440944	0.53515625	0.08818897637795275	0.53515625
13	1.5275590551181102	0.9973958333333334	0.1173228346456693	0.9973958333333334
13	1.5748031496062993	1.3330078125	0.02283464566929134	1.3330078125
7	1.5748031496062993	1.3330078125	0.02283464566929134	1.3330078125
7	1.5830708661417323	1.0192057291666667	0.10039370078740158	1.0192057291666667
8	1.5456692913385828	1.1975911458333333	0.031496062992125984	1.1975911458333333
8	0.7464566929133858	1.1988932291666667	0.04094488188976378	1.1988932291666667
5	1.5275590551181102	0.9973958333333334	0.1173228346456693	0.9973958333333334
0	1.2236220472440944	0.53515625	0.08818897637795275	0.53515625
13	1.5275590551181102	0.9973958333333334	0.1173228346456693	0.9973958333333334
13	1.5748031496062993	1.3330078125	0.02283464566929134	1.3330078125
7	1.5748031496062993	1.3330078125	0.02283464566929134	1.3330078125
7	1.5830708661417323	1.0192057291666667	0.10039370078740158	1.0192057291666667
8	0.7728346456692914	0.5987955729166666	0.031496062992125984	0.028971354166666668
8	0.3732283464566929	0.5994466145833334	0.04094488188976378	0.0380859375
5	0.7637795275590551	0.4986979166666667	0.1173228346456693	0.12760416666666666
0	0.6118110236220472	0.267578125	0.08818897637795275	0.078125
13	0.7637795275590551	0.4986979166666667	0.1173228346456693	0.12760416666666666
13	0.7874015748031497	0.66650390625	0.02283464566929134	0.031575520833333336
7	0.7874015748031497	0.66650390625	0.02283464566929134	0.031575520833333336
7	0.7915354330708662	0.5096028645833334	0.10039370078740158	0.07194010416666667
8	0.7728346456692914	0.5987955729166666	0.031496062992125984	0.028971354166666668
5	0.7637795275590551	0.4986979166666667	0.1173228346456693	0.12760416666666666
0	0.6118110236220472	0.267578125	0.08818897637795275	0.078125
13	0.7637795275590551	0.4986979166666667	0.1173228346456693	0.12760416666666666
7	0.7874015748031497	0.66650390625	0.02283464566929134	0.031575520833333336
