4	0.6753500488440247	0.6893333333333334	0.1927710843373494	0.6893333333333334
8	0.5711494627157278	1.1376666666666666	0.10615434711820254	1.1376666666666666
8	0.6753500488440247	0.6893333333333334	0.1927710843373494	0.6893333333333334
10	0.40703353956366006	1.4826666666666666	0.07163790296320417	1.4826666666666666
1	0.6753500488440247	0.6893333333333334	0.1927710843373494	0.6893333333333334
4	0.6753500488440247	0.6893333333333334	0.1927710843373494	0.6893333333333334
8	0.5711494627157278	1.1376666666666666	0.10615434711820254	1.1376666666666666
8	0.6753500488440247	0.6893333333333334	0.1927710843373494	0.6893333333333334
10	0.40703353956366006	1.4826666666666666	0.07163790296320417	1.4826666666666666
1	0.6753500488440247	0.6893333333333334	0.1927710843373494	0.6893333333333334
4	0.33767502442201236	0.3446666666666667	0.1927710843373494	0.2966666666666667
8	0.2855747313578639	0.5688333333333333	0.10615434711820254	0.08766666666666667
8	0.33767502442201236	0.3446666666666667	0.1927710843373494	0.2966666666666667
10	0.20351676978183003	0.7413333333333333	0.07163790296320417	0.086
1	0.33767502442201236	0.3446666666666667	0.1927710843373494	0.2966666666666667
4	0.33767502442201236	0.3446666666666667	0.1927710843373494	0.2966666666666667
8	0.2855747313578639	0.5688333333333333	0.10615434711820254	0.08766666666666667
10	0.20351676978183003	0.7413333333333333	0.07163790296320417	0.086
1	0.33767502442201236	0.3446666666666667	0.1927710843373494	0.2966666666666667
9	0.21084337349397592	0.39916666666666667	0.01660696841419733	0.019666666666666666
