9	1.013668430335097	0.4375	0.09567901234567901	0.4375
0	1.1732804232804233	0.7171242774566474	0.1424162257495591	0.7171242774566474
9	1.013668430335097	0.4375	0.09567901234567901	0.4375
0	1.1732804232804233	0.7171242774566474	0.1424162257495591	0.7171242774566474
9	0.5068342151675485	0.21875	0.09567901234567901	0.21929190751445088
0	0.5866402116402116	0.3585621387283237	0.1424162257495591	0.14776011560693642
0	0.5866402116402116	0.3585621387283237	0.1424162257495591	0.14776011560693642
7	0.1748236331569665	0.5386560693641619	0.0736331569664903	0.0773121387283237
12	0.5072751322751323	0.15516618497109827	0.10802469135802469	0.23663294797687862
9	0.5068342151675485	0.21875	0.09567901234567901	0.21929190751445088
