11	1.7208661417322835	1.5615234375	0.048425196850393704	1.5615234375
11	0.131496062992126	1.5569661458333333	0.04566929133858268	1.5569661458333333
5	0.5763779527559055	1.0231119791666667	0.22125984251968503	1.0231119791666667
5	1.4952755905511812	0.9964192708333334	0.14251968503937007	0.9964192708333334
10	1.7208661417322835	1.5615234375	0.048425196850393704	1.5615234375
10	0.131496062992126	1.5569661458333333	0.04566929133858268	1.5569661458333333
11	1.7208661417322835	1.5615234375	0.048425196850393704	1.5615234375
11	0.131496062992126	1.5569661458333333	0.04566929133858268	1.5569661458333333
5	0.5763779527559055	1.0231119791666667	0.22125984251968503	1.0231119791666667
5	1.4952755905511812	0.9964192708333334	0.14251968503937007	0.9964192708333334
10	1.7208661417322835	1.5615234375	0.048425196850393704	1.5615234375
10	0.131496062992126	1.5569661458333333	0.04566929133858268	1.5569661458333333
11	0.8604330708661417	0.78076171875	0.048425196850393704	0.0712890625
11	0.065748031496063	0.7784830729166666	0.04566929133858268	0.041341145833333336
5	0.28818897637795277	0.5115559895833334	0.22125984251968503	0.2568359375
5	0.7476377952755906	0.4982096354166667	0.14251968503937007	0.18131510416666666
10	0.8604330708661417	0.78076171875	0.048425196850393704	0.0712890625
10	0.065748031496063	0.7784830729166666	0.04566929133858268	0.041341145833333336
11	0.8604330708661417	0.78076171875	0.048425196850393704	0.0712890625
5	0.28818897637795277	0.5115559895833334	0.22125984251968503	0.2568359375
10	0.8604330708661417	0.78076171875	0.048425196850393704	0.0712890625
