3	1.15576171875	1.1576	0.42626953125	1.1576
11	1.2431640625	0.2864	0.0986328125	0.2864
11	0.70068359375	0.25	0.13916015625	0.25
3	1.15576171875	1.1576	0.42626953125	1.1576
11	1.2431640625	0.2864	0.0986328125	0.2864
11	0.70068359375	0.25	0.13916015625	0.25
3	0.577880859375	0.5788	0.42626953125	0.1312
11	0.62158203125	0.1432	0.0986328125	0.0328
11	0.350341796875	0.125	0.13916015625	0.0212
3	0.577880859375	0.5788	0.42626953125	0.1312
11	0.62158203125	0.1432	0.0986328125	0.0328
13	0.65478515625	0.5682	0.0771484375	0.1604
2	0.600341796875	0.321	0.02490234375	0.0188
