9	0.5277777777777778	1.0368055555555555	0.18663194444444445	1.0368055555555555
9	1.4040798611111112	0.8552083333333333	0.09331597222222222	0.8552083333333333
3	1.0876736111111112	1.1225694444444445	0.3932291666666667	1.1225694444444445
0	1.0598958333333333	0.6618055555555555	0.09635416666666667	0.6618055555555555
5	0.5277777777777778	1.0368055555555555	0.18663194444444445	1.0368055555555555
5	1.4040798611111112	0.8552083333333333	0.09331597222222222	0.8552083333333333
9	0.5277777777777778	1.0368055555555555	0.18663194444444445	1.0368055555555555
9	1.4040798611111112	0.8552083333333333	0.09331597222222222	0.8552083333333333
3	1.0876736111111112	1.1225694444444445	0.3932291666666667	1.1225694444444445
0	1.0598958333333333	0.6618055555555555	0.09635416666666667	0.6618055555555555
5	0.5277777777777778	1.0368055555555555	0.18663194444444445	1.0368055555555555
5	1.4040798611111112	0.8552083333333333	0.09331597222222222	0.8552083333333333
0	0.5299479166666666	0.33090277777777777	0.09635416666666667	0.09652777777777778
5	0.2638888888888889	0.5184027777777778	0.18663194444444445	0.09236111111111112
5	0.7020399305555556	0.4276041666666667	0.09331597222222222	0.059375
9	0.2638888888888889	0.5184027777777778	0.18663194444444445	0.09236111111111112
9	0.7020399305555556	0.4276041666666667	0.09331597222222222	0.059375
3	0.5438368055555556	0.5612847222222223	0.3932291666666667	0.12743055555555555
9	0.2638888888888889	0.5184027777777778	0.18663194444444445	0.09236111111111112
3	0.5438368055555556	0.5612847222222223	0.3932291666666667	0.12743055555555555
0	0.5299479166666666	0.33090277777777777	0.09635416666666667	0.09652777777777778
5	0.2638888888888889	0.5184027777777778	0.18663194444444445	0.09236111111111112
