13	0.37107142857142855	1.1335640138408305	0.16107142857142856	1.1335640138408305
13	0.4253571428571429	0.4757785467128028	0.05892857142857143	0.4757785467128028
3	1.115357142857143	1.3173010380622838	0.48392857142857143	1.3173010380622838
6	0.32571428571428573	1.030795847750865	0.10785714285714286	1.030795847750865
6	0.4832142857142857	1.3	0.09821428571428571	1.3
9	0.4253571428571429	0.4757785467128028	0.05892857142857143	0.4757785467128028
9	0.4014285714285714	0.8916955017301038	0.07214285714285715	0.8916955017301038
9	0.5814285714285714	0.802076124567474	0.047142857142857146	0.802076124567474
13	0.37107142857142855	1.1335640138408305	0.16107142857142856	1.1335640138408305
13	0.4253571428571429	0.4757785467128028	0.05892857142857143	0.4757785467128028
3	1.115357142857143	1.3173010380622838	0.48392857142857143	1.3173010380622838
6	0.32571428571428573	1.030795847750865	0.10785714285714286	1.030795847750865
6	0.4832142857142857	1.3	0.09821428571428571	1.3
9	0.4253571428571429	0.4757785467128028	0.05892857142857143	0.4757785467128028
9	0.4014285714285714	0.8916955017301038	0.07214285714285715	0.8916955017301038
9	0.5814285714285714	0.802076124567474	0.047142857142857146	0.802076124567474
13	0.18553571428571428	0.5667820069204152	0.16107142857142856	0.23944636678200693
13	0.21267857142857144	0.2378892733564014	0.05892857142857143	0.13114186851211074
3	0.5576785714285715	0.6586505190311419	0.48392857142857143	0.18996539792387543
6	0.16285714285714287	0.5153979238754325	0.10785714285714286	0.12837370242214532
6	0.24160714285714285	0.65	0.09821428571428571	0.08615916955017301
9	0.21267857142857144	0.2378892733564014	0.05892857142857143	0.13114186851211074
9	0.2007142857142857	0.4458477508650519	0.07214285714285715	0.0903114186851211
9	0.2907142857142857	0.401038062283737	0.047142857142857146	0.03667820069204152
9	0.21267857142857144	0.2378892733564014	0.05892857142857143	0.13114186851211074
13	0.18553571428571428	0.5667820069204152	0.16107142857142856	0.23944636678200693
7	0.23089285714285715	0.6396193771626297	0.08178571428571428	0.10830449826989619
3	0.5576785714285715	0.6586505190311419	0.48392857142857143	0.18996539792387543
11	0.8766071428571428	0.8164359861591696	0.05035714285714286	0.0875432525951557
10	0.8766071428571428	0.8164359861591696	0.05035714285714286	0.0875432525951557
6	0.16285714285714287	0.5153979238754325	0.10785714285714286	0.12837370242214532
