10	1.6449652777777777	1.6739583333333334	0.0546875	1.6739583333333334
10	0.04296875	1.6284722222222223	0.038628472222222224	1.6284722222222223
4	0.5473090277777778	0.6548611111111111	0.3138020833333333	0.6548611111111111
11	1.6449652777777777	1.6739583333333334	0.0546875	1.6739583333333334
11	0.05946180555555555	1.6256944444444446	0.05685763888888889	1.6256944444444446
7	0.5473090277777778	0.6548611111111111	0.3138020833333333	0.6548611111111111
10	1.6449652777777777	1.6739583333333334	0.0546875	1.6739583333333334
10	0.04296875	1.6284722222222223	0.038628472222222224	1.6284722222222223
4	0.5473090277777778	0.6548611111111111	0.3138020833333333	0.6548611111111111
11	1.6449652777777777	1.6739583333333334	0.0546875	1.6739583333333334
11	0.05946180555555555	1.6256944444444446	0.05685763888888889	1.6256944444444446
7	0.5473090277777778	0.6548611111111111	0.3138020833333333	0.6548611111111111
10	0.8224826388888888	0.8369791666666667	0.0546875	0.06493055555555556
10	0.021484375	0.8142361111111112	0.038628472222222224	0.07569444444444444
4	0.2736545138888889	0.32743055555555556	0.3138020833333333	0.26180555555555557
11	0.8224826388888888	0.8369791666666667	0.0546875	0.06493055555555556
11	0.029730902777777776	0.8128472222222223	0.05685763888888889	0.07777777777777778
7	0.2736545138888889	0.32743055555555556	0.3138020833333333	0.26180555555555557
10	0.8224826388888888	0.8369791666666667	0.0546875	0.06493055555555556
4	0.2736545138888889	0.32743055555555556	0.3138020833333333	0.26180555555555557
11	0.8224826388888888	0.8369791666666667	0.0546875	0.06493055555555556
0	0.5251736111111112	0.3704861111111111	0.1284722222222222	0.09375
7	0.2736545138888889	0.32743055555555556	0.3138020833333333	0.26180555555555557
