5	1.3994140625	0.9518229166666666	0.16373697916666666	0.9518229166666666
5	0.685546875	0.9700520833333334	0.20182291666666666	0.9700520833333334
13	1.3994140625	0.9518229166666666	0.16373697916666666	0.9518229166666666
13	0.6920572916666666	0.9404296875	0.185546875	0.9404296875
11	0.5143229166666666	1.5703125	0.044270833333333336	1.5703125
11	1.5361328125	1.5065104166666667	0.0341796875	1.5065104166666667
10	0.5143229166666666	1.5703125	0.044270833333333336	1.5703125
10	1.5361328125	1.5065104166666667	0.0341796875	1.5065104166666667
9	0.6920572916666666	0.9404296875	0.185546875	0.9404296875
9	1.3994140625	0.9518229166666666	0.16373697916666666	0.9518229166666666
5	1.3994140625	0.9518229166666666	0.16373697916666666	0.9518229166666666
5	0.685546875	0.9700520833333334	0.20182291666666666	0.9700520833333334
13	1.3994140625	0.9518229166666666	0.16373697916666666	0.9518229166666666
13	0.6920572916666666	0.9404296875	0.185546875	0.9404296875
11	0.5143229166666666	1.5703125	0.044270833333333336	1.5703125
11	1.5361328125	1.5065104166666667	0.0341796875	1.5065104166666667
10	0.5143229166666666	1.5703125	0.044270833333333336	1.5703125
10	1.5361328125	1.5065104166666667	0.0341796875	1.5065104166666667
9	0.6920572916666666	0.9404296875	0.185546875	0.9404296875
9	1.3994140625	0.9518229166666666	0.16373697916666666	0.9518229166666666
9	0.3460286458333333	0.47021484375	0.185546875	0.3733723958333333
9	0.69970703125	0.4759114583333333	0.16373697916666666	0.3984375
5	0.69970703125	0.4759114583333333	0.16373697916666666	0.3984375
5	0.3427734375	0.4850260416666667	0.20182291666666666	0.5384114583333334
13	0.69970703125	0.4759114583333333	0.16373697916666666	0.3984375
13	0.3460286458333333	0.47021484375	0.185546875	0.3733723958333333
11	0.2571614583333333	0.78515625	0.044270833333333336	0.055989583333333336
11	0.76806640625	0.7532552083333334	0.0341796875	0.055989583333333336
10	0.2571614583333333	0.78515625	0.044270833333333336	0.055989583333333336
10	0.76806640625	0.7532552083333334	0.0341796875	0.055989583333333336
5	0.69970703125	0.4759114583333333	0.16373697916666666	0.3984375
13	0.69970703125	0.4759114583333333	0.16373697916666666	0.3984375
11	0.2571614583333333	0.78515625	0.044270833333333336	0.055989583333333336
10	0.2571614583333333	0.78515625	0.044270833333333336	0.055989583333333336
9	0.3460286458333333	0.47021484375	0.185546875	0.3733723958333333
