3	1.0846354166666667	1.0027777777777778	0.4205729166666667	1.0027777777777778
2	1.4518229166666667	0.44756944444444446	0.03428819444444445	0.44756944444444446
2	1.5603298611111112	0.6479166666666667	0.023003472222222224	0.6479166666666667
2	1.2942708333333333	0.4378472222222222	0.035590277777777776	0.4378472222222222
2	0.7413194444444444	0.39340277777777777	0.0798611111111111	0.39340277777777777
0	0.9956597222222222	0.6083333333333333	0.2282986111111111	0.6083333333333333
0	1.1293402777777777	0.5604166666666667	0.10069444444444445	0.5604166666666667
8	1.4539930555555556	0.4913194444444444	0.019097222222222224	0.4913194444444444
8	1.5568576388888888	0.6479166666666667	0.016059027777777776	0.6479166666666667
8	1.2986111111111112	0.4392361111111111	0.028645833333333332	0.4392361111111111
8	1.4279513888888888	0.43506944444444445	0.019097222222222224	0.43506944444444445
13	1.4518229166666667	0.44756944444444446	0.03428819444444445	0.44756944444444446
13	0.7482638888888888	0.38958333333333334	0.07465277777777778	0.38958333333333334
13	1.2690972222222223	0.7413194444444444	0.07118055555555555	0.7413194444444444
3	1.0846354166666667	1.0027777777777778	0.4205729166666667	1.0027777777777778
2	1.4518229166666667	0.44756944444444446	0.03428819444444445	0.44756944444444446
2	1.5603298611111112	0.6479166666666667	0.023003472222222224	0.6479166666666667
2	1.2942708333333333	0.4378472222222222	0.035590277777777776	0.4378472222222222
2	0.7413194444444444	0.39340277777777777	0.0798611111111111	0.39340277777777777
0	0.9956597222222222	0.6083333333333333	0.2282986111111111	0.6083333333333333
0	1.1293402777777777	0.5604166666666667	0.10069444444444445	0.5604166666666667
8	1.4539930555555556	0.4913194444444444	0.019097222222222224	0.4913194444444444
8	1.5568576388888888	0.6479166666666667	0.016059027777777776	0.6479166666666667
8	1.2986111111111112	0.4392361111111111	0.028645833333333332	0.4392361111111111
8	1.4279513888888888	0.43506944444444445	0.019097222222222224	0.43506944444444445
13	1.4518229166666667	0.44756944444444446	0.03428819444444445	0.44756944444444446
13	0.7482638888888888	0.38958333333333334	0.07465277777777778	0.38958333333333334
13	1.2690972222222223	0.7413194444444444	0.07118055555555555	0.7413194444444444
8	0.7269965277777778	0.2456597222222222	0.019097222222222224	0.011458333333333333
8	0.7784288194444444	0.32395833333333335	0.016059027777777776	0.016666666666666666
8	0.6493055555555556	0.21961805555555555	0.028645833333333332	0.02326388888888889
8	0.7139756944444444	0.21753472222222223	0.019097222222222224	0.017013888888888887
13	0.7259114583333334	0.22378472222222223	0.03428819444444445	0.05173611111111111
13	0.3741319444444444	0.19479166666666667	0.07465277777777778	0.06597222222222222
13	0.6345486111111112	0.3706597222222222	0.07118055555555555	0.060069444444444446
3	0.5423177083333334	0.5013888888888889	0.4205729166666667	0.13680555555555557
2	0.7259114583333334	0.22378472222222223	0.03428819444444445	0.05173611111111111
2	0.7801649305555556	0.32395833333333335	0.023003472222222224	0.021527777777777778
2	0.6471354166666666	0.2189236111111111	0.035590277777777776	0.028819444444444446
2	0.3706597222222222	0.19670138888888888	0.0798611111111111	0.05381944444444445
0	0.4978298611111111	0.30416666666666664	0.2282986111111111	0.14791666666666667
0	0.5646701388888888	0.28020833333333334	0.10069444444444445	0.1
3	0.5423177083333334	0.5013888888888889	0.4205729166666667	0.13680555555555557
2	0.7259114583333334	0.22378472222222223	0.03428819444444445	0.05173611111111111
0	0.4978298611111111	0.30416666666666664	0.2282986111111111	0.14791666666666667
8	0.7269965277777778	0.2456597222222222	0.019097222222222224	0.011458333333333333
13	0.7259114583333334	0.22378472222222223	0.03428819444444445	0.05173611111111111
7	0.3689236111111111	0.19947916666666668	0.07552083333333333	0.04826388888888889
