11	0.0888671875	1.622	0.0498046875	1.622
11	0.6142578125	0.38	0.2099609375	0.38
9	0.85888671875	1.334	0.15771484375	1.334
9	0.39794921875	0.7616	0.16357421875	0.7616
11	0.0888671875	1.622	0.0498046875	1.622
11	0.6142578125	0.38	0.2099609375	0.38
9	0.85888671875	1.334	0.15771484375	1.334
9	0.39794921875	0.7616	0.16357421875	0.7616
11	0.04443359375	0.811	0.0498046875	0.0356
11	0.30712890625	0.19	0.2099609375	0.0392
9	0.429443359375	0.667	0.15771484375	0.3212
9	0.198974609375	0.3808	0.16357421875	0.0312
13	0.198974609375	0.3808	0.16357421875	0.0312
9	0.429443359375	0.667	0.15771484375	0.3212
11	0.04443359375	0.811	0.0498046875	0.0356
10	0.04443359375	0.811	0.0498046875	0.0356
