10	0.1779835390946502	1.6309931506849316	0.0411522633744856	1.6309931506849316
10	1.8323045267489713	1.6044520547945205	0.06995884773662552	1.6044520547945205
11	1.8323045267489713	1.6044520547945205	0.06995884773662552	1.6044520547945205
11	0.1748971193415638	1.6382705479452055	0.06275720164609054	1.6382705479452055
13	0.4346707818930041	0.7444349315068494	0.20421810699588477	0.7444349315068494
13	1.271090534979424	0.8548801369863014	0.14146090534979425	0.8548801369863014
10	0.1779835390946502	1.6309931506849316	0.0411522633744856	1.6309931506849316
10	1.8323045267489713	1.6044520547945205	0.06995884773662552	1.6044520547945205
11	1.8323045267489713	1.6044520547945205	0.06995884773662552	1.6044520547945205
11	0.1748971193415638	1.6382705479452055	0.06275720164609054	1.6382705479452055
13	0.4346707818930041	0.7444349315068494	0.20421810699588477	0.7444349315068494
13	1.271090534979424	0.8548801369863014	0.14146090534979425	0.8548801369863014
13	0.21733539094650206	0.3722174657534247	0.20421810699588477	0.1305650684931507
13	0.635545267489712	0.4274400684931507	0.14146090534979425	0.15111301369863014
10	0.0889917695473251	0.8154965753424658	0.0411522633744856	0.05736301369863014
10	0.9161522633744856	0.8022260273972602	0.06995884773662552	0.0547945205479452
11	0.9161522633744856	0.8022260273972602	0.06995884773662552	0.0547945205479452
11	0.0874485596707819	0.8191352739726028	0.06275720164609054	0.09032534246575342
10	0.0889917695473251	0.8154965753424658	0.0411522633744856	0.05736301369863014
11	0.9161522633744856	0.8022260273972602	0.06995884773662552	0.0547945205479452
13	0.21733539094650206	0.3722174657534247	0.20421810699588477	0.1305650684931507
8	0.209619341563786	0.7292380136986302	0.028292181069958847	0.019263698630136987
