3	1.0494791666666667	1.1947916666666667	0.3854166666666667	1.1947916666666667
6	1.3815104166666667	0.7826388888888889	0.07508680555555555	0.7826388888888889
3	1.0494791666666667	1.1947916666666667	0.3854166666666667	1.1947916666666667
6	1.3815104166666667	0.7826388888888889	0.07508680555555555	0.7826388888888889
3	0.5247395833333334	0.5973958333333333	0.3854166666666667	0.1482638888888889
6	0.6907552083333334	0.39131944444444444	0.07508680555555555	0.059027777777777776
3	0.5247395833333334	0.5973958333333333	0.3854166666666667	0.1482638888888889
0	0.5740017361111112	0.38819444444444445	0.10286458333333333	0.1125
6	0.6907552083333334	0.39131944444444444	0.07508680555555555	0.059027777777777776
9	0.4092881944444444	0.453125	0.0859375	0.12708333333333333
13	0.6890190972222222	0.3819444444444444	0.05164930555555555	0.06180555555555556
