7	0.6795275590551181	0.8056640625	0.13307086614173227	0.8056640625
6	0.6125984251968504	0.7347005208333334	0.15275590551181104	0.7347005208333334
6	1.5692913385826772	0.9609375	0.1251968503937008	0.9609375
7	0.6795275590551181	0.8056640625	0.13307086614173227	0.8056640625
6	0.6125984251968504	0.7347005208333334	0.15275590551181104	0.7347005208333334
6	1.5692913385826772	0.9609375	0.1251968503937008	0.9609375
7	0.33976377952755904	0.40283203125	0.13307086614173227	0.12272135416666667
6	0.3062992125984252	0.3673502604166667	0.15275590551181104	0.1669921875
6	0.7846456692913386	0.48046875	0.1251968503937008	0.034505208333333336
7	0.33976377952755904	0.40283203125	0.13307086614173227	0.12272135416666667
6	0.3062992125984252	0.3673502604166667	0.15275590551181104	0.1669921875
13	0.3062992125984252	0.3673502604166667	0.15275590551181104	0.1669921875
