11	0.19053819444444445	1.3111111111111111	0.037760416666666664	1.3111111111111111
13	0.6002604166666666	0.46111111111111114	0.08637152777777778	0.46111111111111114
13	1.4366319444444444	0.5951388888888889	0.044270833333333336	0.5951388888888889
13	0.4778645833333333	1.0847222222222221	0.22265625	1.0847222222222221
11	0.19053819444444445	1.3111111111111111	0.037760416666666664	1.3111111111111111
13	0.6002604166666666	0.46111111111111114	0.08637152777777778	0.46111111111111114
13	1.4366319444444444	0.5951388888888889	0.044270833333333336	0.5951388888888889
13	0.4778645833333333	1.0847222222222221	0.22265625	1.0847222222222221
11	0.09526909722222222	0.6555555555555556	0.037760416666666664	0.021527777777777778
13	0.3001302083333333	0.23055555555555557	0.08637152777777778	0.07152777777777777
13	0.7183159722222222	0.29756944444444444	0.044270833333333336	0.027083333333333334
13	0.23893229166666666	0.5423611111111111	0.22265625	0.03333333333333333
11	0.09526909722222222	0.6555555555555556	0.037760416666666664	0.021527777777777778
13	0.3001302083333333	0.23055555555555557	0.08637152777777778	0.07152777777777777
6	0.7276475694444444	0.29704861111111114	0.06640625	0.024652777777777777
10	0.09526909722222222	0.6555555555555556	0.037760416666666664	0.021527777777777778
