9	0.4809027777777778	0.9663194444444444	0.10677083333333333	0.9663194444444444
9	1.7087673611111112	0.9458333333333333	0.1427951388888889	0.9458333333333333
5	1.5091145833333333	0.6711805555555556	0.13758680555555555	0.6711805555555556
5	0.4809027777777778	0.9663194444444444	0.10677083333333333	0.9663194444444444
5	1.7265625	1.3017361111111112	0.17881944444444445	1.3017361111111112
5	1.6293402777777777	1.0125	0.23524305555555555	1.0125
9	0.4809027777777778	0.9663194444444444	0.10677083333333333	0.9663194444444444
9	1.7087673611111112	0.9458333333333333	0.1427951388888889	0.9458333333333333
5	1.5091145833333333	0.6711805555555556	0.13758680555555555	0.6711805555555556
5	0.4809027777777778	0.9663194444444444	0.10677083333333333	0.9663194444444444
5	1.7265625	1.3017361111111112	0.17881944444444445	1.3017361111111112
5	1.6293402777777777	1.0125	0.23524305555555555	1.0125
9	0.2404513888888889	0.4831597222222222	0.10677083333333333	0.4114583333333333
9	0.8543836805555556	0.47291666666666665	0.1427951388888889	0.40902777777777777
5	0.7545572916666666	0.3355902777777778	0.13758680555555555	0.17326388888888888
5	0.2404513888888889	0.4831597222222222	0.10677083333333333	0.4114583333333333
5	0.86328125	0.6508680555555556	0.17881944444444445	0.1795138888888889
5	0.8146701388888888	0.50625	0.23524305555555555	0.4513888888888889
5	0.7545572916666666	0.3355902777777778	0.13758680555555555	0.17326388888888888
9	0.2404513888888889	0.4831597222222222	0.10677083333333333	0.4114583333333333
11	0.7484809027777778	0.18958333333333333	0.0915798611111111	0.07013888888888889
3	0.6245659722222222	0.6567708333333333	0.4088541666666667	0.09409722222222222
