0	1.1944881889763779	0.5550130208333334	0.08110236220472442	0.5550130208333334
11	1.5015748031496063	0.3938802083333333	0.08110236220472442	0.3938802083333333
11	1.279527559055118	0.2776692708333333	0.09370078740157481	0.2776692708333333
13	1.4145669291338583	0.5218098958333334	0.08385826771653543	0.5218098958333334
13	1.486220472440945	0.6748046875	0.12716535433070866	0.6748046875
0	1.1944881889763779	0.5550130208333334	0.08110236220472442	0.5550130208333334
11	1.5015748031496063	0.3938802083333333	0.08110236220472442	0.3938802083333333
11	1.279527559055118	0.2776692708333333	0.09370078740157481	0.2776692708333333
13	1.4145669291338583	0.5218098958333334	0.08385826771653543	0.5218098958333334
13	1.486220472440945	0.6748046875	0.12716535433070866	0.6748046875
0	0.5972440944881889	0.2775065104166667	0.08110236220472442	0.06282552083333333
11	0.7507874015748032	0.19694010416666666	0.08110236220472442	0.083984375
11	0.639763779527559	0.13883463541666666	0.09370078740157481	0.0146484375
13	0.7072834645669291	0.2609049479166667	0.08385826771653543	0.14485677083333334
13	0.7431102362204725	0.33740234375	0.12716535433070866	0.1455078125
0	0.5972440944881889	0.2775065104166667	0.08110236220472442	0.06282552083333333
11	0.7507874015748032	0.19694010416666666	0.08110236220472442	0.083984375
13	0.7072834645669291	0.2609049479166667	0.08385826771653543	0.14485677083333334
2	0.6190944881889764	0.3001302083333333	0.02874015748031496	0.025390625
