0	1.0928819444444444	0.7739583333333333	0.11371527777777778	0.7739583333333333
6	1.6059027777777777	1.3336805555555555	0.0920138888888889	1.3336805555555555
6	0.6710069444444444	0.7086805555555555	0.140625	0.7086805555555555
13	0.5911458333333334	0.6993055555555555	0.19010416666666666	0.6993055555555555
13	1.3815104166666667	0.6204861111111111	0.16536458333333334	0.6204861111111111
0	1.0928819444444444	0.7739583333333333	0.11371527777777778	0.7739583333333333
6	1.6059027777777777	1.3336805555555555	0.0920138888888889	1.3336805555555555
6	0.6710069444444444	0.7086805555555555	0.140625	0.7086805555555555
13	0.5911458333333334	0.6993055555555555	0.19010416666666666	0.6993055555555555
13	1.3815104166666667	0.6204861111111111	0.16536458333333334	0.6204861111111111
0	0.5464409722222222	0.38697916666666665	0.11371527777777778	0.15590277777777778
6	0.8029513888888888	0.6668402777777778	0.0920138888888889	0.071875
6	0.3355034722222222	0.35434027777777777	0.140625	0.159375
13	0.2955729166666667	0.34965277777777776	0.19010416666666666	0.15069444444444444
13	0.6907552083333334	0.31024305555555554	0.16536458333333334	0.08923611111111111
13	0.2955729166666667	0.34965277777777776	0.19010416666666666	0.15069444444444444
0	0.5464409722222222	0.38697916666666665	0.11371527777777778	0.15590277777777778
6	0.8029513888888888	0.6668402777777778	0.0920138888888889	0.071875
3	0.5564236111111112	0.6515625	0.4375	0.07743055555555556
