0	1.046875	0.6586805555555556	0.1284722222222222	0.6586805555555556
7	0.6883680555555556	0.796875	0.1284722222222222	0.796875
3	1.0099826388888888	1.2291666666666667	0.4917534722222222	1.2291666666666667
8	0.7131076388888888	0.8142361111111112	0.13758680555555555	0.8142361111111112
0	1.046875	0.6586805555555556	0.1284722222222222	0.6586805555555556
7	0.6883680555555556	0.796875	0.1284722222222222	0.796875
3	1.0099826388888888	1.2291666666666667	0.4917534722222222	1.2291666666666667
8	0.7131076388888888	0.8142361111111112	0.13758680555555555	0.8142361111111112
0	0.5234375	0.3293402777777778	0.1284722222222222	0.11631944444444445
7	0.3441840277777778	0.3984375	0.1284722222222222	0.13090277777777778
3	0.5049913194444444	0.6145833333333334	0.4917534722222222	0.10347222222222222
8	0.3565538194444444	0.4071180555555556	0.13758680555555555	0.18368055555555557
0	0.5234375	0.3293402777777778	0.1284722222222222	0.11631944444444445
13	0.2458767361111111	0.36354166666666665	0.16276041666666666	0.1423611111111111
7	0.3441840277777778	0.3984375	0.1284722222222222	0.13090277777777778
6	0.2458767361111111	0.36354166666666665	0.16276041666666666	0.1423611111111111
3	0.5049913194444444	0.6145833333333334	0.4917534722222222	0.10347222222222222
8	0.3565538194444444	0.4071180555555556	0.13758680555555555	0.18368055555555557
11	0.3103298611111111	0.14652777777777778	0.12239583333333333	0.02361111111111111
