12	0.5395708758353852	0.8481613285883749	0.3552585297221245	0.8481613285883749
9	0.9827646851916989	0.1592526690391459	0.7632782272247626	0.1592526690391459
9	0.1822018994020401	1.0281731909845788	0.16039395005276116	1.0281731909845788
9	1.3950052761167782	0.13345195729537365	0.22933520928596554	0.13345195729537365
9	0.2877242349630672	0.5317319098457889	0.05909250791417517	0.5317319098457889
9	0.11009497010200492	1.0444839857651245	0.10306014773126979	1.0444839857651245
9	0.49806542384804786	0.1592526690391459	0.28279985930355256	0.1592526690391459
9	0.5198733731973267	0.8816725978647687	0.4952514948997538	0.8816725978647687
10	0.5107281041153711	1.4887307236061684	0.3629968343299332	1.4887307236061684
10	0.23883221948645797	1.4744958481613286	0.06296166021807949	1.4744958481613286
12	0.5395708758353852	0.8481613285883749	0.3552585297221245	0.8481613285883749
9	0.9827646851916989	0.1592526690391459	0.7632782272247626	0.1592526690391459
9	0.1822018994020401	1.0281731909845788	0.16039395005276116	1.0281731909845788
9	1.3950052761167782	0.13345195729537365	0.22933520928596554	0.13345195729537365
9	0.2877242349630672	0.5317319098457889	0.05909250791417517	0.5317319098457889
9	0.11009497010200492	1.0444839857651245	0.10306014773126979	1.0444839857651245
9	0.49806542384804786	0.1592526690391459	0.28279985930355256	0.1592526690391459
9	0.5198733731973267	0.8816725978647687	0.4952514948997538	0.8816725978647687
10	0.5107281041153711	1.4887307236061684	0.3629968343299332	1.4887307236061684
10	0.23883221948645797	1.4744958481613286	0.06296166021807949	1.4744958481613286
12	0.2697854379176926	0.42408066429418745	0.3552585297221245	0.5966785290628707
9	0.49138234259584945	0.07962633451957295	0.7632782272247626	0.0898576512455516
9	0.09110094970102005	0.5140865954922894	0.16039395005276116	0.8312574139976275
9	0.6975026380583891	0.06672597864768683	0.22933520928596554	0.11803084223013048
9	0.1438621174815336	0.26586595492289444	0.05909250791417517	0.10290628706998814
9	0.05504748505100246	0.5222419928825622	0.10306014773126979	0.4015421115065243
9	0.24903271192402393	0.07962633451957295	0.28279985930355256	0.14679715302491103
9	0.25993668659866337	0.44083629893238435	0.4952514948997538	0.3733689205219454
10	0.25536405205768553	0.7443653618030842	0.3629968343299332	0.0468564650059312
10	0.11941610974322898	0.7372479240806643	0.06296166021807949	0.0711743772241993
0	0.5842419978895533	0.2947805456702254	0.13506858951811468	0.11862396204033215
12	0.2697854379176926	0.42408066429418745	0.3552585297221245	0.5966785290628707
3	0.5782623988744284	0.6069098457888493	0.42279282448118183	0.14086595492289442
9	0.49138234259584945	0.07962633451957295	0.7632782272247626	0.0898576512455516
10	0.25536405205768553	0.7443653618030842	0.3629968343299332	0.0468564650059312
11	0.11941610974322898	0.7372479240806643	0.06296166021807949	0.0711743772241993
7	0.3153359127682026	0.4873962040332147	0.17833274709813576	0.1396797153024911
13	0.2214210341188885	0.47004744958481615	0.06577558916637355	0.0634638196915777
