13	0.6885964912280702	0.432224025974026	0.05592105263157895	0.432224025974026
13	0.7154605263157895	0.5434253246753247	0.13651315789473684	0.5434253246753247
13	1.5433114035087718	0.48336038961038963	0.05975877192982456	0.48336038961038963
3	1.162828947368421	1.2142857142857142	0.44901315789473684	1.2142857142857142
13	0.6885964912280702	0.432224025974026	0.05592105263157895	0.432224025974026
13	0.7154605263157895	0.5434253246753247	0.13651315789473684	0.5434253246753247
13	1.5433114035087718	0.48336038961038963	0.05975877192982456	0.48336038961038963
3	1.162828947368421	1.2142857142857142	0.44901315789473684	1.2142857142857142
13	0.3442982456140351	0.216112012987013	0.05592105263157895	0.07021103896103896
13	0.35773026315789475	0.27171266233766234	0.13651315789473684	0.11728896103896104
13	0.7716557017543859	0.24168019480519481	0.05975877192982456	0.0726461038961039
3	0.5814144736842105	0.6071428571428571	0.44901315789473684	0.1737012987012987
13	0.3442982456140351	0.216112012987013	0.05592105263157895	0.07021103896103896
3	0.5814144736842105	0.6071428571428571	0.44901315789473684	0.1737012987012987
9	0.6674890350877193	0.3496347402597403	0.06195175438596491	0.08238636363636363
7	0.7694627192982456	0.26318993506493504	0.07730263157894737	0.10186688311688312
8	0.35827850877192985	0.23417207792207792	0.018092105263157895	0.021103896103896104
