13	1.305864884929473	0.5564811729423526	0.034892353377876766	0.5564811729423526
13	0.4484038604305865	0.979673442185938	0.08537490720118783	0.979673442185938
13	0.4717891610987379	0.7734088637120959	0.13103192279138828	0.7734088637120959
13	0.6002227171492205	0.5388203932022659	0.04714179658500371	0.5388203932022659
13	0.6206384558277654	0.5858047317560813	0.08908685968819599	0.5858047317560813
13	1.289532293986637	0.6001332889036988	0.08685968819599109	0.6001332889036988
13	0.5348923533778768	1.3008997000999667	0.02783964365256125	1.3008997000999667
7	0.6165553080920564	0.5634788403865378	0.02635486265775798	0.5634788403865378
7	0.5126206384558277	0.9260246584471843	0.027097253155159613	0.9260246584471843
3	1.0634743875278396	1.3432189270243253	0.3841870824053452	1.3432189270243253
13	1.305864884929473	0.5564811729423526	0.034892353377876766	0.5564811729423526
13	0.4484038604305865	0.979673442185938	0.08537490720118783	0.979673442185938
13	0.4717891610987379	0.7734088637120959	0.13103192279138828	0.7734088637120959
13	0.6002227171492205	0.5388203932022659	0.04714179658500371	0.5388203932022659
13	0.6206384558277654	0.5858047317560813	0.08908685968819599	0.5858047317560813
13	1.289532293986637	0.6001332889036988	0.08685968819599109	0.6001332889036988
13	0.5348923533778768	1.3008997000999667	0.02783964365256125	1.3008997000999667
7	0.6165553080920564	0.5634788403865378	0.02635486265775798	0.5634788403865378
7	0.5126206384558277	0.9260246584471843	0.027097253155159613	0.9260246584471843
3	1.0634743875278396	1.3432189270243253	0.3841870824053452	1.3432189270243253
13	0.6529324424647365	0.2782405864711763	0.034892353377876766	0.10063312229256914
13	0.22420193021529325	0.489836721092969	0.08537490720118783	0.07997334221926025
13	0.23589458054936896	0.38670443185604797	0.13103192279138828	0.05498167277574142
13	0.30011135857461024	0.26941019660113297	0.04714179658500371	0.046317894035321557
13	0.3103192279138827	0.29290236587804064	0.08908685968819599	0.10263245584805065
13	0.6447661469933185	0.3000666444518494	0.08685968819599109	0.14628457180939686
13	0.2674461766889384	0.6504498500499833	0.02783964365256125	0.01599466844385205
7	0.3082776540460282	0.2817394201932689	0.02635486265775798	0.023658780406531157
7	0.25631031922791386	0.46301232922359215	0.027097253155159613	0.026991002999000334
3	0.5317371937639198	0.6716094635121627	0.3841870824053452	0.1036321226257914
13	0.6529324424647365	0.2782405864711763	0.034892353377876766	0.10063312229256914
7	0.3082776540460282	0.2817394201932689	0.02635486265775798	0.023658780406531157
3	0.5317371937639198	0.6716094635121627	0.3841870824053452	0.1036321226257914
0	0.5438010393466963	0.3790403198933689	0.09057164068299926	0.11096301232922359
