7	0.6197916666666666	0.5461805555555556	0.24131944444444445	0.5461805555555556
7	0.5347222222222222	1.053125	0.20225694444444445	1.053125
4	0.6197916666666666	0.5461805555555556	0.24131944444444445	0.5461805555555556
3	1.2408854166666667	1.2333333333333334	0.4891493055555556	1.2333333333333334
10	0.4965277777777778	1.1333333333333333	0.3098958333333333	1.1333333333333333
0	1.1866319444444444	0.7652777777777777	0.13194444444444445	0.7652777777777777
7	0.6197916666666666	0.5461805555555556	0.24131944444444445	0.5461805555555556
7	0.5347222222222222	1.053125	0.20225694444444445	1.053125
4	0.6197916666666666	0.5461805555555556	0.24131944444444445	0.5461805555555556
3	1.2408854166666667	1.2333333333333334	0.4891493055555556	1.2333333333333334
10	0.4965277777777778	1.1333333333333333	0.3098958333333333	1.1333333333333333
0	1.1866319444444444	0.7652777777777777	0.13194444444444445	0.7652777777777777
10	0.2482638888888889	0.5666666666666667	0.3098958333333333	0.3611111111111111
0	0.5933159722222222	0.38263888888888886	0.13194444444444445	0.12916666666666668
7	0.3098958333333333	0.2730902777777778	0.24131944444444445	0.21631944444444445
7	0.2673611111111111	0.5265625	0.20225694444444445	0.08645833333333333
4	0.3098958333333333	0.2730902777777778	0.24131944444444445	0.21631944444444445
3	0.6204427083333334	0.6166666666666667	0.4891493055555556	0.17777777777777778
7	0.3098958333333333	0.2730902777777778	0.24131944444444445	0.21631944444444445
4	0.3098958333333333	0.2730902777777778	0.24131944444444445	0.21631944444444445
3	0.6204427083333334	0.6166666666666667	0.4891493055555556	0.17777777777777778
10	0.2482638888888889	0.5666666666666667	0.3098958333333333	0.3611111111111111
11	0.3111979166666667	0.21145833333333333	0.24479166666666666	0.06944444444444445
0	0.5933159722222222	0.38263888888888886	0.13194444444444445	0.12916666666666668
8	0.2552083333333333	0.5088541666666667	0.2170138888888889	0.1482638888888889
