11	1.7604748603351956	1.7658678756476685	0.05027932960893855	1.7658678756476685
11	0.1808659217877095	1.6499352331606219	0.07332402234636871	1.6499352331606219
10	1.7569832402234637	1.775259067357513	0.07611731843575419	1.775259067357513
10	0.1808659217877095	1.6499352331606219	0.07332402234636871	1.6499352331606219
11	1.7604748603351956	1.7658678756476685	0.05027932960893855	1.7658678756476685
11	0.1808659217877095	1.6499352331606219	0.07332402234636871	1.6499352331606219
10	1.7569832402234637	1.775259067357513	0.07611731843575419	1.775259067357513
10	0.1808659217877095	1.6499352331606219	0.07332402234636871	1.6499352331606219
11	0.8802374301675978	0.8829339378238342	0.05027932960893855	0.06897668393782383
11	0.09043296089385475	0.8249676165803109	0.07332402234636871	0.09488341968911918
10	0.8784916201117319	0.8876295336787565	0.07611731843575419	0.07577720207253887
10	0.09043296089385475	0.8249676165803109	0.07332402234636871	0.09488341968911918
11	0.8802374301675978	0.8829339378238342	0.05027932960893855	0.06897668393782383
10	0.8784916201117319	0.8876295336787565	0.07611731843575419	0.07577720207253887
