8	0.4612546125461255	1.2773809523809523	0.025830258302583026	1.2773809523809523
8	0.5407954079540795	1.1479166666666667	0.06765067650676507	1.1479166666666667
9	0.4653546535465355	1.286309523809524	0.01845018450184502	1.286309523809524
9	0.4985649856498565	1.1535714285714285	0.024600246002460024	1.1535714285714285
0	1.1435014350143502	0.7333333333333333	0.13489134891348914	0.7333333333333333
11	0.6842968429684296	0.3529761904761905	0.14555145551455514	0.3529761904761905
11	1.2304223042230422	0.3601190476190476	0.14637146371463713	0.3601190476190476
8	0.4612546125461255	1.2773809523809523	0.025830258302583026	1.2773809523809523
8	0.5407954079540795	1.1479166666666667	0.06765067650676507	1.1479166666666667
9	0.4653546535465355	1.286309523809524	0.01845018450184502	1.286309523809524
9	0.4985649856498565	1.1535714285714285	0.024600246002460024	1.1535714285714285
0	1.1435014350143502	0.7333333333333333	0.13489134891348914	0.7333333333333333
11	0.6842968429684296	0.3529761904761905	0.14555145551455514	0.3529761904761905
11	1.2304223042230422	0.3601190476190476	0.14637146371463713	0.3601190476190476
8	0.23062730627306274	0.6386904761904761	0.025830258302583026	0.02023809523809524
8	0.27039770397703977	0.5739583333333333	0.06765067650676507	0.02886904761904762
9	0.23267732677326775	0.643154761904762	0.01845018450184502	0.019642857142857142
9	0.24928249282492826	0.5767857142857142	0.024600246002460024	0.024404761904761905
0	0.5717507175071751	0.36666666666666664	0.13489134891348914	0.1125
11	0.3421484214842148	0.17648809523809525	0.14555145551455514	0.026785714285714284
11	0.6152111521115211	0.1800595238095238	0.14637146371463713	0.02142857142857143
8	0.23062730627306274	0.6386904761904761	0.025830258302583026	0.02023809523809524
9	0.23267732677326775	0.643154761904762	0.01845018450184502	0.019642857142857142
0	0.5717507175071751	0.36666666666666664	0.13489134891348914	0.1125
11	0.3421484214842148	0.17648809523809525	0.14555145551455514	0.026785714285714284
