10	0.3115519253208868	1.7144772117962466	0.040062232594321276	1.7144772117962466
10	0.3271100739012058	1.6876675603217157	0.10307273434461299	1.6876675603217157
10	1.7467911318553093	1.5371983914209115	0.050175029171528586	1.5371983914209115
7	1.3068844807467912	0.5056970509383378	0.2691559704395177	0.5056970509383378
7	1.5919875534811359	1.2533512064343164	0.20497860754570207	1.2533512064343164
7	1.676390509529366	1.352882037533512	0.1073512252042007	1.352882037533512
4	1.676390509529366	1.352882037533512	0.1073512252042007	1.352882037533512
4	1.352392065344224	0.6581769436997319	0.1349669389342668	0.6581769436997319
11	0.3115519253208868	1.7144772117962466	0.040062232594321276	1.7144772117962466
11	1.4173473356670556	0.3894101876675603	0.1516919486581097	0.3894101876675603
11	0.3271100739012058	1.6876675603217157	0.10307273434461299	1.6876675603217157
11	1.7467911318553093	1.5371983914209115	0.050175029171528586	1.5371983914209115
13	0.5250875145857643	0.6079088471849866	0.2512640995721509	0.6079088471849866
13	1.2761571373006613	0.5043565683646113	0.2617658498638662	0.5043565683646113
6	0.5394788020225593	0.6846514745308311	0.2703228315830416	0.6846514745308311
6	1.6402178140801245	1.3505361930294906	0.1691948658109685	1.3505361930294906
10	0.3115519253208868	1.7144772117962466	0.040062232594321276	1.7144772117962466
10	0.3271100739012058	1.6876675603217157	0.10307273434461299	1.6876675603217157
10	1.7467911318553093	1.5371983914209115	0.050175029171528586	1.5371983914209115
7	1.3068844807467912	0.5056970509383378	0.2691559704395177	0.5056970509383378
7	1.5919875534811359	1.2533512064343164	0.20497860754570207	1.2533512064343164
7	1.676390509529366	1.352882037533512	0.1073512252042007	1.352882037533512
4	1.676390509529366	1.352882037533512	0.1073512252042007	1.352882037533512
4	1.352392065344224	0.6581769436997319	0.1349669389342668	0.6581769436997319
11	0.3115519253208868	1.7144772117962466	0.040062232594321276	1.7144772117962466
11	1.4173473356670556	0.3894101876675603	0.1516919486581097	0.3894101876675603
11	0.3271100739012058	1.6876675603217157	0.10307273434461299	1.6876675603217157
11	1.7467911318553093	1.5371983914209115	0.050175029171528586	1.5371983914209115
13	0.5250875145857643	0.6079088471849866	0.2512640995721509	0.6079088471849866
13	1.2761571373006613	0.5043565683646113	0.2617658498638662	0.5043565683646113
6	0.5394788020225593	0.6846514745308311	0.2703228315830416	0.6846514745308311
6	1.6402178140801245	1.3505361930294906	0.1691948658109685	1.3505361930294906
10	0.1557759626604434	0.8572386058981233	0.040062232594321276	0.05361930294906166
10	0.1635550369506029	0.8438337801608579	0.10307273434461299	0.09115281501340483
10	0.8733955659276547	0.7685991957104558	0.050175029171528586	0.03853887399463807
7	0.6534422403733956	0.2528485254691689	0.2691559704395177	0.28183646112600536
7	0.7959937767405679	0.6266756032171582	0.20497860754570207	0.24195710455764075
7	0.838195254764683	0.676441018766756	0.1073512252042007	0.1343833780160858
4	0.838195254764683	0.676441018766756	0.1073512252042007	0.1343833780160858
4	0.676196032672112	0.32908847184986595	0.1349669389342668	0.10723860589812333
11	0.1557759626604434	0.8572386058981233	0.040062232594321276	0.05361930294906166
11	0.7086736678335278	0.19470509383378015	0.1516919486581097	0.14812332439678283
11	0.1635550369506029	0.8438337801608579	0.10307273434461299	0.09115281501340483
11	0.8733955659276547	0.7685991957104558	0.050175029171528586	0.03853887399463807
13	0.26254375729288215	0.3039544235924933	0.2512640995721509	0.3941018766756032
13	0.6380785686503306	0.25217828418230565	0.2617658498638662	0.2811662198391421
6	0.26973940101127963	0.34232573726541554	0.2703228315830416	0.42660857908847183
6	0.8201089070400622	0.6752680965147453	0.1691948658109685	0.15415549597855227
7	0.6534422403733956	0.2528485254691689	0.2691559704395177	0.28183646112600536
4	0.838195254764683	0.676441018766756	0.1073512252042007	0.1343833780160858
11	0.1557759626604434	0.8572386058981233	0.040062232594321276	0.05361930294906166
13	0.26254375729288215	0.3039544235924933	0.2512640995721509	0.3941018766756032
6	0.26973940101127963	0.34232573726541554	0.2703228315830416	0.42660857908847183
9	0.5414235705950992	0.22888739946380698	0.13768961493582263	0.16621983914209115
10	0.1557759626604434	0.8572386058981233	0.040062232594321276	0.05361930294906166
