2	0.4526909722222222	1.1184027777777779	0.04210069444444445	1.1184027777777779
2	0.6866319444444444	1.0534722222222221	0.028645833333333332	1.0534722222222221
2	1.2890625	0.5604166666666667	0.17708333333333334	0.5604166666666667
2	0.5277777777777778	1.0020833333333334	0.25	1.0020833333333334
13	0.4618055555555556	1.0190972222222223	0.23697916666666666	1.0190972222222223
13	1.2886284722222223	0.5559027777777777	0.13411458333333334	0.5559027777777777
2	0.4526909722222222	1.1184027777777779	0.04210069444444445	1.1184027777777779
2	0.6866319444444444	1.0534722222222221	0.028645833333333332	1.0534722222222221
2	1.2890625	0.5604166666666667	0.17708333333333334	0.5604166666666667
2	0.5277777777777778	1.0020833333333334	0.25	1.0020833333333334
13	0.4618055555555556	1.0190972222222223	0.23697916666666666	1.0190972222222223
13	1.2886284722222223	0.5559027777777777	0.13411458333333334	0.5559027777777777
2	0.2263454861111111	0.5592013888888889	0.04210069444444445	0.014930555555555556
2	0.3433159722222222	0.5267361111111111	0.028645833333333332	0.019444444444444445
2	0.64453125	0.28020833333333334	0.17708333333333334	0.10069444444444445
2	0.2638888888888889	0.5010416666666667	0.25	0.17916666666666667
13	0.2309027777777778	0.5095486111111112	0.23697916666666666	0.11354166666666667
13	0.6443142361111112	0.2779513888888889	0.13411458333333334	0.07604166666666666
2	0.2263454861111111	0.5592013888888889	0.04210069444444445	0.014930555555555556
13	0.2309027777777778	0.5095486111111112	0.23697916666666666	0.11354166666666667
