13	1.4138065522620904	0.549167452089224	0.15951638065522622	0.549167452089224
13	1.4309672386895476	0.489789506754634	0.020670826833073322	0.489789506754634
8	1.4309672386895476	0.489789506754634	0.020670826833073322	0.489789506754634
8	1.466458658346334	0.626138862708137	0.01950078003120125	0.626138862708137
9	1.6591263650546022	1.16870876531574	0.16302652106084242	1.16870876531574
13	1.4138065522620904	0.549167452089224	0.15951638065522622	0.549167452089224
13	1.4309672386895476	0.489789506754634	0.020670826833073322	0.489789506754634
8	1.4309672386895476	0.489789506754634	0.020670826833073322	0.489789506754634
8	1.466458658346334	0.626138862708137	0.01950078003120125	0.626138862708137
9	1.6591263650546022	1.16870876531574	0.16302652106084242	1.16870876531574
8	0.7154836193447738	0.244894753377317	0.020670826833073322	0.010995915802701853
8	0.733229329173167	0.3130694313540685	0.01950078003120125	0.020420986490732013
9	0.8295631825273011	0.58435438265787	0.16302652106084242	0.1080741438894125
13	0.7069032761310452	0.274583726044612	0.15951638065522622	0.09048067860508954
13	0.7154836193447738	0.244894753377317	0.020670826833073322	0.010995915802701853
13	0.7069032761310452	0.274583726044612	0.15951638065522622	0.09048067860508954
8	0.7154836193447738	0.244894753377317	0.020670826833073322	0.010995915802701853
9	0.8295631825273011	0.58435438265787	0.16302652106084242	0.1080741438894125
