13	0.6847826086956522	0.5352	0.18931159420289856	0.5352
13	1.4406702898550725	0.7512	0.21784420289855072	0.7512
8	0.6385869565217391	1.446	0.020833333333333332	1.446
8	1.5421195652173914	1.3836	0.2821557971014493	1.3836
11	1.3455615942028984	0.4344	0.18342391304347827	0.4344
11	0.6544384057971014	0.422	0.06476449275362318	0.422
11	0.8573369565217391	0.4064	0.07019927536231885	0.4064
13	0.6847826086956522	0.5352	0.18931159420289856	0.5352
13	1.4406702898550725	0.7512	0.21784420289855072	0.7512
8	0.6385869565217391	1.446	0.020833333333333332	1.446
8	1.5421195652173914	1.3836	0.2821557971014493	1.3836
11	1.3455615942028984	0.4344	0.18342391304347827	0.4344
11	0.6544384057971014	0.422	0.06476449275362318	0.422
11	0.8573369565217391	0.4064	0.07019927536231885	0.4064
13	0.3423913043478261	0.2676	0.18931159420289856	0.1416
13	0.7203351449275363	0.3756	0.21784420289855072	0.288
8	0.31929347826086957	0.723	0.020833333333333332	0.0164
8	0.7710597826086957	0.6918	0.2821557971014493	0.2916
11	0.6727807971014492	0.2172	0.18342391304347827	0.0632
11	0.3272192028985507	0.211	0.06476449275362318	0.0412
11	0.42866847826086957	0.2032	0.07019927536231885	0.0248
13	0.3423913043478261	0.2676	0.18931159420289856	0.1416
8	0.31929347826086957	0.723	0.020833333333333332	0.0164
7	0.7203351449275363	0.3756	0.21784420289855072	0.288
11	0.6727807971014492	0.2172	0.18342391304347827	0.0632
1	0.6804800724637681	0.2194	0.17527173913043478	0.0596
