0	1.103922361504246	0.765850144092219	0.12292761827739587	0.765850144092219
3	1.1318236959158916	1.3523054755043227	0.5204205418520016	1.3523054755043227
2	1.5483218762636475	1.1098703170028819	0.07480792559644157	1.1098703170028819
9	1.561665992721391	1.1109510086455332	0.055802668823291546	1.1109510086455332
9	0.919530934088152	1.7132564841498559	0.14718964820056613	1.7132564841498559
0	1.103922361504246	0.765850144092219	0.12292761827739587	0.765850144092219
3	1.1318236959158916	1.3523054755043227	0.5204205418520016	1.3523054755043227
2	1.5483218762636475	1.1098703170028819	0.07480792559644157	1.1098703170028819
9	1.561665992721391	1.1109510086455332	0.055802668823291546	1.1109510086455332
9	0.919530934088152	1.7132564841498559	0.14718964820056613	1.7132564841498559
0	0.551961180752123	0.3829250720461095	0.12292761827739587	0.15561959654178675
3	0.5659118479579458	0.6761527377521613	0.5204205418520016	0.12752161383285301
2	0.7741609381318237	0.5549351585014409	0.07480792559644157	0.0781700288184438
9	0.7808329963606955	0.5554755043227666	0.055802668823291546	0.07708933717579251
9	0.459765467044076	0.8566282420749279	0.14718964820056613	0.06484149855907781
0	0.551961180752123	0.3829250720461095	0.12292761827739587	0.15561959654178675
3	0.5659118479579458	0.6761527377521613	0.5204205418520016	0.12752161383285301
2	0.7741609381318237	0.5549351585014409	0.07480792559644157	0.0781700288184438
9	0.7808329963606955	0.5554755043227666	0.055802668823291546	0.07708933717579251
