11	0.5162648296976655	0.36838602329450915	0.2613853807883659	0.36838602329450915
8	1.4496747034060466	0.7926788685524127	0.31917336394948337	0.7926788685524127
8	0.5304247990815155	0.6282861896838602	0.2977420589360888	0.6282861896838602
2	0.5197091465748183	0.6808652246256239	0.20359739762724838	0.6808652246256239
2	1.4573287409108304	0.8046589018302829	0.26942212016838885	0.8046589018302829
13	0.5197091465748183	0.6808652246256239	0.20359739762724838	0.6808652246256239
13	1.5549177190968235	0.8908485856905158	0.14810562571756603	0.8908485856905158
9	0.5304247990815155	0.6282861896838602	0.2977420589360888	0.6282861896838602
9	0.8185993111366245	0.46422628951747086	0.09758897818599312	0.46422628951747086
9	1.4496747034060466	0.7926788685524127	0.31917336394948337	0.7926788685524127
11	0.5162648296976655	0.36838602329450915	0.2613853807883659	0.36838602329450915
8	1.4496747034060466	0.7926788685524127	0.31917336394948337	0.7926788685524127
8	0.5304247990815155	0.6282861896838602	0.2977420589360888	0.6282861896838602
2	0.5197091465748183	0.6808652246256239	0.20359739762724838	0.6808652246256239
2	1.4573287409108304	0.8046589018302829	0.26942212016838885	0.8046589018302829
13	0.5197091465748183	0.6808652246256239	0.20359739762724838	0.6808652246256239
13	1.5549177190968235	0.8908485856905158	0.14810562571756603	0.8908485856905158
9	0.5304247990815155	0.6282861896838602	0.2977420589360888	0.6282861896838602
9	0.8185993111366245	0.46422628951747086	0.09758897818599312	0.46422628951747086
9	1.4496747034060466	0.7926788685524127	0.31917336394948337	0.7926788685524127
11	0.25813241484883276	0.18419301164725457	0.2613853807883659	0.11613976705490849
8	0.7248373517030233	0.3963394342762063	0.31917336394948337	0.33477537437603994
8	0.26521239954075776	0.3141430948419301	0.2977420589360888	0.2762063227953411
2	0.25985457328740913	0.34043261231281197	0.20359739762724838	0.21164725457570716
2	0.7286643704554152	0.40232945091514144	0.26942212016838885	0.33943427620632277
13	0.25985457328740913	0.34043261231281197	0.20359739762724838	0.21164725457570716
13	0.7774588595484118	0.4454242928452579	0.14810562571756603	0.053577371048252914
9	0.26521239954075776	0.3141430948419301	0.2977420589360888	0.2762063227953411
9	0.40929965556831227	0.23211314475873543	0.09758897818599312	0.24725457570715476
9	0.7248373517030233	0.3963394342762063	0.31917336394948337	0.33477537437603994
11	0.25813241484883276	0.18419301164725457	0.2613853807883659	0.11613976705490849
8	0.7248373517030233	0.3963394342762063	0.31917336394948337	0.33477537437603994
2	0.25985457328740913	0.34043261231281197	0.20359739762724838	0.21164725457570716
1	0.27898966704936856	0.20249584026622297	0.16609261385380789	0.11880199667221297
13	0.25985457328740913	0.34043261231281197	0.20359739762724838	0.21164725457570716
9	0.26521239954075776	0.3141430948419301	0.2977420589360888	0.2762063227953411
