0	1.0503472222222223	0.44583333333333336	0.0954861111111111	0.44583333333333336
5	0.3949652777777778	0.7878472222222223	0.2048611111111111	0.7878472222222223
5	1.3771701388888888	0.9684027777777777	0.1271701388888889	0.9684027777777777
0	1.0503472222222223	0.44583333333333336	0.0954861111111111	0.44583333333333336
5	0.3949652777777778	0.7878472222222223	0.2048611111111111	0.7878472222222223
5	1.3771701388888888	0.9684027777777777	0.1271701388888889	0.9684027777777777
0	0.5251736111111112	0.22291666666666668	0.0954861111111111	0.07291666666666667
5	0.1974826388888889	0.3939236111111111	0.2048611111111111	0.33645833333333336
5	0.6885850694444444	0.48420138888888886	0.1271701388888889	0.21909722222222222
0	0.5251736111111112	0.22291666666666668	0.0954861111111111	0.07291666666666667
5	0.1974826388888889	0.3939236111111111	0.2048611111111111	0.33645833333333336
3	0.5073784722222222	0.5197916666666667	0.3402777777777778	0.14444444444444443
