0	1.1883680555555556	0.61875	0.1371527777777778	0.61875
11	0.7374131944444444	0.31145833333333334	0.11848958333333333	0.31145833333333334
11	1.2569444444444444	0.3326388888888889	0.11979166666666667	0.3326388888888889
3	1.1475694444444444	1.1322916666666667	0.4722222222222222	1.1322916666666667
0	1.1883680555555556	0.61875	0.1371527777777778	0.61875
11	0.7374131944444444	0.31145833333333334	0.11848958333333333	0.31145833333333334
11	1.2569444444444444	0.3326388888888889	0.11979166666666667	0.3326388888888889
3	1.1475694444444444	1.1322916666666667	0.4722222222222222	1.1322916666666667
0	0.5941840277777778	0.309375	0.1371527777777778	0.12083333333333333
11	0.3687065972222222	0.15572916666666667	0.11848958333333333	0.024652777777777777
11	0.6284722222222222	0.16631944444444444	0.11979166666666667	0.016666666666666666
3	0.5737847222222222	0.5661458333333333	0.4722222222222222	0.16979166666666667
0	0.5941840277777778	0.309375	0.1371527777777778	0.12083333333333333
11	0.3687065972222222	0.15572916666666667	0.11848958333333333	0.024652777777777777
3	0.5737847222222222	0.5661458333333333	0.4722222222222222	0.16979166666666667
