0	1.1877022653721683	0.6374643874643875	0.13106796116504854	0.6374643874643875
10	0.2601132686084142	1.4027777777777777	0.05703883495145631	1.4027777777777777
10	1.7754854368932038	1.5908119658119657	0.05299352750809062	1.5908119658119657
10	0.3179611650485437	1.3767806267806268	0.1553398058252427	1.3767806267806268
11	1.7754854368932038	1.5908119658119657	0.05299352750809062	1.5908119658119657
11	0.2601132686084142	1.4027777777777777	0.05703883495145631	1.4027777777777777
0	1.1877022653721683	0.6374643874643875	0.13106796116504854	0.6374643874643875
10	0.2601132686084142	1.4027777777777777	0.05703883495145631	1.4027777777777777
10	1.7754854368932038	1.5908119658119657	0.05299352750809062	1.5908119658119657
10	0.3179611650485437	1.3767806267806268	0.1553398058252427	1.3767806267806268
11	1.7754854368932038	1.5908119658119657	0.05299352750809062	1.5908119658119657
11	0.2601132686084142	1.4027777777777777	0.05703883495145631	1.4027777777777777
0	0.5938511326860841	0.31873219373219375	0.13106796116504854	0.13247863247863248
10	0.1300566343042071	0.7013888888888888	0.05703883495145631	0.08582621082621082
10	0.8877427184466019	0.7954059829059829	0.05299352750809062	0.09437321937321937
10	0.15898058252427186	0.6883903133903134	0.1553398058252427	0.11752136752136752
11	0.8877427184466019	0.7954059829059829	0.05299352750809062	0.09437321937321937
11	0.1300566343042071	0.7013888888888888	0.05703883495145631	0.08582621082621082
0	0.5938511326860841	0.31873219373219375	0.13106796116504854	0.13247863247863248
10	0.1300566343042071	0.7013888888888888	0.05703883495145631	0.08582621082621082
11	0.8877427184466019	0.7954059829059829	0.05299352750809062	0.09437321937321937
