11	1.2354330708661416	0.22591145833333334	0.14015748031496064	0.22591145833333334
11	0.7409448818897638	0.232421875	0.12598425196850394	0.232421875
5	1.521259842519685	0.9482421875	0.2732283464566929	0.9482421875
5	0.5078740157480315	1.0914713541666667	0.27165354330708663	1.0914713541666667
11	1.2354330708661416	0.22591145833333334	0.14015748031496064	0.22591145833333334
11	0.7409448818897638	0.232421875	0.12598425196850394	0.232421875
5	1.521259842519685	0.9482421875	0.2732283464566929	0.9482421875
5	0.5078740157480315	1.0914713541666667	0.27165354330708663	1.0914713541666667
11	0.6177165354330708	0.11295572916666667	0.14015748031496064	0.032552083333333336
11	0.3704724409448819	0.1162109375	0.12598425196850394	0.047526041666666664
5	0.7606299212598425	0.47412109375	0.2732283464566929	0.4775390625
5	0.25393700787401574	0.5457356770833334	0.27165354330708663	0.3362630208333333
11	0.6177165354330708	0.11295572916666667	0.14015748031496064	0.032552083333333336
5	0.7606299212598425	0.47412109375	0.2732283464566929	0.4775390625
