3	1.2749770852428963	1.2900313971742543	0.4903758020164986	1.2900313971742543
2	0.9747937671860678	0.6495290423861853	0.08570119156736938	0.6495290423861853
2	1.1283226397800183	0.7751177394034537	0.11365719523373052	0.7751177394034537
5	0.5623281393217232	1.1860282574568288	0.3304307974335472	1.1860282574568288
5	1.394133822181485	1.2237048665620094	0.22456461961503207	1.2237048665620094
3	1.2749770852428963	1.2900313971742543	0.4903758020164986	1.2900313971742543
2	0.9747937671860678	0.6495290423861853	0.08570119156736938	0.6495290423861853
2	1.1283226397800183	0.7751177394034537	0.11365719523373052	0.7751177394034537
5	0.5623281393217232	1.1860282574568288	0.3304307974335472	1.1860282574568288
5	1.394133822181485	1.2237048665620094	0.22456461961503207	1.2237048665620094
5	0.2811640696608616	0.5930141287284144	0.3304307974335472	0.30376766091051804
5	0.6970669110907425	0.6118524332810047	0.22456461961503207	0.28649921507064363
3	0.6374885426214482	0.6450156985871272	0.4903758020164986	0.21546310832025117
2	0.4873968835930339	0.3247645211930926	0.08570119156736938	0.24607535321821036
2	0.5641613198900092	0.38755886970172687	0.11365719523373052	0.09301412872841444
3	0.6374885426214482	0.6450156985871272	0.4903758020164986	0.21546310832025117
2	0.4873968835930339	0.3247645211930926	0.08570119156736938	0.24607535321821036
0	0.5863886342804766	0.4007064364207221	0.1681943171402383	0.12951334379905807
5	0.2811640696608616	0.5930141287284144	0.3304307974335472	0.30376766091051804
