10	1.55078125	1.0711805555555556	0.2799479166666667	1.0711805555555556
10	1.6362847222222223	1.0916666666666666	0.14583333333333334	1.0916666666666666
3	1.1375868055555556	1.098263888888889	0.4318576388888889	1.098263888888889
0	1.1631944444444444	0.7652777777777777	0.10416666666666667	0.7652777777777777
10	1.55078125	1.0711805555555556	0.2799479166666667	1.0711805555555556
10	1.6362847222222223	1.0916666666666666	0.14583333333333334	1.0916666666666666
3	1.1375868055555556	1.098263888888889	0.4318576388888889	1.098263888888889
0	1.1631944444444444	0.7652777777777777	0.10416666666666667	0.7652777777777777
10	0.775390625	0.5355902777777778	0.2799479166666667	0.22604166666666667
10	0.8181423611111112	0.5458333333333333	0.14583333333333334	0.12361111111111112
3	0.5687934027777778	0.5491319444444445	0.4318576388888889	0.11701388888888889
0	0.5815972222222222	0.38263888888888886	0.10416666666666667	0.10138888888888889
10	0.775390625	0.5355902777777778	0.2799479166666667	0.22604166666666667
3	0.5687934027777778	0.5491319444444445	0.4318576388888889	0.11701388888888889
7	0.7526041666666666	0.47274305555555557	0.20833333333333334	0.08645833333333333
0	0.5815972222222222	0.38263888888888886	0.10416666666666667	0.10138888888888889
