10	1.814043209876543	1.8096774193548386	0.05864197530864197	1.8096774193548386
10	0.29822530864197533	1.5874193548387097	0.12384259259259259	1.5874193548387097
11	1.814043209876543	1.8096774193548386	0.05864197530864197	1.8096774193548386
11	0.3410493827160494	1.6206451612903225	0.125	1.6206451612903225
13	1.8252314814814814	1.7048387096774194	0.015046296296296295	1.7048387096774194
13	0.4417438271604938	0.5438709677419354	0.059799382716049385	0.5438709677419354
13	0.5744598765432098	0.3996774193548387	0.03665123456790124	0.3996774193548387
9	0.4417438271604938	0.5438709677419354	0.059799382716049385	0.5438709677419354
9	0.9398148148148148	1.201290322580645	0.027777777777777776	1.201290322580645
10	1.814043209876543	1.8096774193548386	0.05864197530864197	1.8096774193548386
10	0.29822530864197533	1.5874193548387097	0.12384259259259259	1.5874193548387097
11	1.814043209876543	1.8096774193548386	0.05864197530864197	1.8096774193548386
11	0.3410493827160494	1.6206451612903225	0.125	1.6206451612903225
13	1.8252314814814814	1.7048387096774194	0.015046296296296295	1.7048387096774194
13	0.4417438271604938	0.5438709677419354	0.059799382716049385	0.5438709677419354
13	0.5744598765432098	0.3996774193548387	0.03665123456790124	0.3996774193548387
9	0.4417438271604938	0.5438709677419354	0.059799382716049385	0.5438709677419354
9	0.9398148148148148	1.201290322580645	0.027777777777777776	1.201290322580645
10	0.9070216049382716	0.9048387096774193	0.05864197530864197	0.05806451612903226
10	0.14911265432098766	0.7937096774193548	0.12384259259259259	0.1461290322580645
11	0.9070216049382716	0.9048387096774193	0.05864197530864197	0.05806451612903226
11	0.1705246913580247	0.8103225806451613	0.125	0.1329032258064516
13	0.9126157407407407	0.8524193548387097	0.015046296296296295	0.07387096774193548
13	0.2208719135802469	0.2719354838709677	0.059799382716049385	0.03483870967741935
13	0.2872299382716049	0.19983870967741935	0.03665123456790124	0.026129032258064518
9	0.2208719135802469	0.2719354838709677	0.059799382716049385	0.03483870967741935
9	0.4699074074074074	0.6006451612903225	0.027777777777777776	0.025806451612903226
10	0.9070216049382716	0.9048387096774193	0.05864197530864197	0.05806451612903226
11	0.9070216049382716	0.9048387096774193	0.05864197530864197	0.05806451612903226
0	0.5922067901234568	0.32645161290322583	0.10030864197530864	0.09096774193548388
13	0.9126157407407407	0.8524193548387097	0.015046296296296295	0.07387096774193548
8	0.2872299382716049	0.19983870967741935	0.03665123456790124	0.026129032258064518
9	0.2208719135802469	0.2719354838709677	0.059799382716049385	0.03483870967741935
