13	0.4639756944444444	0.7045138888888889	0.19401041666666666	0.7045138888888889
13	0.375	0.6083333333333333	0.07899305555555555	0.6083333333333333
13	0.5933159722222222	0.7739583333333333	0.07161458333333333	0.7739583333333333
13	0.4639756944444444	0.7045138888888889	0.19401041666666666	0.7045138888888889
13	0.375	0.6083333333333333	0.07899305555555555	0.6083333333333333
13	0.5933159722222222	0.7739583333333333	0.07161458333333333	0.7739583333333333
13	0.2319878472222222	0.35225694444444444	0.19401041666666666	0.13784722222222223
13	0.1875	0.30416666666666664	0.07899305555555555	0.027777777777777776
13	0.2966579861111111	0.38697916666666665	0.07161458333333333	0.057291666666666664
13	0.2319878472222222	0.35225694444444444	0.19401041666666666	0.13784722222222223
