11	1.7317708333333333	1.6413194444444446	0.08246527777777778	1.6413194444444446
11	1.41015625	0.4465277777777778	0.1349826388888889	0.4465277777777778
13	0.6710069444444444	0.8583333333333333	0.2578125	0.8583333333333333
13	1.5555555555555556	0.6739583333333333	0.09114583333333333	0.6739583333333333
13	1.4131944444444444	0.6739583333333333	0.22916666666666666	0.6739583333333333
8	0.5364583333333334	1.0763888888888888	0.025173611111111112	1.0763888888888888
8	0.4939236111111111	0.7208333333333333	0.019965277777777776	0.7208333333333333
8	0.6215277777777778	0.7388888888888889	0.019965277777777776	0.7388888888888889
8	0.4756944444444444	0.7763888888888889	0.022569444444444444	0.7763888888888889
11	1.7317708333333333	1.6413194444444446	0.08246527777777778	1.6413194444444446
11	1.41015625	0.4465277777777778	0.1349826388888889	0.4465277777777778
13	0.6710069444444444	0.8583333333333333	0.2578125	0.8583333333333333
13	1.5555555555555556	0.6739583333333333	0.09114583333333333	0.6739583333333333
13	1.4131944444444444	0.6739583333333333	0.22916666666666666	0.6739583333333333
8	0.5364583333333334	1.0763888888888888	0.025173611111111112	1.0763888888888888
8	0.4939236111111111	0.7208333333333333	0.019965277777777776	0.7208333333333333
8	0.6215277777777778	0.7388888888888889	0.019965277777777776	0.7388888888888889
8	0.4756944444444444	0.7763888888888889	0.022569444444444444	0.7763888888888889
8	0.2682291666666667	0.5381944444444444	0.025173611111111112	0.018055555555555554
8	0.24696180555555555	0.36041666666666666	0.019965277777777776	0.013888888888888888
8	0.3107638888888889	0.36944444444444446	0.019965277777777776	0.021527777777777778
8	0.2378472222222222	0.38819444444444445	0.022569444444444444	0.018055555555555554
11	0.8658854166666666	0.8206597222222223	0.08246527777777778	0.115625
11	0.705078125	0.2232638888888889	0.1349826388888889	0.09513888888888888
13	0.3355034722222222	0.42916666666666664	0.2578125	0.3958333333333333
13	0.7777777777777778	0.33697916666666666	0.09114583333333333	0.050347222222222224
13	0.7065972222222222	0.33697916666666666	0.22916666666666666	0.32048611111111114
11	0.8658854166666666	0.8206597222222223	0.08246527777777778	0.115625
13	0.3355034722222222	0.42916666666666664	0.2578125	0.3958333333333333
8	0.2682291666666667	0.5381944444444444	0.025173611111111112	0.018055555555555554
10	0.8782552083333334	0.8166666666666667	0.05859375	0.06944444444444445
