8	0.5563151041666666	0.8382161458333334	0.15071614583333334	0.8382161458333334
7	0.5651041666666666	0.8277994791666666	0.13020833333333334	0.8277994791666666
3	1.0953776041666667	0.9274088541666666	0.3089192708333333	0.9274088541666666
8	0.5563151041666666	0.8382161458333334	0.15071614583333334	0.8382161458333334
7	0.5651041666666666	0.8277994791666666	0.13020833333333334	0.8277994791666666
3	1.0953776041666667	0.9274088541666666	0.3089192708333333	0.9274088541666666
8	0.2781575520833333	0.4191080729166667	0.15071614583333334	0.14876302083333334
7	0.2825520833333333	0.4138997395833333	0.13020833333333334	0.12923177083333334
3	0.5476888020833334	0.4637044270833333	0.3089192708333333	0.1064453125
8	0.2781575520833333	0.4191080729166667	0.15071614583333334	0.14876302083333334
7	0.2825520833333333	0.4138997395833333	0.13020833333333334	0.12923177083333334
3	0.5476888020833334	0.4637044270833333	0.3089192708333333	0.1064453125
