0	1.1207137858642406	0.4960178400764575	0.09762071378586425	0.4960178400764575
13	0.3397480755773268	1.1175533609429755	0.0815255423372988	1.1175533609429755
13	1.6084674597620714	1.011150047785919	0.11161651504548635	1.011150047785919
3	1.16445066480056	1.0210258043963045	0.4177746675997201	1.0210258043963045
0	1.1207137858642406	0.4960178400764575	0.09762071378586425	0.4960178400764575
13	0.3397480755773268	1.1175533609429755	0.0815255423372988	1.1175533609429755
13	1.6084674597620714	1.011150047785919	0.11161651504548635	1.011150047785919
3	1.16445066480056	1.0210258043963045	0.4177746675997201	1.0210258043963045
0	0.5603568929321203	0.24800892003822875	0.09762071378586425	0.10289901242433896
13	0.1698740377886634	0.5587766804714878	0.0815255423372988	0.02293724115960497
13	0.8042337298810357	0.5055750238929595	0.11161651504548635	0.06944886906658171
3	0.58222533240028	0.5105129021981523	0.4177746675997201	0.1207390888818095
0	0.5603568929321203	0.24800892003822875	0.09762071378586425	0.10289901242433896
13	0.1698740377886634	0.5587766804714878	0.0815255423372988	0.02293724115960497
3	0.58222533240028	0.5105129021981523	0.4177746675997201	0.1207390888818095
