5	1.5121535181236674	0.9899678972712681	0.38464818763326225	0.9899678972712681
5	0.4814498933901919	0.9329855537720706	0.4208955223880597	0.9329855537720706
2	1.762046908315565	1.1970304975922954	0.1373134328358209	1.1970304975922954
2	1.7808102345415777	1.2379614767255216	0.06823027718550106	1.2379614767255216
5	1.5121535181236674	0.9899678972712681	0.38464818763326225	0.9899678972712681
5	0.4814498933901919	0.9329855537720706	0.4208955223880597	0.9329855537720706
2	1.762046908315565	1.1970304975922954	0.1373134328358209	1.1970304975922954
2	1.7808102345415777	1.2379614767255216	0.06823027718550106	1.2379614767255216
5	0.7560767590618337	0.49498394863563405	0.38464818763326225	0.7098715890850722
5	0.24072494669509595	0.4664927768860353	0.4208955223880597	0.6793739967897271
2	0.8810234541577825	0.5985152487961477	0.1373134328358209	0.1833868378812199
2	0.8904051172707889	0.6189807383627608	0.06823027718550106	0.056581059390048156
5	0.7560767590618337	0.49498394863563405	0.38464818763326225	0.7098715890850722
2	0.8810234541577825	0.5985152487961477	0.1373134328358209	0.1833868378812199
