0	1.0491071428571428	0.8555253623188406	0.12351190476190477	0.8555253623188406
7	0.5308779761904762	1.4130434782608696	0.12239583333333333	1.4130434782608696
7	1.0688244047619047	0.822463768115942	0.12686011904761904	0.822463768115942
7	0.7306547619047619	1.0828804347826086	0.12276785714285714	1.0828804347826086
7	0.5762648809523809	1.0932971014492754	0.08816964285714286	1.0932971014492754
7	1.3723958333333333	1.1933876811594204	0.10602678571428571	1.1933876811594204
3	0.9996279761904762	1.5443840579710144	0.36049107142857145	1.5443840579710144
0	1.0491071428571428	0.8555253623188406	0.12351190476190477	0.8555253623188406
7	0.5308779761904762	1.4130434782608696	0.12239583333333333	1.4130434782608696
7	1.0688244047619047	0.822463768115942	0.12686011904761904	0.822463768115942
7	0.7306547619047619	1.0828804347826086	0.12276785714285714	1.0828804347826086
7	0.5762648809523809	1.0932971014492754	0.08816964285714286	1.0932971014492754
7	1.3723958333333333	1.1933876811594204	0.10602678571428571	1.1933876811594204
3	0.9996279761904762	1.5443840579710144	0.36049107142857145	1.5443840579710144
0	0.5245535714285714	0.4277626811594203	0.12351190476190477	0.18614130434782608
7	0.2654389880952381	0.7065217391304348	0.12239583333333333	0.12047101449275362
7	0.5344122023809523	0.411231884057971	0.12686011904761904	0.16847826086956522
7	0.36532738095238093	0.5414402173913043	0.12276785714285714	0.23143115942028986
7	0.28813244047619047	0.5466485507246377	0.08816964285714286	0.1358695652173913
7	0.6861979166666666	0.5966938405797102	0.10602678571428571	0.43342391304347827
3	0.4998139880952381	0.7721920289855072	0.36049107142857145	0.17119565217391305
3	0.4998139880952381	0.7721920289855072	0.36049107142857145	0.17119565217391305
0	0.5245535714285714	0.4277626811594203	0.12351190476190477	0.18614130434782608
7	0.2654389880952381	0.7065217391304348	0.12239583333333333	0.12047101449275362
10	0.7176339285714286	0.6843297101449275	0.09895833333333333	0.25271739130434784
