0	1.1706349206349207	0.7453389830508474	0.12103174603174603	0.7453389830508474
3	1.2152777777777777	1.3042372881355933	0.5099206349206349	1.3042372881355933
0	1.1706349206349207	0.7453389830508474	0.12103174603174603	0.7453389830508474
3	1.2152777777777777	1.3042372881355933	0.5099206349206349	1.3042372881355933
0	0.5853174603174603	0.3726694915254237	0.12103174603174603	0.10974576271186441
3	0.6076388888888888	0.6521186440677966	0.5099206349206349	0.16864406779661018
0	0.5853174603174603	0.3726694915254237	0.12103174603174603	0.10974576271186441
9	0.6889880952380952	0.2027542372881356	0.09226190476190477	0.03771186440677966
3	0.6076388888888888	0.6521186440677966	0.5099206349206349	0.16864406779661018
11	0.6889880952380952	0.2027542372881356	0.09226190476190477	0.03771186440677966
