8	0.5933242506811989	0.7136780104712042	0.20572207084468666	0.7136780104712042
8	0.5524523160762943	0.6969895287958116	0.042915531335149866	0.6969895287958116
8	1.5071525885558583	0.862892670157068	0.18358310626702998	0.862892670157068
11	0.7162806539509536	0.4119764397905759	0.20946866485013624	0.4119764397905759
9	1.5071525885558583	0.862892670157068	0.18358310626702998	0.862892670157068
9	0.5524523160762943	0.6969895287958116	0.042915531335149866	0.6969895287958116
9	0.5933242506811989	0.7136780104712042	0.20572207084468666	0.7136780104712042
2	1.4965940054495912	0.8540575916230366	0.18732970027247955	0.8540575916230366
2	0.6195504087193461	0.6780104712041884	0.24557220708446867	0.6780104712041884
2	1.6399863760217983	0.8700916230366492	0.026226158038147138	0.8700916230366492
13	0.5933242506811989	0.7136780104712042	0.20572207084468666	0.7136780104712042
13	1.4965940054495912	0.8540575916230366	0.18732970027247955	0.8540575916230366
8	0.5933242506811989	0.7136780104712042	0.20572207084468666	0.7136780104712042
8	0.5524523160762943	0.6969895287958116	0.042915531335149866	0.6969895287958116
8	1.5071525885558583	0.862892670157068	0.18358310626702998	0.862892670157068
11	0.7162806539509536	0.4119764397905759	0.20946866485013624	0.4119764397905759
9	1.5071525885558583	0.862892670157068	0.18358310626702998	0.862892670157068
9	0.5524523160762943	0.6969895287958116	0.042915531335149866	0.6969895287958116
9	0.5933242506811989	0.7136780104712042	0.20572207084468666	0.7136780104712042
2	1.4965940054495912	0.8540575916230366	0.18732970027247955	0.8540575916230366
2	0.6195504087193461	0.6780104712041884	0.24557220708446867	0.6780104712041884
2	1.6399863760217983	0.8700916230366492	0.026226158038147138	0.8700916230366492
13	0.5933242506811989	0.7136780104712042	0.20572207084468666	0.7136780104712042
13	1.4965940054495912	0.8540575916230366	0.18732970027247955	0.8540575916230366
8	0.29666212534059944	0.3568390052356021	0.20572207084468666	0.09784031413612565
8	0.27622615803814715	0.3484947643979058	0.042915531335149866	0.03926701570680628
8	0.7535762942779292	0.431446335078534	0.18358310626702998	0.3105366492146597
11	0.3581403269754768	0.20598821989528796	0.20946866485013624	0.143651832460733
9	0.7535762942779292	0.431446335078534	0.18358310626702998	0.3105366492146597
9	0.27622615803814715	0.3484947643979058	0.042915531335149866	0.03926701570680628
9	0.29666212534059944	0.3568390052356021	0.20572207084468666	0.09784031413612565
2	0.7482970027247956	0.4270287958115183	0.18732970027247955	0.3494764397905759
2	0.30977520435967304	0.3390052356020942	0.24557220708446867	0.18455497382198952
2	0.8199931880108992	0.4350458115183246	0.026226158038147138	0.08409685863874346
13	0.29666212534059944	0.3568390052356021	0.20572207084468666	0.09784031413612565
13	0.7482970027247956	0.4270287958115183	0.18732970027247955	0.3494764397905759
6	0.3048365122615804	0.33017015706806285	0.24318801089918257	0.1649214659685864
8	0.29666212534059944	0.3568390052356021	0.20572207084468666	0.09784031413612565
11	0.3581403269754768	0.20598821989528796	0.20946866485013624	0.143651832460733
9	0.7535762942779292	0.431446335078534	0.18358310626702998	0.3105366492146597
1	0.3189713896457766	0.21596858638743455	0.2012942779291553	0.09816753926701571
2	0.7482970027247956	0.4270287958115183	0.18732970027247955	0.3494764397905759
13	0.29666212534059944	0.3568390052356021	0.20572207084468666	0.09784031413612565
