13	0.4960063897763578	1.0133843212237095	0.19249201277955272	1.0133843212237095
13	1.0431309904153354	0.5254302103250478	0.6589456869009584	0.5254302103250478
13	0.6569488817891374	0.4416826003824092	0.2384185303514377	0.4416826003824092
13	1.393370607028754	0.47877629063097515	0.2176517571884984	0.47877629063097515
6	0.6569488817891374	0.4416826003824092	0.2384185303514377	0.4416826003824092
6	1.3594249201277955	0.35411089866156786	0.18370607028753994	0.35411089866156786
9	0.4960063897763578	1.0133843212237095	0.19249201277955272	1.0133843212237095
9	1.0431309904153354	0.5254302103250478	0.6589456869009584	0.5254302103250478
11	1.0431309904153354	0.5254302103250478	0.6589456869009584	0.5254302103250478
11	0.6337859424920128	0.24588910133843211	0.1369808306709265	0.24588910133843211
13	0.4960063897763578	1.0133843212237095	0.19249201277955272	1.0133843212237095
13	1.0431309904153354	0.5254302103250478	0.6589456869009584	0.5254302103250478
13	0.6569488817891374	0.4416826003824092	0.2384185303514377	0.4416826003824092
13	1.393370607028754	0.47877629063097515	0.2176517571884984	0.47877629063097515
6	0.6569488817891374	0.4416826003824092	0.2384185303514377	0.4416826003824092
6	1.3594249201277955	0.35411089866156786	0.18370607028753994	0.35411089866156786
9	0.4960063897763578	1.0133843212237095	0.19249201277955272	1.0133843212237095
9	1.0431309904153354	0.5254302103250478	0.6589456869009584	0.5254302103250478
11	1.0431309904153354	0.5254302103250478	0.6589456869009584	0.5254302103250478
11	0.6337859424920128	0.24588910133843211	0.1369808306709265	0.24588910133843211
9	0.2480031948881789	0.5066921606118547	0.19249201277955272	0.14378585086042064
9	0.5215654952076677	0.2627151051625239	0.6589456869009584	0.3204588910133843
11	0.5215654952076677	0.2627151051625239	0.6589456869009584	0.3204588910133843
11	0.3168929712460064	0.12294455066921606	0.1369808306709265	0.0791586998087954
13	0.2480031948881789	0.5066921606118547	0.19249201277955272	0.14378585086042064
13	0.5215654952076677	0.2627151051625239	0.6589456869009584	0.3204588910133843
13	0.3284744408945687	0.2208413001912046	0.2384185303514377	0.2711281070745698
13	0.696685303514377	0.23938814531548758	0.2176517571884984	0.227151051625239
6	0.3284744408945687	0.2208413001912046	0.2384185303514377	0.2711281070745698
6	0.6797124600638977	0.17705544933078393	0.18370607028753994	0.1812619502868069
13	0.2480031948881789	0.5066921606118547	0.19249201277955272	0.14378585086042064
7	0.696685303514377	0.23938814531548758	0.2176517571884984	0.227151051625239
6	0.3284744408945687	0.2208413001912046	0.2384185303514377	0.2711281070745698
5	0.5215654952076677	0.2627151051625239	0.6589456869009584	0.3204588910133843
9	0.2480031948881789	0.5066921606118547	0.19249201277955272	0.14378585086042064
0	0.5365415335463258	0.3202676864244742	0.23282747603833867	0.2435946462715105
11	0.5215654952076677	0.2627151051625239	0.6589456869009584	0.3204588910133843
2	0.3284744408945687	0.2208413001912046	0.2384185303514377	0.2711281070745698
8	0.5215654952076677	0.2627151051625239	0.6589456869009584	0.3204588910133843
