11	0.1708984375	1.8112	0.052734375	1.8112
13	1.75732421875	1.3316	0.15380859375	1.3316
13	1.80419921875	1.3376	0.09716796875	1.3376
10	0.1708984375	1.8112	0.052734375	1.8112
11	0.1708984375	1.8112	0.052734375	1.8112
13	1.75732421875	1.3316	0.15380859375	1.3316
13	1.80419921875	1.3376	0.09716796875	1.3376
10	0.1708984375	1.8112	0.052734375	1.8112
11	0.08544921875	0.9056	0.052734375	0.0624
13	0.878662109375	0.6658	0.15380859375	0.0476
13	0.902099609375	0.6688	0.09716796875	0.0216
10	0.08544921875	0.9056	0.052734375	0.0624
11	0.08544921875	0.9056	0.052734375	0.0624
13	0.878662109375	0.6658	0.15380859375	0.0476
7	0.4580078125	0.2492	0.0712890625	0.18
9	0.4580078125	0.2492	0.0712890625	0.18
10	0.08544921875	0.9056	0.052734375	0.0624
