11	0.7496744791666666	0.2421875	0.058919270833333336	0.2421875
11	1.1416015625	0.2740885416666667	0.052408854166666664	0.2740885416666667
13	1.2356770833333333	0.5048828125	0.09635416666666667	0.5048828125
13	1.2620442708333333	0.4361979166666667	0.0595703125	0.4361979166666667
0	1.0751953125	0.4671223958333333	0.08170572916666667	0.4671223958333333
11	0.7496744791666666	0.2421875	0.058919270833333336	0.2421875
11	1.1416015625	0.2740885416666667	0.052408854166666664	0.2740885416666667
13	1.2356770833333333	0.5048828125	0.09635416666666667	0.5048828125
13	1.2620442708333333	0.4361979166666667	0.0595703125	0.4361979166666667
0	1.0751953125	0.4671223958333333	0.08170572916666667	0.4671223958333333
11	0.3748372395833333	0.12109375	0.058919270833333336	0.020182291666666668
11	0.57080078125	0.13704427083333334	0.052408854166666664	0.016276041666666668
13	0.6178385416666666	0.25244140625	0.09635416666666667	0.0888671875
13	0.6310221354166666	0.21809895833333334	0.0595703125	0.08463541666666667
0	0.53759765625	0.23356119791666666	0.08170572916666667	0.1025390625
11	0.3748372395833333	0.12109375	0.058919270833333336	0.020182291666666668
13	0.6178385416666666	0.25244140625	0.09635416666666667	0.0888671875
0	0.53759765625	0.23356119791666666	0.08170572916666667	0.1025390625
6	0.6310221354166666	0.21809895833333334	0.0595703125	0.08463541666666667
3	0.5472005208333334	0.5061848958333334	0.3170572916666667	0.10872395833333333
