7	0.8294270833333334	0.5458333333333333	0.09331597222222222	0.5458333333333333
8	0.3650173611111111	0.7614583333333333	0.020399305555555556	0.7614583333333333
8	0.2942708333333333	0.9631944444444445	0.017361111111111112	0.9631944444444445
0	1.1302083333333333	0.7048611111111112	0.10590277777777778	0.7048611111111112
7	0.8294270833333334	0.5458333333333333	0.09331597222222222	0.5458333333333333
8	0.3650173611111111	0.7614583333333333	0.020399305555555556	0.7614583333333333
8	0.2942708333333333	0.9631944444444445	0.017361111111111112	0.9631944444444445
0	1.1302083333333333	0.7048611111111112	0.10590277777777778	0.7048611111111112
7	0.4147135416666667	0.27291666666666664	0.09331597222222222	0.1111111111111111
8	0.18250868055555555	0.3807291666666667	0.020399305555555556	0.014930555555555556
8	0.14713541666666666	0.48159722222222223	0.017361111111111112	0.013888888888888888
0	0.5651041666666666	0.3524305555555556	0.10590277777777778	0.1361111111111111
8	0.18250868055555555	0.3807291666666667	0.020399305555555556	0.014930555555555556
0	0.5651041666666666	0.3524305555555556	0.10590277777777778	0.1361111111111111
9	0.5240885416666666	0.27621527777777777	0.09678819444444445	0.1232638888888889
7	0.4147135416666667	0.27291666666666664	0.09331597222222222	0.1111111111111111
3	0.5598958333333334	0.5677083333333334	0.4131944444444444	0.13680555555555557
