11	1.6016976820111002	1.3022300469483568	0.08227228207639568	1.3022300469483568
11	1.15932092719556	0.5446009389671361	0.10022853411687888	0.5446009389671361
2	1.5886385896180215	1.3336267605633803	0.07639569049951028	1.3336267605633803
11	1.6016976820111002	1.3022300469483568	0.08227228207639568	1.3022300469483568
11	1.15932092719556	0.5446009389671361	0.10022853411687888	0.5446009389671361
2	1.5886385896180215	1.3336267605633803	0.07639569049951028	1.3336267605633803
11	0.8008488410055501	0.6511150234741784	0.08227228207639568	0.31220657276995306
11	0.57966046359778	0.27230046948356806	0.10022853411687888	0.022887323943661973
2	0.7943192948090108	0.6668133802816901	0.07639569049951028	0.31660798122065725
11	0.8008488410055501	0.6511150234741784	0.08227228207639568	0.31220657276995306
2	0.7943192948090108	0.6668133802816901	0.07639569049951028	0.31660798122065725
0	0.5184459680052237	0.4345657276995305	0.0842311459353575	0.06514084507042253
