3	1.0421006944444444	1.3302083333333334	0.4908854166666667	1.3302083333333334
13	1.7335069444444444	1.429513888888889	0.04513888888888889	1.429513888888889
13	1.5911458333333333	1.3243055555555556	0.0954861111111111	1.3243055555555556
13	0.5685763888888888	1.2666666666666666	0.07899305555555555	1.2666666666666666
0	1.1085069444444444	0.7875	0.13368055555555555	0.7875
3	1.0421006944444444	1.3302083333333334	0.4908854166666667	1.3302083333333334
13	1.7335069444444444	1.429513888888889	0.04513888888888889	1.429513888888889
13	1.5911458333333333	1.3243055555555556	0.0954861111111111	1.3243055555555556
13	0.5685763888888888	1.2666666666666666	0.07899305555555555	1.2666666666666666
0	1.1085069444444444	0.7875	0.13368055555555555	0.7875
3	0.5210503472222222	0.6651041666666667	0.4908854166666667	0.115625
13	0.8667534722222222	0.7147569444444445	0.04513888888888889	0.02048611111111111
13	0.7955729166666666	0.6621527777777778	0.0954861111111111	0.019444444444444445
13	0.2842881944444444	0.6333333333333333	0.07899305555555555	0.07361111111111111
0	0.5542534722222222	0.39375	0.13368055555555555	0.10902777777777778
3	0.5210503472222222	0.6651041666666667	0.4908854166666667	0.115625
13	0.8667534722222222	0.7147569444444445	0.04513888888888889	0.02048611111111111
0	0.5542534722222222	0.39375	0.13368055555555555	0.10902777777777778
