3	1.3519965277777777	1.2791666666666666	0.4969618055555556	1.2791666666666666
13	1.8823784722222223	1.3934027777777778	0.045572916666666664	1.3934027777777778
13	1.5633680555555556	0.6729166666666667	0.04861111111111111	0.6729166666666667
3	1.3519965277777777	1.2791666666666666	0.4969618055555556	1.2791666666666666
13	1.8823784722222223	1.3934027777777778	0.045572916666666664	1.3934027777777778
13	1.5633680555555556	0.6729166666666667	0.04861111111111111	0.6729166666666667
3	0.6759982638888888	0.6395833333333333	0.4969618055555556	0.1638888888888889
13	0.9411892361111112	0.6967013888888889	0.045572916666666664	0.025347222222222222
13	0.7816840277777778	0.33645833333333336	0.04861111111111111	0.04375
3	0.6759982638888888	0.6395833333333333	0.4969618055555556	0.1638888888888889
13	0.9411892361111112	0.6967013888888889	0.045572916666666664	0.025347222222222222
0	0.6820746527777778	0.3758680555555556	0.1410590277777778	0.146875
