7	1.5467980295566504	0.6188151041666666	0.050668543279380716	0.6188151041666666
7	0.639338494018297	0.4039713541666667	0.05524278676988036	0.4039713541666667
13	0.6681914144968332	0.4443359375	0.14039408866995073	0.4443359375
13	0.6389866291344124	0.4248046875	0.055594651653764954	0.4248046875
13	1.5355383532723434	0.6223958333333334	0.08233638282899367	0.6223958333333334
8	0.6133004926108374	0.5403645833333334	0.05524278676988036	0.5403645833333334
8	1.5327234342012668	0.62890625	0.03870513722730472	0.62890625
7	1.5467980295566504	0.6188151041666666	0.050668543279380716	0.6188151041666666
7	0.639338494018297	0.4039713541666667	0.05524278676988036	0.4039713541666667
13	0.6681914144968332	0.4443359375	0.14039408866995073	0.4443359375
13	0.6389866291344124	0.4248046875	0.055594651653764954	0.4248046875
13	1.5355383532723434	0.6223958333333334	0.08233638282899367	0.6223958333333334
8	0.6133004926108374	0.5403645833333334	0.05524278676988036	0.5403645833333334
8	1.5327234342012668	0.62890625	0.03870513722730472	0.62890625
7	0.7733990147783252	0.3094075520833333	0.050668543279380716	0.021809895833333332
7	0.3196692470091485	0.20198567708333334	0.05524278676988036	0.06412760416666667
13	0.3340957072484166	0.22216796875	0.14039408866995073	0.1357421875
13	0.3194933145672062	0.21240234375	0.055594651653764954	0.0634765625
13	0.7677691766361717	0.3111979166666667	0.08233638282899367	0.0390625
8	0.3066502463054187	0.2701822916666667	0.05524278676988036	0.041015625
8	0.7663617171006334	0.314453125	0.03870513722730472	0.028645833333333332
13	0.3340957072484166	0.22216796875	0.14039408866995073	0.1357421875
8	0.3066502463054187	0.2701822916666667	0.05524278676988036	0.041015625
7	0.7733990147783252	0.3094075520833333	0.050668543279380716	0.021809895833333332
