13	0.4809027777777778	1.0322916666666666	0.1423611111111111	1.0322916666666666
13	1.4652777777777777	1.1236111111111111	0.06510416666666667	1.1236111111111111
3	1.1006944444444444	1.2819444444444446	0.3723958333333333	1.2819444444444446
11	0.2647569444444444	1.3677083333333333	0.04774305555555555	1.3677083333333333
11	1.6566840277777777	1.4152777777777779	0.040364583333333336	1.4152777777777779
11	1.4943576388888888	1.3190972222222221	0.022135416666666668	1.3190972222222221
9	1.4756944444444444	1.2850694444444444	0.0798611111111111	1.2850694444444444
9	1.4995659722222223	0.8267361111111111	0.2565104166666667	0.8267361111111111
9	1.4418402777777777	1.0416666666666667	0.06770833333333333	1.0416666666666667
10	0.2586805555555556	1.3892361111111111	0.06336805555555555	1.3892361111111111
10	1.6566840277777777	1.4152777777777779	0.040364583333333336	1.4152777777777779
13	0.4809027777777778	1.0322916666666666	0.1423611111111111	1.0322916666666666
13	1.4652777777777777	1.1236111111111111	0.06510416666666667	1.1236111111111111
3	1.1006944444444444	1.2819444444444446	0.3723958333333333	1.2819444444444446
11	0.2647569444444444	1.3677083333333333	0.04774305555555555	1.3677083333333333
11	1.6566840277777777	1.4152777777777779	0.040364583333333336	1.4152777777777779
11	1.4943576388888888	1.3190972222222221	0.022135416666666668	1.3190972222222221
9	1.4756944444444444	1.2850694444444444	0.0798611111111111	1.2850694444444444
9	1.4995659722222223	0.8267361111111111	0.2565104166666667	0.8267361111111111
9	1.4418402777777777	1.0416666666666667	0.06770833333333333	1.0416666666666667
10	0.2586805555555556	1.3892361111111111	0.06336805555555555	1.3892361111111111
10	1.6566840277777777	1.4152777777777779	0.040364583333333336	1.4152777777777779
13	0.2404513888888889	0.5161458333333333	0.1423611111111111	0.03993055555555555
13	0.7326388888888888	0.5618055555555556	0.06510416666666667	0.2388888888888889
3	0.5503472222222222	0.6409722222222223	0.3723958333333333	0.11458333333333333
11	0.1323784722222222	0.6838541666666667	0.04774305555555555	0.08645833333333333
11	0.8283420138888888	0.7076388888888889	0.040364583333333336	0.06458333333333334
11	0.7471788194444444	0.6595486111111111	0.022135416666666668	0.033680555555555554
9	0.7378472222222222	0.6425347222222222	0.0798611111111111	0.08645833333333333
9	0.7497829861111112	0.41336805555555556	0.2565104166666667	0.5399305555555556
9	0.7209201388888888	0.5208333333333334	0.06770833333333333	0.19444444444444445
10	0.1293402777777778	0.6946180555555556	0.06336805555555555	0.050347222222222224
10	0.8283420138888888	0.7076388888888889	0.040364583333333336	0.06458333333333334
0	0.5188802083333334	0.4401041666666667	0.1228298611111111	0.10798611111111112
3	0.5503472222222222	0.6409722222222223	0.3723958333333333	0.11458333333333333
11	0.1323784722222222	0.6838541666666667	0.04774305555555555	0.08645833333333333
9	0.7378472222222222	0.6425347222222222	0.0798611111111111	0.08645833333333333
10	0.1293402777777778	0.6946180555555556	0.06336805555555555	0.050347222222222224
13	0.2404513888888889	0.5161458333333333	0.1423611111111111	0.03993055555555555
