9	1.518649391440911	0.5612009237875288	0.2347860227718885	0.5612009237875288
9	0.5056929721240675	0.6123391619927416	0.2387122104436592	0.6123391619927416
8	0.7110325873576757	0.7245133619267569	0.01845308205732234	0.7245133619267569
8	1.3176285826462506	0.5968327284724514	0.016489988221436984	0.5968327284724514
8	1.4452296819787986	0.5499835037941273	0.019238319591676482	0.5499835037941273
8	0.4731056144483706	0.5730781920158363	0.016882606988614057	0.5730781920158363
8	0.5991362387122104	0.651600131969647	0.016489988221436984	0.651600131969647
9	1.518649391440911	0.5612009237875288	0.2347860227718885	0.5612009237875288
9	0.5056929721240675	0.6123391619927416	0.2387122104436592	0.6123391619927416
8	0.7110325873576757	0.7245133619267569	0.01845308205732234	0.7245133619267569
8	1.3176285826462506	0.5968327284724514	0.016489988221436984	0.5968327284724514
8	1.4452296819787986	0.5499835037941273	0.019238319591676482	0.5499835037941273
8	0.4731056144483706	0.5730781920158363	0.016882606988614057	0.5730781920158363
8	0.5991362387122104	0.651600131969647	0.016489988221436984	0.651600131969647
9	0.7593246957204555	0.2806004618937644	0.2347860227718885	0.06829429231276807
9	0.25284648606203375	0.3061695809963708	0.2387122104436592	0.14054767403497195
8	0.35551629367883786	0.36225668096337843	0.01845308205732234	0.013196964698119432
8	0.6588142913231253	0.2984163642362257	0.016489988221436984	0.012867040580666447
8	0.7226148409893993	0.27499175189706365	0.019238319591676482	0.016826129990102277
8	0.2365528072241853	0.28653909600791816	0.016882606988614057	0.011547344110854504
8	0.2995681193561052	0.3258000659848235	0.016489988221436984	0.012207192345760474
9	0.7593246957204555	0.2806004618937644	0.2347860227718885	0.06829429231276807
3	0.5771495877502945	0.6296601781590234	0.4381625441696113	0.12174199934015177
8	0.35551629367883786	0.36225668096337843	0.01845308205732234	0.013196964698119432
0	0.5266980761680409	0.41240514681623225	0.21476246564585788	0.2349059716265259
