11	1.3630239520958083	0.4091534755677908	0.1407185628742515	0.4091534755677908
11	0.7425149700598802	0.3695801789401239	0.11901197604790419	0.3695801789401239
0	1.250748502994012	0.7050929112181693	0.11152694610778444	0.7050929112181693
3	1.214820359281437	1.3165863730213352	0.45209580838323354	1.3165863730213352
11	1.3630239520958083	0.4091534755677908	0.1407185628742515	0.4091534755677908
11	0.7425149700598802	0.3695801789401239	0.11901197604790419	0.3695801789401239
0	1.250748502994012	0.7050929112181693	0.11152694610778444	0.7050929112181693
3	1.214820359281437	1.3165863730213352	0.45209580838323354	1.3165863730213352
11	0.6815119760479041	0.2045767377838954	0.1407185628742515	0.06297315898141775
11	0.3712574850299401	0.18479008947006195	0.11901197604790419	0.030970406056434963
0	0.625374251497006	0.35254645560908465	0.11152694610778444	0.1366139022711631
3	0.6074101796407185	0.6582931865106676	0.45209580838323354	0.1383344803854095
11	0.6815119760479041	0.2045767377838954	0.1407185628742515	0.06297315898141775
0	0.625374251497006	0.35254645560908465	0.11152694610778444	0.1366139022711631
3	0.6074101796407185	0.6582931865106676	0.45209580838323354	0.1383344803854095
