0	1.19580078125	0.548	0.07958984375	0.548
3	1.1728515625	1.198	0.4404296875	1.198
11	0.82275390625	0.2696	0.07666015625	0.2696
0	1.19580078125	0.548	0.07958984375	0.548
3	1.1728515625	1.198	0.4404296875	1.198
11	0.82275390625	0.2696	0.07666015625	0.2696
11	0.411376953125	0.1348	0.07666015625	0.0256
0	0.597900390625	0.274	0.07958984375	0.0872
3	0.58642578125	0.599	0.4404296875	0.166
0	0.597900390625	0.274	0.07958984375	0.0872
3	0.58642578125	0.599	0.4404296875	0.166
11	0.411376953125	0.1348	0.07666015625	0.0256
