0	1.113275039745628	0.6141645149391368	0.12281399046104928	0.6141645149391368
3	1.1728934817170111	1.2696421984507562	0.5258346581875993	1.2696421984507562
13	1.6478537360890302	1.0464773146440427	0.09220985691573927	1.0464773146440427
0	1.113275039745628	0.6141645149391368	0.12281399046104928	0.6141645149391368
3	1.1728934817170111	1.2696421984507562	0.5258346581875993	1.2696421984507562
13	1.6478537360890302	1.0464773146440427	0.09220985691573927	1.0464773146440427
0	0.556637519872814	0.3070822574695684	0.12281399046104928	0.11250461084470675
3	0.5864467408585056	0.6348210992253781	0.5258346581875993	0.19845075617853192
13	0.8239268680445151	0.5232386573220213	0.09220985691573927	0.02471412762818148
0	0.556637519872814	0.3070822574695684	0.12281399046104928	0.11250461084470675
3	0.5864467408585056	0.6348210992253781	0.5258346581875993	0.19845075617853192
13	0.8239268680445151	0.5232386573220213	0.09220985691573927	0.02471412762818148
11	0.6019475357710652	0.19420877904832165	0.09419713831478538	0.052010328292143124
