1	1.3237847222222223	0.5652777777777778	0.2552083333333333	0.5652777777777778
1	1.1979166666666667	0.4652777777777778	0.09895833333333333	0.4652777777777778
3	1.1414930555555556	1.1649305555555556	0.4262152777777778	1.1649305555555556
1	1.3237847222222223	0.5652777777777778	0.2552083333333333	0.5652777777777778
1	1.1979166666666667	0.4652777777777778	0.09895833333333333	0.4652777777777778
3	1.1414930555555556	1.1649305555555556	0.4262152777777778	1.1649305555555556
1	0.6618923611111112	0.2826388888888889	0.2552083333333333	0.2743055555555556
1	0.5989583333333334	0.2326388888888889	0.09895833333333333	0.17083333333333334
3	0.5707465277777778	0.5824652777777778	0.4262152777777778	0.11770833333333333
1	0.6618923611111112	0.2826388888888889	0.2552083333333333	0.2743055555555556
3	0.5707465277777778	0.5824652777777778	0.4262152777777778	0.11770833333333333
7	0.6351996527777778	0.2621527777777778	0.22178819444444445	0.19305555555555556
9	0.5989583333333334	0.2326388888888889	0.09895833333333333	0.17083333333333334
