12	1.38125	0.4103119584055459	0.3517857142857143	0.4103119584055459
12	1.3852678571428572	0.3565857885615251	0.12366071428571429	0.3565857885615251
10	1.5736607142857142	1.3687175043327557	0.2558035714285714	1.3687175043327557
12	1.38125	0.4103119584055459	0.3517857142857143	0.4103119584055459
12	1.3852678571428572	0.3565857885615251	0.12366071428571429	0.3565857885615251
10	1.5736607142857142	1.3687175043327557	0.2558035714285714	1.3687175043327557
12	0.690625	0.20515597920277295	0.3517857142857143	0.23180242634315423
12	0.6926339285714286	0.17829289428076256	0.12366071428571429	0.09922010398613518
10	0.7868303571428571	0.6843587521663779	0.2558035714285714	0.13561525129982668
12	0.690625	0.20515597920277295	0.3517857142857143	0.23180242634315423
10	0.7868303571428571	0.6843587521663779	0.2558035714285714	0.13561525129982668
9	0.8035714285714286	0.39428076256499134	0.16517857142857142	0.15684575389948008
