11	0.7737630208333334	0.3277994791666667	0.16764322916666666	0.3277994791666667
11	1.673828125	1.4573567708333333	0.037760416666666664	1.4573567708333333
11	1.3323567708333333	0.3206380208333333	0.0537109375	0.3206380208333333
11	0.5628255208333334	1.5618489583333333	0.041341145833333336	1.5618489583333333
0	1.1002604166666667	0.5807291666666666	0.087890625	0.5807291666666666
3	1.1728515625	1.2428385416666667	0.3603515625	1.2428385416666667
10	0.5628255208333334	1.5618489583333333	0.041341145833333336	1.5618489583333333
10	1.673828125	1.4573567708333333	0.037760416666666664	1.4573567708333333
5	0.6865234375	0.8444010416666666	0.1630859375	0.8444010416666666
5	1.3870442708333333	0.8782552083333334	0.20670572916666666	0.8782552083333334
11	0.7737630208333334	0.3277994791666667	0.16764322916666666	0.3277994791666667
11	1.673828125	1.4573567708333333	0.037760416666666664	1.4573567708333333
11	1.3323567708333333	0.3206380208333333	0.0537109375	0.3206380208333333
11	0.5628255208333334	1.5618489583333333	0.041341145833333336	1.5618489583333333
0	1.1002604166666667	0.5807291666666666	0.087890625	0.5807291666666666
3	1.1728515625	1.2428385416666667	0.3603515625	1.2428385416666667
10	0.5628255208333334	1.5618489583333333	0.041341145833333336	1.5618489583333333
10	1.673828125	1.4573567708333333	0.037760416666666664	1.4573567708333333
5	0.6865234375	0.8444010416666666	0.1630859375	0.8444010416666666
5	1.3870442708333333	0.8782552083333334	0.20670572916666666	0.8782552083333334
0	0.5501302083333334	0.2903645833333333	0.087890625	0.08854166666666667
3	0.58642578125	0.6214192708333334	0.3603515625	0.12630208333333334
10	0.2814127604166667	0.7809244791666666	0.041341145833333336	0.061848958333333336
10	0.8369140625	0.7286783854166666	0.037760416666666664	0.0517578125
5	0.34326171875	0.4222005208333333	0.1630859375	0.4270833333333333
5	0.6935221354166666	0.4391276041666667	0.20670572916666666	0.4654947916666667
11	0.3868815104166667	0.16389973958333334	0.16764322916666666	0.050455729166666664
11	0.8369140625	0.7286783854166666	0.037760416666666664	0.0517578125
11	0.6661783854166666	0.16031901041666666	0.0537109375	0.041341145833333336
11	0.2814127604166667	0.7809244791666666	0.041341145833333336	0.061848958333333336
11	0.3868815104166667	0.16389973958333334	0.16764322916666666	0.050455729166666664
0	0.5501302083333334	0.2903645833333333	0.087890625	0.08854166666666667
3	0.58642578125	0.6214192708333334	0.3603515625	0.12630208333333334
10	0.2814127604166667	0.7809244791666666	0.041341145833333336	0.061848958333333336
5	0.34326171875	0.4222005208333333	0.1630859375	0.4270833333333333
