0	1.1393229166666667	0.7041666666666667	0.10633680555555555	0.7041666666666667
8	0.3745659722222222	1.2475694444444445	0.03342013888888889	1.2475694444444445
0	1.1393229166666667	0.7041666666666667	0.10633680555555555	0.7041666666666667
8	0.3745659722222222	1.2475694444444445	0.03342013888888889	1.2475694444444445
8	0.1872829861111111	0.6237847222222223	0.03342013888888889	0.017708333333333333
0	0.5696614583333334	0.35208333333333336	0.10633680555555555	0.1284722222222222
13	0.8003472222222222	0.6354166666666666	0.024305555555555556	0.03888888888888889
0	0.5696614583333334	0.35208333333333336	0.10633680555555555	0.1284722222222222
8	0.1872829861111111	0.6237847222222223	0.03342013888888889	0.017708333333333333
3	0.5557725694444444	0.6211805555555555	0.3893229166666667	0.14097222222222222
