8	0.7482638888888888	0.44548611111111114	0.0390625	0.44548611111111114
8	1.5815972222222223	0.5940972222222223	0.013020833333333334	0.5940972222222223
2	1.5902777777777777	0.5930555555555556	0.014756944444444444	0.5930555555555556
8	0.7482638888888888	0.44548611111111114	0.0390625	0.44548611111111114
8	1.5815972222222223	0.5940972222222223	0.013020833333333334	0.5940972222222223
2	1.5902777777777777	0.5930555555555556	0.014756944444444444	0.5930555555555556
8	0.3741319444444444	0.22274305555555557	0.0390625	0.021875
8	0.7907986111111112	0.29704861111111114	0.013020833333333334	0.013541666666666667
2	0.7951388888888888	0.2965277777777778	0.014756944444444444	0.011805555555555555
8	0.3741319444444444	0.22274305555555557	0.0390625	0.021875
2	0.7951388888888888	0.2965277777777778	0.014756944444444444	0.011805555555555555
