3	1.1455078125	1.1704	0.3994140625	1.1704
11	1.1748046875	0.27	0.1279296875	0.27
11	0.7138671875	0.2356	0.123046875	0.2356
3	1.1455078125	1.1704	0.3994140625	1.1704
11	1.1748046875	0.27	0.1279296875	0.27
11	0.7138671875	0.2356	0.123046875	0.2356
3	0.57275390625	0.5852	0.3994140625	0.1848
11	0.58740234375	0.135	0.1279296875	0.0268
11	0.35693359375	0.1178	0.123046875	0.0244
3	0.57275390625	0.5852	0.3994140625	0.1848
11	0.58740234375	0.135	0.1279296875	0.0268
0	0.546142578125	0.2826	0.11572265625	0.0932
