13	1.637069922308546	0.7329732973297329	0.038845726970033294	0.7329732973297329
13	1.4642989271180171	0.7347734773477348	0.21753607103218647	0.7347734773477348
7	1.5960044395116537	0.6078607860786078	0.0340362560118387	0.6078607860786078
7	1.6096929337772845	0.8808880888088809	0.059563448020717724	0.8808880888088809
13	1.637069922308546	0.7329732973297329	0.038845726970033294	0.7329732973297329
13	1.4642989271180171	0.7347734773477348	0.21753607103218647	0.7347734773477348
7	1.5960044395116537	0.6078607860786078	0.0340362560118387	0.6078607860786078
7	1.6096929337772845	0.8808880888088809	0.059563448020717724	0.8808880888088809
13	0.818534961154273	0.36648664866486647	0.038845726970033294	0.021902190219021903
13	0.7321494635590086	0.3673867386738674	0.21753607103218647	0.19471947194719472
7	0.7980022197558269	0.3039303930393039	0.0340362560118387	0.027602760276027604
7	0.8048464668886423	0.44044404440444046	0.059563448020717724	0.056405640564056406
13	0.818534961154273	0.36648664866486647	0.038845726970033294	0.021902190219021903
7	0.7980022197558269	0.3039303930393039	0.0340362560118387	0.027602760276027604
9	0.5464298927118018	0.24392439243924394	0.01997780244173141	0.11941194119411941
