11	0.6341368584758943	0.2935073627844712	0.14346811819595645	0.2935073627844712
11	0.6469673405909798	0.28681392235609104	0.18818040435458788	0.28681392235609104
11	1.3005443234836702	0.31258366800535475	0.1333592534992224	0.31258366800535475
7	1.3040435458786936	0.7894912985274432	0.1469673405909798	0.7894912985274432
0	1.1236391912908243	0.5943775100401606	0.10653188180404355	0.5943775100401606
11	0.6341368584758943	0.2935073627844712	0.14346811819595645	0.2935073627844712
11	0.6469673405909798	0.28681392235609104	0.18818040435458788	0.28681392235609104
11	1.3005443234836702	0.31258366800535475	0.1333592534992224	0.31258366800535475
7	1.3040435458786936	0.7894912985274432	0.1469673405909798	0.7894912985274432
0	1.1236391912908243	0.5943775100401606	0.10653188180404355	0.5943775100401606
11	0.31706842923794715	0.1467536813922356	0.14346811819595645	0.023092369477911646
11	0.3234836702954899	0.14340696117804552	0.18818040435458788	0.07329317269076305
11	0.6502721617418351	0.15629183400267738	0.1333592534992224	0.0428380187416332
7	0.6520217729393468	0.3947456492637216	0.1469673405909798	0.17704149933065597
0	0.5618195956454122	0.2971887550200803	0.10653188180404355	0.09772423025435073
11	0.31706842923794715	0.1467536813922356	0.14346811819595645	0.023092369477911646
7	0.6520217729393468	0.3947456492637216	0.1469673405909798	0.17704149933065597
0	0.5618195956454122	0.2971887550200803	0.10653188180404355	0.09772423025435073
4	0.6547433903576982	0.38771753681392235	0.12830482115085537	0.1536144578313253
8	0.6520217729393468	0.3947456492637216	0.1469673405909798	0.17704149933065597
