11	0.5169270833333334	0.3902777777777778	0.08203125	0.3902777777777778
0	0.98046875	0.6548611111111111	0.09071180555555555	0.6548611111111111
3	1.0525173611111112	1.1045138888888888	0.3719618055555556	1.1045138888888888
11	0.5169270833333334	0.3902777777777778	0.08203125	0.3902777777777778
0	0.98046875	0.6548611111111111	0.09071180555555555	0.6548611111111111
3	1.0525173611111112	1.1045138888888888	0.3719618055555556	1.1045138888888888
11	0.2584635416666667	0.1951388888888889	0.08203125	0.02847222222222222
0	0.490234375	0.32743055555555556	0.09071180555555555	0.08611111111111111
3	0.5262586805555556	0.5522569444444444	0.3719618055555556	0.10729166666666666
11	0.2584635416666667	0.1951388888888889	0.08203125	0.02847222222222222
0	0.490234375	0.32743055555555556	0.09071180555555555	0.08611111111111111
3	0.5262586805555556	0.5522569444444444	0.3719618055555556	0.10729166666666666
