5	1.42456608811749	0.8490253007051016	0.3591455273698264	0.8490253007051016
5	0.5006675567423231	0.8299460804645376	0.19804183355585225	0.8299460804645376
8	0.45794392523364486	0.5209456656988801	0.08055184690698709	0.5209456656988801
8	0.5006675567423231	0.8299460804645376	0.19804183355585225	0.8299460804645376
8	1.4583889630618603	0.7192036499377852	0.21495327102803738	0.7192036499377852
2	0.2358700489541611	1.442554956449606	0.032932799287939477	1.442554956449606
2	1.074766355140187	0.5350476980506014	0.07699154428126391	0.5350476980506014
5	1.42456608811749	0.8490253007051016	0.3591455273698264	0.8490253007051016
5	0.5006675567423231	0.8299460804645376	0.19804183355585225	0.8299460804645376
8	0.45794392523364486	0.5209456656988801	0.08055184690698709	0.5209456656988801
8	0.5006675567423231	0.8299460804645376	0.19804183355585225	0.8299460804645376
8	1.4583889630618603	0.7192036499377852	0.21495327102803738	0.7192036499377852
2	0.2358700489541611	1.442554956449606	0.032932799287939477	1.442554956449606
2	1.074766355140187	0.5350476980506014	0.07699154428126391	0.5350476980506014
5	0.712283044058745	0.4245126503525508	0.3591455273698264	0.6540854417254252
5	0.25033377837116155	0.4149730402322688	0.19804183355585225	0.46744089589382
8	0.22897196261682243	0.26047283284944006	0.08055184690698709	0.05640812940688511
8	0.25033377837116155	0.4149730402322688	0.19804183355585225	0.46744089589382
8	0.7291944815309301	0.3596018249688926	0.21495327102803738	0.3981750311074243
2	0.11793502447708056	0.721277478224803	0.032932799287939477	0.026545002073828285
2	0.5373831775700935	0.2675238490253007	0.07699154428126391	0.05972625466611364
5	0.712283044058745	0.4245126503525508	0.3591455273698264	0.6540854417254252
8	0.22897196261682243	0.26047283284944006	0.08055184690698709	0.05640812940688511
2	0.11793502447708056	0.721277478224803	0.032932799287939477	0.026545002073828285
