0	1.046875	0.5744	0.119140625	0.5744
11	0.7001953125	0.216	0.197265625	0.216
11	1.5888671875	1.4968	0.037109375	1.4968
11	0.2255859375	1.504	0.0556640625	1.504
10	1.5888671875	1.4968	0.037109375	1.4968
10	0.21142578125	1.5276	0.05712890625	1.5276
9	0.94580078125	0.7912	0.18017578125	0.7912
0	1.046875	0.5744	0.119140625	0.5744
11	0.7001953125	0.216	0.197265625	0.216
11	1.5888671875	1.4968	0.037109375	1.4968
11	0.2255859375	1.504	0.0556640625	1.504
10	1.5888671875	1.4968	0.037109375	1.4968
10	0.21142578125	1.5276	0.05712890625	1.5276
9	0.94580078125	0.7912	0.18017578125	0.7912
0	0.5234375	0.2872	0.119140625	0.1232
11	0.35009765625	0.108	0.197265625	0.0432
11	0.79443359375	0.7484	0.037109375	0.1024
11	0.11279296875	0.752	0.0556640625	0.048
10	0.79443359375	0.7484	0.037109375	0.1024
10	0.105712890625	0.7638	0.05712890625	0.0572
9	0.472900390625	0.3956	0.18017578125	0.7304
0	0.5234375	0.2872	0.119140625	0.1232
11	0.35009765625	0.108	0.197265625	0.0432
10	0.79443359375	0.7484	0.037109375	0.1024
3	0.54296875	0.633	0.3828125	0.1324
9	0.472900390625	0.3956	0.18017578125	0.7304
