2	1.2571316920672138	0.582975915539426	0.023055881203595155	0.582975915539426
0	1.0824540836264165	0.6384031672715276	0.11410707307542009	0.6384031672715276
8	1.255959359124658	0.5796766743648961	0.02579132473622509	0.5796766743648961
2	1.2571316920672138	0.582975915539426	0.023055881203595155	0.582975915539426
0	1.0824540836264165	0.6384031672715276	0.11410707307542009	0.6384031672715276
8	1.255959359124658	0.5796766743648961	0.02579132473622509	0.5796766743648961
2	0.6285658460336069	0.291487957769713	0.023055881203595155	0.018145826459914218
0	0.5412270418132082	0.3192015836357638	0.11410707307542009	0.10260640052787859
8	0.627979679562329	0.28983833718244806	0.02579132473622509	0.02144506763444408
2	0.6285658460336069	0.291487957769713	0.023055881203595155	0.018145826459914218
0	0.5412270418132082	0.3192015836357638	0.11410707307542009	0.10260640052787859
8	0.627979679562329	0.28983833718244806	0.02579132473622509	0.02144506763444408
