0	1.2271653543307086	0.4860026041666667	0.12086614173228347	0.4860026041666667
13	1.5011811023622048	0.3186848958333333	0.047637795275590554	0.3186848958333333
3	1.2118110236220472	0.990234375	0.4196850393700787	0.990234375
0	1.2271653543307086	0.4860026041666667	0.12086614173228347	0.4860026041666667
13	1.5011811023622048	0.3186848958333333	0.047637795275590554	0.3186848958333333
3	1.2118110236220472	0.990234375	0.4196850393700787	0.990234375
0	0.6135826771653543	0.24300130208333334	0.12086614173228347	0.1103515625
13	0.7505905511811024	0.15934244791666666	0.047637795275590554	0.06477864583333333
3	0.6059055118110236	0.4951171875	0.4196850393700787	0.08072916666666667
0	0.6135826771653543	0.24300130208333334	0.12086614173228347	0.1103515625
13	0.7505905511811024	0.15934244791666666	0.047637795275590554	0.06477864583333333
3	0.6059055118110236	0.4951171875	0.4196850393700787	0.08072916666666667
2	0.7437007874015747	0.16162109375	0.04015748031496063	0.0537109375
8	0.7478346456692914	0.16064453125	0.042913385826771656	0.0615234375
9	0.7478346456692914	0.16064453125	0.042913385826771656	0.0615234375
