10	1.713779527559055	1.1891276041666667	0.08149606299212599	1.1891276041666667
11	1.713779527559055	1.1891276041666667	0.08149606299212599	1.1891276041666667
11	1.3192913385826772	0.24967447916666666	0.1374015748031496	0.24967447916666666
2	1.702755905511811	1.193359375	0.0562992125984252	1.193359375
10	1.713779527559055	1.1891276041666667	0.08149606299212599	1.1891276041666667
11	1.713779527559055	1.1891276041666667	0.08149606299212599	1.1891276041666667
11	1.3192913385826772	0.24967447916666666	0.1374015748031496	0.24967447916666666
2	1.702755905511811	1.193359375	0.0562992125984252	1.193359375
10	0.8568897637795275	0.5945638020833334	0.08149606299212599	0.14029947916666666
11	0.8568897637795275	0.5945638020833334	0.08149606299212599	0.14029947916666666
11	0.6596456692913386	0.12483723958333333	0.1374015748031496	0.021809895833333332
2	0.8513779527559056	0.5966796875	0.0562992125984252	0.07942708333333333
10	0.8568897637795275	0.5945638020833334	0.08149606299212599	0.14029947916666666
11	0.8568897637795275	0.5945638020833334	0.08149606299212599	0.14029947916666666
2	0.8513779527559056	0.5966796875	0.0562992125984252	0.07942708333333333
0	0.5811023622047244	0.2537434895833333	0.12125984251968504	0.0869140625
9	0.8594488188976378	0.60107421875	0.04488188976377953	0.07454427083333333
