3	1.0889756944444444	0.8805555555555555	0.4830729166666667	0.8805555555555555
0	1.0616319444444444	0.528125	0.1154513888888889	0.528125
11	1.5837673611111112	0.9982638888888888	0.08984375	0.9982638888888888
11	0.1449652777777778	1.0642361111111112	0.04600694444444445	1.0642361111111112
10	1.5837673611111112	0.9982638888888888	0.08984375	0.9982638888888888
10	0.1332465277777778	1.0336805555555555	0.0759548611111111	1.0336805555555555
3	1.0889756944444444	0.8805555555555555	0.4830729166666667	0.8805555555555555
0	1.0616319444444444	0.528125	0.1154513888888889	0.528125
11	1.5837673611111112	0.9982638888888888	0.08984375	0.9982638888888888
11	0.1449652777777778	1.0642361111111112	0.04600694444444445	1.0642361111111112
10	1.5837673611111112	0.9982638888888888	0.08984375	0.9982638888888888
10	0.1332465277777778	1.0336805555555555	0.0759548611111111	1.0336805555555555
3	0.5444878472222222	0.44027777777777777	0.4830729166666667	0.15694444444444444
0	0.5308159722222222	0.2640625	0.1154513888888889	0.09826388888888889
11	0.7918836805555556	0.4991319444444444	0.08984375	0.09131944444444444
11	0.0724826388888889	0.5321180555555556	0.04600694444444445	0.06493055555555556
10	0.7918836805555556	0.4991319444444444	0.08984375	0.09131944444444444
10	0.0666232638888889	0.5168402777777777	0.0759548611111111	0.065625
3	0.5444878472222222	0.44027777777777777	0.4830729166666667	0.15694444444444444
0	0.5308159722222222	0.2640625	0.1154513888888889	0.09826388888888889
11	0.7918836805555556	0.4991319444444444	0.08984375	0.09131944444444444
10	0.7918836805555556	0.4991319444444444	0.08984375	0.09131944444444444
