0	1.1295572916666667	0.6783854166666666	0.103515625	0.6783854166666666
13	0.6865234375	0.6608072916666666	0.14225260416666666	0.6608072916666666
13	0.58203125	0.5755208333333334	0.048177083333333336	0.5755208333333334
13	0.8626302083333334	0.40234375	0.11002604166666667	0.40234375
13	1.3684895833333333	0.5546875	0.029296875	0.5546875
0	1.1295572916666667	0.6783854166666666	0.103515625	0.6783854166666666
13	0.6865234375	0.6608072916666666	0.14225260416666666	0.6608072916666666
13	0.58203125	0.5755208333333334	0.048177083333333336	0.5755208333333334
13	0.8626302083333334	0.40234375	0.11002604166666667	0.40234375
13	1.3684895833333333	0.5546875	0.029296875	0.5546875
0	0.5647786458333334	0.3391927083333333	0.103515625	0.13411458333333334
13	0.34326171875	0.3304036458333333	0.14225260416666666	0.189453125
13	0.291015625	0.2877604166666667	0.048177083333333336	0.027994791666666668
13	0.4313151041666667	0.201171875	0.11002604166666667	0.052734375
13	0.6842447916666666	0.27734375	0.029296875	0.029947916666666668
0	0.5647786458333334	0.3391927083333333	0.103515625	0.13411458333333334
13	0.34326171875	0.3304036458333333	0.14225260416666666	0.189453125
11	0.4313151041666667	0.201171875	0.11002604166666667	0.052734375
9	0.2662760416666667	0.6261393229166666	0.10807291666666667	0.13899739583333334
7	0.2662760416666667	0.6261393229166666	0.10807291666666667	0.13899739583333334
