0	1.2002952755905512	0.6477695167286245	0.10875984251968504	0.6477695167286245
13	0.687007874015748	1.2221189591078068	0.03248031496062992	1.2221189591078068
13	1.6761811023622046	1.1524163568773234	0.04429133858267716	1.1524163568773234
3	1.204724409448819	1.1524163568773234	0.4389763779527559	1.1524163568773234
0	1.2002952755905512	0.6477695167286245	0.10875984251968504	0.6477695167286245
13	0.687007874015748	1.2221189591078068	0.03248031496062992	1.2221189591078068
13	1.6761811023622046	1.1524163568773234	0.04429133858267716	1.1524163568773234
3	1.204724409448819	1.1524163568773234	0.4389763779527559	1.1524163568773234
0	0.6001476377952756	0.32388475836431224	0.10875984251968504	0.1449814126394052
13	0.343503937007874	0.6110594795539034	0.03248031496062992	0.07156133828996282
13	0.8380905511811023	0.5762081784386617	0.04429133858267716	0.04925650557620818
3	0.6023622047244095	0.5762081784386617	0.4389763779527559	0.17472118959107807
0	0.6001476377952756	0.32388475836431224	0.10875984251968504	0.1449814126394052
13	0.343503937007874	0.6110594795539034	0.03248031496062992	0.07156133828996282
3	0.6023622047244095	0.5762081784386617	0.4389763779527559	0.17472118959107807
11	0.6833169291338582	0.11315055762081784	0.1687992125984252	0.05436802973977695
