7	0.5933159722222222	0.4444444444444444	0.1879340277777778	0.4444444444444444
7	0.5256076388888888	0.9065972222222223	0.2886284722222222	0.9065972222222223
11	0.5186631944444444	0.6975694444444445	0.3138020833333333	0.6975694444444445
11	0.2690972222222222	1.098263888888889	0.1232638888888889	1.098263888888889
10	0.4926215277777778	1.1010416666666667	0.2834201388888889	1.1010416666666667
10	0.2690972222222222	1.098263888888889	0.1232638888888889	1.098263888888889
10	0.4318576388888889	1.2340277777777777	0.2747395833333333	1.2340277777777777
7	0.5933159722222222	0.4444444444444444	0.1879340277777778	0.4444444444444444
7	0.5256076388888888	0.9065972222222223	0.2886284722222222	0.9065972222222223
11	0.5186631944444444	0.6975694444444445	0.3138020833333333	0.6975694444444445
11	0.2690972222222222	1.098263888888889	0.1232638888888889	1.098263888888889
10	0.4926215277777778	1.1010416666666667	0.2834201388888889	1.1010416666666667
10	0.2690972222222222	1.098263888888889	0.1232638888888889	1.098263888888889
10	0.4318576388888889	1.2340277777777777	0.2747395833333333	1.2340277777777777
7	0.2966579861111111	0.2222222222222222	0.1879340277777778	0.07777777777777778
7	0.2628038194444444	0.45329861111111114	0.2886284722222222	0.2982638888888889
11	0.2593315972222222	0.34878472222222223	0.3138020833333333	0.3107638888888889
11	0.1345486111111111	0.5491319444444445	0.1232638888888889	0.16493055555555555
10	0.2463107638888889	0.5505208333333333	0.2834201388888889	0.18506944444444445
10	0.1345486111111111	0.5491319444444445	0.1232638888888889	0.16493055555555555
10	0.21592881944444445	0.6170138888888889	0.2747395833333333	0.07430555555555556
10	0.2463107638888889	0.5505208333333333	0.2834201388888889	0.18506944444444445
7	0.2966579861111111	0.2222222222222222	0.1879340277777778	0.07777777777777778
11	0.2593315972222222	0.34878472222222223	0.3138020833333333	0.3107638888888889
4	0.2628038194444444	0.45329861111111114	0.2886284722222222	0.2982638888888889
