11	1.313047711781889	0.18475403680060082	0.17770204479065238	0.18475403680060082
11	0.6236611489776047	0.21141569658280135	0.18938656280428431	0.21141569658280135
0	1.082765335929893	0.7555388659406684	0.37195715676728336	0.7555388659406684
11	1.313047711781889	0.18475403680060082	0.17770204479065238	0.18475403680060082
11	0.6236611489776047	0.21141569658280135	0.18938656280428431	0.21141569658280135
0	1.082765335929893	0.7555388659406684	0.37195715676728336	0.7555388659406684
0	0.5413826679649465	0.3777694329703342	0.37195715676728336	0.2733758918512955
11	0.6565238558909445	0.09237701840030041	0.17770204479065238	0.048817123544874205
11	0.31183057448880236	0.10570784829140067	0.18938656280428431	0.05970709725873075
11	0.6565238558909445	0.09237701840030041	0.17770204479065238	0.048817123544874205
13	0.21689386562804283	0.19376642883965453	0.11538461538461539	0.05257228689447991
0	0.5413826679649465	0.3777694329703342	0.37195715676728336	0.2733758918512955
