13	1.5503472222222223	0.9982638888888888	0.18663194444444445	0.9982638888888888
0	1.1983506944444444	0.6805555555555556	0.07942708333333333	0.6805555555555556
10	1.6866319444444444	1.1458333333333333	0.09288194444444445	1.1458333333333333
13	1.5503472222222223	0.9982638888888888	0.18663194444444445	0.9982638888888888
0	1.1983506944444444	0.6805555555555556	0.07942708333333333	0.6805555555555556
10	1.6866319444444444	1.1458333333333333	0.09288194444444445	1.1458333333333333
13	0.7751736111111112	0.4991319444444444	0.18663194444444445	0.03229166666666667
0	0.5991753472222222	0.3402777777777778	0.07942708333333333	0.06666666666666667
10	0.8433159722222222	0.5729166666666666	0.09288194444444445	0.12638888888888888
13	0.7751736111111112	0.4991319444444444	0.18663194444444445	0.03229166666666667
3	0.6098090277777778	0.5755208333333334	0.4097222222222222	0.12465277777777778
0	0.5991753472222222	0.3402777777777778	0.07942708333333333	0.06666666666666667
10	0.8433159722222222	0.5729166666666666	0.09288194444444445	0.12638888888888888
