0	1.1165254237288136	0.6992455418381345	0.14364406779661018	0.6992455418381345
11	1.6241525423728813	1.25480109739369	0.09957627118644068	1.25480109739369
9	0.8703389830508474	0.7901234567901234	0.15338983050847457	0.7901234567901234
9	1.4563559322033899	1.323045267489712	0.2538135593220339	1.323045267489712
2	1.6241525423728813	1.25480109739369	0.09957627118644068	1.25480109739369
0	1.1165254237288136	0.6992455418381345	0.14364406779661018	0.6992455418381345
11	1.6241525423728813	1.25480109739369	0.09957627118644068	1.25480109739369
9	0.8703389830508474	0.7901234567901234	0.15338983050847457	0.7901234567901234
9	1.4563559322033899	1.323045267489712	0.2538135593220339	1.323045267489712
2	1.6241525423728813	1.25480109739369	0.09957627118644068	1.25480109739369
9	0.4351694915254237	0.3950617283950617	0.15338983050847457	0.43072702331961593
9	0.7281779661016949	0.661522633744856	0.2538135593220339	0.07133058984910837
2	0.8120762711864407	0.627400548696845	0.09957627118644068	0.24588477366255143
0	0.5582627118644068	0.34962277091906724	0.14364406779661018	0.1670096021947874
11	0.8120762711864407	0.627400548696845	0.09957627118644068	0.24588477366255143
0	0.5582627118644068	0.34962277091906724	0.14364406779661018	0.1670096021947874
11	0.8120762711864407	0.627400548696845	0.09957627118644068	0.24588477366255143
13	0.7741525423728813	0.5152606310013718	0.06610169491525424	0.044238683127572016
9	0.4351694915254237	0.3950617283950617	0.15338983050847457	0.43072702331961593
2	0.8120762711864407	0.627400548696845	0.09957627118644068	0.24588477366255143
3	0.5444915254237288	0.6565500685871056	0.41271186440677965	0.1649519890260631
7	0.7561440677966101	0.3036694101508916	0.09110169491525423	0.11488340192043896
