0	1.1065137238836542	0.7464080459770115	0.12412945514133551	0.7464080459770115
3	1.156493240475215	1.4507902298850575	0.6091765669807456	1.4507902298850575
7	0.7488734125358459	0.7306034482758621	0.10077836952068825	0.7306034482758621
7	0.3875460876689881	1.3746408045977012	0.24088488324457188	1.3746408045977012
0	1.1065137238836542	0.7464080459770115	0.12412945514133551	0.7464080459770115
3	1.156493240475215	1.4507902298850575	0.6091765669807456	1.4507902298850575
7	0.7488734125358459	0.7306034482758621	0.10077836952068825	0.7306034482758621
7	0.3875460876689881	1.3746408045977012	0.24088488324457188	1.3746408045977012
0	0.5532568619418271	0.37320402298850575	0.12412945514133551	0.13864942528735633
3	0.5782466202376075	0.7253951149425287	0.6091765669807456	0.19073275862068967
7	0.37443670626792297	0.36530172413793105	0.10077836952068825	0.2471264367816092
7	0.19377304383449406	0.6873204022988506	0.24088488324457188	0.21875
0	0.5532568619418271	0.37320402298850575	0.12412945514133551	0.13864942528735633
3	0.5782466202376075	0.7253951149425287	0.6091765669807456	0.19073275862068967
7	0.37443670626792297	0.36530172413793105	0.10077836952068825	0.2471264367816092
