0	1.1685633001422475	0.6923347398030942	0.11806543385490754	0.6923347398030942
11	1.273470839260313	0.3111814345991561	0.07076813655761025	0.3111814345991561
11	0.7759601706970128	0.2893811533052039	0.12091038406827881	0.2893811533052039
3	1.2393314366998578	1.3189170182841068	0.43563300142247513	1.3189170182841068
0	1.1685633001422475	0.6923347398030942	0.11806543385490754	0.6923347398030942
11	1.273470839260313	0.3111814345991561	0.07076813655761025	0.3111814345991561
11	0.7759601706970128	0.2893811533052039	0.12091038406827881	0.2893811533052039
3	1.2393314366998578	1.3189170182841068	0.43563300142247513	1.3189170182841068
0	0.5842816500711238	0.3461673699015471	0.11806543385490754	0.12271448663853728
11	0.6367354196301565	0.15559071729957805	0.07076813655761025	0.020745428973277073
11	0.3879800853485064	0.14469057665260196	0.12091038406827881	0.03551336146272855
3	0.6196657183499289	0.6594585091420534	0.43563300142247513	0.21132208157524612
7	0.37197724039829305	0.6306258790436006	0.09246088193456614	0.13748241912798875
0	0.5842816500711238	0.3461673699015471	0.11806543385490754	0.12271448663853728
11	0.6367354196301565	0.15559071729957805	0.07076813655761025	0.020745428973277073
3	0.6196657183499289	0.6594585091420534	0.43563300142247513	0.21132208157524612
