5	1.4749348958333333	0.9166666666666666	0.1435546875	0.9166666666666666
5	0.5966796875	0.9222005208333334	0.15592447916666666	0.9222005208333334
9	1.4358723958333333	0.919921875	0.14095052083333334	0.919921875
9	0.5966796875	0.9222005208333334	0.15592447916666666	0.9222005208333334
5	1.4749348958333333	0.9166666666666666	0.1435546875	0.9166666666666666
5	0.5966796875	0.9222005208333334	0.15592447916666666	0.9222005208333334
9	1.4358723958333333	0.919921875	0.14095052083333334	0.919921875
9	0.5966796875	0.9222005208333334	0.15592447916666666	0.9222005208333334
5	0.7374674479166666	0.4583333333333333	0.1435546875	0.3802083333333333
5	0.29833984375	0.4611002604166667	0.15592447916666666	0.3258463541666667
9	0.7179361979166666	0.4599609375	0.14095052083333334	0.259765625
9	0.29833984375	0.4611002604166667	0.15592447916666666	0.3258463541666667
5	0.7374674479166666	0.4583333333333333	0.1435546875	0.3802083333333333
9	0.7179361979166666	0.4599609375	0.14095052083333334	0.259765625
11	0.4005533854166667	0.11328125	0.06998697916666667	0.020833333333333332
