13	0.7313341493268054	0.4204406364749082	0.16585067319461444	0.4204406364749082
13	1.342717258261934	0.4528763769889841	0.23684210526315788	0.4528763769889841
11	0.7545899632802937	0.2291921664626683	0.12851897184822522	0.2291921664626683
11	1.2255201958384332	0.21328029375764995	0.12025703794369645	0.21328029375764995
0	1.1484088127294982	0.44583843329253364	0.09577723378212974	0.44583843329253364
6	1.342717258261934	0.4528763769889841	0.23684210526315788	0.4528763769889841
6	0.7763157894736842	0.3788249694002448	0.1741126070991432	0.3788249694002448
13	0.7313341493268054	0.4204406364749082	0.16585067319461444	0.4204406364749082
13	1.342717258261934	0.4528763769889841	0.23684210526315788	0.4528763769889841
11	0.7545899632802937	0.2291921664626683	0.12851897184822522	0.2291921664626683
11	1.2255201958384332	0.21328029375764995	0.12025703794369645	0.21328029375764995
0	1.1484088127294982	0.44583843329253364	0.09577723378212974	0.44583843329253364
6	1.342717258261934	0.4528763769889841	0.23684210526315788	0.4528763769889841
6	0.7763157894736842	0.3788249694002448	0.1741126070991432	0.3788249694002448
13	0.3656670746634027	0.2102203182374541	0.16585067319461444	0.19645042839657284
13	0.671358629130967	0.22643818849449204	0.23684210526315788	0.2441860465116279
11	0.37729498164014685	0.11459608323133415	0.12851897184822522	0.04375764993880049
11	0.6127600979192166	0.10664014687882498	0.12025703794369645	0.040085679314565484
0	0.5742044063647491	0.22291921664626682	0.09577723378212974	0.10679314565483476
6	0.671358629130967	0.22643818849449204	0.23684210526315788	0.2441860465116279
6	0.3881578947368421	0.1894124847001224	0.1741126070991432	0.12607099143206854
13	0.3656670746634027	0.2102203182374541	0.16585067319461444	0.19645042839657284
11	0.37729498164014685	0.11459608323133415	0.12851897184822522	0.04375764993880049
0	0.5742044063647491	0.22291921664626682	0.09577723378212974	0.10679314565483476
6	0.671358629130967	0.22643818849449204	0.23684210526315788	0.2441860465116279
