7	1.4633879781420764	0.8298538622129437	0.32750455373406195	0.8298538622129437
7	0.6229508196721312	0.8907446068197634	0.20837887067395264	0.8907446068197634
6	1.4666666666666666	0.8364648573416841	0.2863387978142076	0.8364648573416841
10	0.4994535519125683	0.8409881697981907	0.33406193078324226	0.8409881697981907
7	1.4633879781420764	0.8298538622129437	0.32750455373406195	0.8298538622129437
7	0.6229508196721312	0.8907446068197634	0.20837887067395264	0.8907446068197634
6	1.4666666666666666	0.8364648573416841	0.2863387978142076	0.8364648573416841
10	0.4994535519125683	0.8409881697981907	0.33406193078324226	0.8409881697981907
10	0.24972677595628415	0.42049408489909534	0.33406193078324226	0.4902574808629088
7	0.7316939890710382	0.41492693110647183	0.32750455373406195	0.5445372303409882
7	0.3114754098360656	0.4453723034098817	0.20837887067395264	0.3242867084203201
6	0.7333333333333333	0.41823242867084204	0.2863387978142076	0.3618649965205289
7	0.7316939890710382	0.41492693110647183	0.32750455373406195	0.5445372303409882
6	0.7333333333333333	0.41823242867084204	0.2863387978142076	0.3618649965205289
8	0.3111111111111111	0.4328462073764788	0.17632058287795993	0.32707028531663185
10	0.24972677595628415	0.42049408489909534	0.33406193078324226	0.4902574808629088
5	0.74408014571949	0.37334725121781487	0.25901639344262295	0.4913013221990257
