0	1.1340425531914893	0.7223032069970845	0.11631205673758865	0.7223032069970845
3	1.224113475177305	1.5123906705539358	0.43546099290780144	1.5123906705539358
0	1.1340425531914893	0.7223032069970845	0.11631205673758865	0.7223032069970845
3	1.224113475177305	1.5123906705539358	0.43546099290780144	1.5123906705539358
0	0.5670212765957446	0.36115160349854225	0.11631205673758865	0.12099125364431487
3	0.6120567375886525	0.7561953352769679	0.43546099290780144	0.14504373177842567
7	0.14893617021276595	0.7565597667638484	0.04893617021276596	0.04956268221574344
0	0.5670212765957446	0.36115160349854225	0.11631205673758865	0.12099125364431487
3	0.6120567375886525	0.7561953352769679	0.43546099290780144	0.14504373177842567
8	0.1450354609929078	0.76567055393586	0.04680851063829787	0.043002915451895045
