3	1.0571325907294287	1.3696969696969696	0.5871361839741286	1.3696969696969696
4	1.3582464965864176	0.7935606060606061	0.12576356449874238	0.7935606060606061
10	1.6672655407833274	1.3545454545454545	0.19044196909809558	1.3545454545454545
10	0.16600790513833993	1.6015151515151516	0.045993532159540065	1.6015151515151516
0	1.123607617678764	0.7738636363636363	0.1390585698886094	0.7738636363636363
3	1.0571325907294287	1.3696969696969696	0.5871361839741286	1.3696969696969696
4	1.3582464965864176	0.7935606060606061	0.12576356449874238	0.7935606060606061
10	1.6672655407833274	1.3545454545454545	0.19044196909809558	1.3545454545454545
10	0.16600790513833993	1.6015151515151516	0.045993532159540065	1.6015151515151516
0	1.123607617678764	0.7738636363636363	0.1390585698886094	0.7738636363636363
3	0.5285662953647143	0.6848484848484848	0.5871361839741286	0.21893939393939393
4	0.6791232482932088	0.39678030303030304	0.12576356449874238	0.25946969696969696
10	0.8336327703916637	0.6772727272727272	0.19044196909809558	0.24924242424242424
10	0.08300395256916997	0.8007575757575758	0.045993532159540065	0.09696969696969697
0	0.561803808839382	0.38693181818181815	0.1390585698886094	0.17462121212121212
3	0.5285662953647143	0.6848484848484848	0.5871361839741286	0.21893939393939393
11	0.08300395256916997	0.8007575757575758	0.045993532159540065	0.09696969696969697
4	0.6791232482932088	0.39678030303030304	0.12576356449874238	0.25946969696969696
10	0.8336327703916637	0.6772727272727272	0.19044196909809558	0.24924242424242424
0	0.561803808839382	0.38693181818181815	0.1390585698886094	0.17462121212121212
