11	0.6981424148606811	0.2714765100671141	0.17569659442724458	0.2714765100671141
11	1.3037925696594428	0.2674496644295302	0.1513157894736842	0.2674496644295302
13	1.5158668730650156	0.6506711409395973	0.15595975232198142	0.6506711409395973
0	1.1671826625386996	0.7187919463087248	0.11764705882352941	0.7187919463087248
3	1.1726006191950464	1.4379194630872483	0.4729102167182663	1.4379194630872483
5	1.498452012383901	1.171476510067114	0.2306501547987616	1.171476510067114
5	0.46400928792569657	1.3040268456375839	0.19388544891640866	1.3040268456375839
11	0.6981424148606811	0.2714765100671141	0.17569659442724458	0.2714765100671141
11	1.3037925696594428	0.2674496644295302	0.1513157894736842	0.2674496644295302
13	1.5158668730650156	0.6506711409395973	0.15595975232198142	0.6506711409395973
0	1.1671826625386996	0.7187919463087248	0.11764705882352941	0.7187919463087248
3	1.1726006191950464	1.4379194630872483	0.4729102167182663	1.4379194630872483
5	1.498452012383901	1.171476510067114	0.2306501547987616	1.171476510067114
5	0.46400928792569657	1.3040268456375839	0.19388544891640866	1.3040268456375839
11	0.34907120743034054	0.13573825503355705	0.17569659442724458	0.049328859060402686
11	0.6518962848297214	0.1337248322147651	0.1513157894736842	0.04463087248322148
13	0.7579334365325078	0.32533557046979866	0.15595975232198142	0.07416107382550335
0	0.5835913312693498	0.3593959731543624	0.11764705882352941	0.138255033557047
3	0.5863003095975232	0.7189597315436241	0.4729102167182663	0.16879194630872482
5	0.7492260061919505	0.585738255033557	0.2306501547987616	0.2909395973154362
5	0.23200464396284828	0.6520134228187919	0.19388544891640866	0.13557046979865772
11	0.34907120743034054	0.13573825503355705	0.17569659442724458	0.049328859060402686
13	0.7579334365325078	0.32533557046979866	0.15595975232198142	0.07416107382550335
0	0.5835913312693498	0.3593959731543624	0.11764705882352941	0.138255033557047
3	0.5863003095975232	0.7189597315436241	0.4729102167182663	0.16879194630872482
5	0.7492260061919505	0.585738255033557	0.2306501547987616	0.2909395973154362
