12	1.3797743055555556	0.721875	0.2677951388888889	0.721875
10	1.6814236111111112	1.7347222222222223	0.0546875	1.7347222222222223
11	1.6814236111111112	1.7347222222222223	0.0546875	1.7347222222222223
12	1.3797743055555556	0.721875	0.2677951388888889	0.721875
10	1.6814236111111112	1.7347222222222223	0.0546875	1.7347222222222223
11	1.6814236111111112	1.7347222222222223	0.0546875	1.7347222222222223
12	0.6898871527777778	0.3609375	0.2677951388888889	0.1996527777777778
10	0.8407118055555556	0.8673611111111111	0.0546875	0.06666666666666667
11	0.8407118055555556	0.8673611111111111	0.0546875	0.06666666666666667
12	0.6898871527777778	0.3609375	0.2677951388888889	0.1996527777777778
10	0.8407118055555556	0.8673611111111111	0.0546875	0.06666666666666667
11	0.8407118055555556	0.8673611111111111	0.0546875	0.06666666666666667
