0	1.1587121212121212	0.5648508430609598	0.0875	0.5648508430609598
9	0.48598484848484846	0.5538261997405967	0.043560606060606064	0.5538261997405967
0	1.1587121212121212	0.5648508430609598	0.0875	0.5648508430609598
9	0.48598484848484846	0.5538261997405967	0.043560606060606064	0.5538261997405967
0	0.5793560606060606	0.2824254215304799	0.0875	0.11413748378728923
9	0.24299242424242423	0.27691309987029833	0.043560606060606064	0.038910505836575876
0	0.5793560606060606	0.2824254215304799	0.0875	0.11413748378728923
9	0.24299242424242423	0.27691309987029833	0.043560606060606064	0.038910505836575876
7	0.2471590909090909	0.2773994811932555	0.0428030303030303	0.04182879377431906
2	0.24261363636363636	0.2783722438391699	0.043560606060606064	0.03728923476005188
