13	0.7992125984251969	0.3248697916666667	0.051181102362204724	0.3248697916666667
13	1.3562992125984252	0.4947916666666667	0.07519685039370079	0.4947916666666667
11	1.5921259842519686	0.3268229166666667	0.07401574803149606	0.3268229166666667
11	1.4653543307086614	0.2952473958333333	0.21338582677165355	0.2952473958333333
11	0.2437007874015748	1.3531901041666667	0.05708661417322835	1.3531901041666667
11	0.7413385826771653	0.3203125	0.2452755905511811	0.3203125
11	0.7015748031496063	0.3343098958333333	0.15433070866141732	0.3343098958333333
7	0.7015748031496063	0.3343098958333333	0.15433070866141732	0.3343098958333333
7	0.7992125984251969	0.3248697916666667	0.051181102362204724	0.3248697916666667
13	0.7992125984251969	0.3248697916666667	0.051181102362204724	0.3248697916666667
13	1.3562992125984252	0.4947916666666667	0.07519685039370079	0.4947916666666667
11	1.5921259842519686	0.3268229166666667	0.07401574803149606	0.3268229166666667
11	1.4653543307086614	0.2952473958333333	0.21338582677165355	0.2952473958333333
11	0.2437007874015748	1.3531901041666667	0.05708661417322835	1.3531901041666667
11	0.7413385826771653	0.3203125	0.2452755905511811	0.3203125
11	0.7015748031496063	0.3343098958333333	0.15433070866141732	0.3343098958333333
7	0.7015748031496063	0.3343098958333333	0.15433070866141732	0.3343098958333333
7	0.7992125984251969	0.3248697916666667	0.051181102362204724	0.3248697916666667
13	0.39960629921259844	0.16243489583333334	0.051181102362204724	0.040364583333333336
13	0.6781496062992126	0.24739583333333334	0.07519685039370079	0.23958333333333334
11	0.7960629921259843	0.16341145833333334	0.07401574803149606	0.054036458333333336
11	0.7326771653543307	0.14762369791666666	0.21338582677165355	0.0771484375
11	0.1218503937007874	0.6765950520833334	0.05708661417322835	0.052408854166666664
11	0.3706692913385827	0.16015625	0.2452755905511811	0.078125
11	0.35078740157480315	0.16715494791666666	0.15433070866141732	0.027669270833333332
7	0.35078740157480315	0.16715494791666666	0.15433070866141732	0.027669270833333332
7	0.39960629921259844	0.16243489583333334	0.051181102362204724	0.040364583333333336
13	0.39960629921259844	0.16243489583333334	0.051181102362204724	0.040364583333333336
11	0.7960629921259843	0.16341145833333334	0.07401574803149606	0.054036458333333336
3	0.6301181102362204	0.5888671875	0.4311023622047244	0.134765625
7	0.35078740157480315	0.16715494791666666	0.15433070866141732	0.027669270833333332
10	0.1218503937007874	0.6765950520833334	0.05708661417322835	0.052408854166666664
0	0.5931102362204724	0.2657877604166667	0.11299212598425197	0.13834635416666666
