10	0.3896484375	1.5338541666666667	0.035481770833333336	1.5338541666666667
10	1.541015625	1.5983072916666667	0.037760416666666664	1.5983072916666667
6	0.623046875	0.9215494791666666	0.1484375	0.9215494791666666
6	1.4563802083333333	1.3551432291666667	0.095703125	1.3551432291666667
13	0.623046875	0.9215494791666666	0.1484375	0.9215494791666666
13	1.4563802083333333	1.3551432291666667	0.095703125	1.3551432291666667
13	1.4290364583333333	1.3115234375	0.14583333333333334	1.3115234375
11	0.5478515625	0.6168619791666666	0.06673177083333333	0.6168619791666666
11	1.541015625	1.5983072916666667	0.037760416666666664	1.5983072916666667
11	0.3896484375	1.5338541666666667	0.035481770833333336	1.5338541666666667
9	0.5478515625	0.6168619791666666	0.06673177083333333	0.6168619791666666
9	0.623046875	0.9215494791666666	0.1484375	0.9215494791666666
9	1.4527994791666667	1.4147135416666667	0.0849609375	1.4147135416666667
10	0.3896484375	1.5338541666666667	0.035481770833333336	1.5338541666666667
10	1.541015625	1.5983072916666667	0.037760416666666664	1.5983072916666667
6	0.623046875	0.9215494791666666	0.1484375	0.9215494791666666
6	1.4563802083333333	1.3551432291666667	0.095703125	1.3551432291666667
13	0.623046875	0.9215494791666666	0.1484375	0.9215494791666666
13	1.4563802083333333	1.3551432291666667	0.095703125	1.3551432291666667
13	1.4290364583333333	1.3115234375	0.14583333333333334	1.3115234375
11	0.5478515625	0.6168619791666666	0.06673177083333333	0.6168619791666666
11	1.541015625	1.5983072916666667	0.037760416666666664	1.5983072916666667
11	0.3896484375	1.5338541666666667	0.035481770833333336	1.5338541666666667
9	0.5478515625	0.6168619791666666	0.06673177083333333	0.6168619791666666
9	0.623046875	0.9215494791666666	0.1484375	0.9215494791666666
9	1.4527994791666667	1.4147135416666667	0.0849609375	1.4147135416666667
10	0.19482421875	0.7669270833333334	0.035481770833333336	0.048177083333333336
10	0.7705078125	0.7991536458333334	0.037760416666666664	0.059895833333333336
6	0.3115234375	0.4607747395833333	0.1484375	0.2470703125
6	0.7281901041666666	0.6775716145833334	0.095703125	0.1689453125
13	0.3115234375	0.4607747395833333	0.1484375	0.2470703125
13	0.7281901041666666	0.6775716145833334	0.095703125	0.1689453125
13	0.7145182291666666	0.65576171875	0.14583333333333334	0.0380859375
11	0.27392578125	0.3084309895833333	0.06673177083333333	0.2138671875
11	0.7705078125	0.7991536458333334	0.037760416666666664	0.059895833333333336
11	0.19482421875	0.7669270833333334	0.035481770833333336	0.048177083333333336
9	0.27392578125	0.3084309895833333	0.06673177083333333	0.2138671875
9	0.3115234375	0.4607747395833333	0.1484375	0.2470703125
9	0.7263997395833334	0.7073567708333334	0.0849609375	0.07552083333333333
5	0.7281901041666666	0.6775716145833334	0.095703125	0.1689453125
13	0.3115234375	0.4607747395833333	0.1484375	0.2470703125
11	0.27392578125	0.3084309895833333	0.06673177083333333	0.2138671875
9	0.27392578125	0.3084309895833333	0.06673177083333333	0.2138671875
10	0.19482421875	0.7669270833333334	0.035481770833333336	0.048177083333333336
6	0.3115234375	0.4607747395833333	0.1484375	0.2470703125
