0	1.0642361111111112	0.6010416666666667	0.12760416666666666	0.6010416666666667
0	0.9600694444444444	0.7190972222222223	0.2282986111111111	0.7190972222222223
3	1.0685763888888888	1.1420138888888889	0.3576388888888889	1.1420138888888889
0	1.0642361111111112	0.6010416666666667	0.12760416666666666	0.6010416666666667
0	0.9600694444444444	0.7190972222222223	0.2282986111111111	0.7190972222222223
3	1.0685763888888888	1.1420138888888889	0.3576388888888889	1.1420138888888889
0	0.5321180555555556	0.30052083333333335	0.12760416666666666	0.08020833333333334
0	0.4800347222222222	0.35954861111111114	0.2282986111111111	0.19131944444444443
3	0.5342881944444444	0.5710069444444444	0.3576388888888889	0.1232638888888889
0	0.5321180555555556	0.30052083333333335	0.12760416666666666	0.08020833333333334
3	0.5342881944444444	0.5710069444444444	0.3576388888888889	0.1232638888888889
