0	1.09619140625	0.7768	0.12060546875	0.7768
11	1.30078125	0.4168	0.1044921875	0.4168
11	0.7626953125	0.4308	0.0810546875	0.4308
3	1.1748046875	1.4236	0.474609375	1.4236
0	1.09619140625	0.7768	0.12060546875	0.7768
11	1.30078125	0.4168	0.1044921875	0.4168
11	0.7626953125	0.4308	0.0810546875	0.4308
3	1.1748046875	1.4236	0.474609375	1.4236
0	0.548095703125	0.3884	0.12060546875	0.1192
11	0.650390625	0.2084	0.1044921875	0.028
11	0.38134765625	0.2154	0.0810546875	0.0148
3	0.58740234375	0.7118	0.474609375	0.1124
0	0.548095703125	0.3884	0.12060546875	0.1192
11	0.650390625	0.2084	0.1044921875	0.028
3	0.58740234375	0.7118	0.474609375	0.1124
9	0.141845703125	0.8168	0.10888671875	0.0952
