11	0.6057389937106918	0.4031117397454031	0.13168238993710693	0.4031117397454031
11	1.5070754716981132	0.4448373408769448	0.07861635220125786	0.4448373408769448
11	0.6080974842767296	1.3755304101838755	0.08844339622641509	1.3755304101838755
0	1.1678459119496856	0.7966760961810466	0.16470125786163523	0.7966760961810466
13	0.5931603773584906	0.5876944837340877	0.19221698113207547	0.5876944837340877
11	0.6057389937106918	0.4031117397454031	0.13168238993710693	0.4031117397454031
11	1.5070754716981132	0.4448373408769448	0.07861635220125786	0.4448373408769448
11	0.6080974842767296	1.3755304101838755	0.08844339622641509	1.3755304101838755
0	1.1678459119496856	0.7966760961810466	0.16470125786163523	0.7966760961810466
13	0.5931603773584906	0.5876944837340877	0.19221698113207547	0.5876944837340877
11	0.3028694968553459	0.20155586987270155	0.13168238993710693	0.06152758132956153
11	0.7535377358490566	0.2224186704384724	0.07861635220125786	0.07637906647807638
11	0.3040487421383648	0.6877652050919377	0.08844339622641509	0.04314002828854314
0	0.5839229559748428	0.3983380480905233	0.16470125786163523	0.2004950495049505
13	0.2965801886792453	0.29384724186704386	0.19221698113207547	0.1958981612446959
0	0.5839229559748428	0.3983380480905233	0.16470125786163523	0.2004950495049505
13	0.2965801886792453	0.29384724186704386	0.19221698113207547	0.1958981612446959
6	0.2965801886792453	0.29384724186704386	0.19221698113207547	0.1958981612446959
11	0.3028694968553459	0.20155586987270155	0.13168238993710693	0.06152758132956153
