13	0.4470486111111111	0.4822916666666667	0.14322916666666666	0.4822916666666667
13	1.4431423611111112	0.6583333333333333	0.08289930555555555	0.6583333333333333
13	0.4370659722222222	0.6913194444444445	0.1818576388888889	0.6913194444444445
13	0.4288194444444444	0.3958333333333333	0.08333333333333333	0.3958333333333333
0	0.9361979166666666	0.6454861111111111	0.1332465277777778	0.6454861111111111
1	0.4370659722222222	0.6913194444444445	0.1818576388888889	0.6913194444444445
13	0.4470486111111111	0.4822916666666667	0.14322916666666666	0.4822916666666667
13	1.4431423611111112	0.6583333333333333	0.08289930555555555	0.6583333333333333
13	0.4370659722222222	0.6913194444444445	0.1818576388888889	0.6913194444444445
13	0.4288194444444444	0.3958333333333333	0.08333333333333333	0.3958333333333333
0	0.9361979166666666	0.6454861111111111	0.1332465277777778	0.6454861111111111
1	0.4370659722222222	0.6913194444444445	0.1818576388888889	0.6913194444444445
13	0.22352430555555555	0.24114583333333334	0.14322916666666666	0.1545138888888889
13	0.7215711805555556	0.32916666666666666	0.08289930555555555	0.034027777777777775
13	0.2185329861111111	0.34565972222222224	0.1818576388888889	0.10243055555555555
13	0.2144097222222222	0.19791666666666666	0.08333333333333333	0.0763888888888889
0	0.4680989583333333	0.32274305555555555	0.1332465277777778	0.13020833333333334
1	0.2185329861111111	0.34565972222222224	0.1818576388888889	0.10243055555555555
13	0.22352430555555555	0.24114583333333334	0.14322916666666666	0.1545138888888889
10	0.05360243055555555	0.675	0.04296875	0.03819444444444445
0	0.4680989583333333	0.32274305555555555	0.1332465277777778	0.13020833333333334
1	0.2185329861111111	0.34565972222222224	0.1818576388888889	0.10243055555555555
11	0.05360243055555555	0.675	0.04296875	0.03819444444444445
