8	0.6701183431952663	0.3114596670934699	0.028846153846153848	0.3114596670934699
8	1.6638313609467457	0.9414212548015365	0.012943786982248521	0.9414212548015365
11	0.6756656804733728	0.22951344430217668	0.16900887573964496	0.22951344430217668
0	1.1531065088757397	0.514404609475032	0.08431952662721894	0.514404609475032
13	0.6701183431952663	0.3114596670934699	0.028846153846153848	0.3114596670934699
8	0.6701183431952663	0.3114596670934699	0.028846153846153848	0.3114596670934699
8	1.6638313609467457	0.9414212548015365	0.012943786982248521	0.9414212548015365
11	0.6756656804733728	0.22951344430217668	0.16900887573964496	0.22951344430217668
0	1.1531065088757397	0.514404609475032	0.08431952662721894	0.514404609475032
13	0.6701183431952663	0.3114596670934699	0.028846153846153848	0.3114596670934699
8	0.33505917159763315	0.15572983354673495	0.028846153846153848	0.034891165172855315
8	0.8319156804733728	0.47071062740076824	0.012943786982248521	0.01120358514724712
11	0.3378328402366864	0.11475672215108834	0.16900887573964496	0.03297055057618438
0	0.5765532544378699	0.257202304737516	0.08431952662721894	0.0854673495518566
13	0.33505917159763315	0.15572983354673495	0.028846153846153848	0.034891165172855315
8	0.33505917159763315	0.15572983354673495	0.028846153846153848	0.034891165172855315
11	0.3378328402366864	0.11475672215108834	0.16900887573964496	0.03297055057618438
3	0.5686020710059172	0.5974711907810499	0.3842455621301775	0.15524967989756722
0	0.5765532544378699	0.257202304737516	0.08431952662721894	0.0854673495518566
13	0.33505917159763315	0.15572983354673495	0.028846153846153848	0.034891165172855315
2	0.3333949704142012	0.15492957746478872	0.03661242603550296	0.03329065300896287
