12	0.6402994791666666	0.87109375	0.2952473958333333	0.87109375
11	0.4033203125	1.5289713541666667	0.060221354166666664	1.5289713541666667
10	0.4026692708333333	1.5348307291666667	0.0576171875	1.5348307291666667
12	0.6402994791666666	0.87109375	0.2952473958333333	0.87109375
11	0.4033203125	1.5289713541666667	0.060221354166666664	1.5289713541666667
10	0.4026692708333333	1.5348307291666667	0.0576171875	1.5348307291666667
10	0.20133463541666666	0.7674153645833334	0.0576171875	0.07194010416666667
12	0.3201497395833333	0.435546875	0.2952473958333333	0.6536458333333334
11	0.20166015625	0.7644856770833334	0.060221354166666664	0.062174479166666664
12	0.3201497395833333	0.435546875	0.2952473958333333	0.6536458333333334
11	0.20166015625	0.7644856770833334	0.060221354166666664	0.062174479166666664
10	0.20133463541666666	0.7674153645833334	0.0576171875	0.07194010416666667
