11	1.7408854166666667	1.6072916666666666	0.07161458333333333	1.6072916666666666
11	0.2521701388888889	1.7944444444444445	0.047309027777777776	1.7944444444444445
10	1.7408854166666667	1.6072916666666666	0.07161458333333333	1.6072916666666666
10	0.2521701388888889	1.7944444444444445	0.047309027777777776	1.7944444444444445
13	0.5368923611111112	0.7152777777777778	0.13758680555555555	0.7152777777777778
13	0.3823784722222222	1.5454861111111111	0.1193576388888889	1.5454861111111111
13	1.2417534722222223	0.6704861111111111	0.12022569444444445	0.6704861111111111
0	1.0368923611111112	0.8371527777777777	0.12456597222222222	0.8371527777777777
11	1.7408854166666667	1.6072916666666666	0.07161458333333333	1.6072916666666666
11	0.2521701388888889	1.7944444444444445	0.047309027777777776	1.7944444444444445
10	1.7408854166666667	1.6072916666666666	0.07161458333333333	1.6072916666666666
10	0.2521701388888889	1.7944444444444445	0.047309027777777776	1.7944444444444445
13	0.5368923611111112	0.7152777777777778	0.13758680555555555	0.7152777777777778
13	0.3823784722222222	1.5454861111111111	0.1193576388888889	1.5454861111111111
13	1.2417534722222223	0.6704861111111111	0.12022569444444445	0.6704861111111111
0	1.0368923611111112	0.8371527777777777	0.12456597222222222	0.8371527777777777
11	0.8704427083333334	0.8036458333333333	0.07161458333333333	0.10590277777777778
11	0.12608506944444445	0.8972222222222223	0.047309027777777776	0.03263888888888889
10	0.8704427083333334	0.8036458333333333	0.07161458333333333	0.10590277777777778
10	0.12608506944444445	0.8972222222222223	0.047309027777777776	0.03263888888888889
13	0.2684461805555556	0.3576388888888889	0.13758680555555555	0.1527777777777778
13	0.1911892361111111	0.7727430555555556	0.1193576388888889	0.033680555555555554
13	0.6208767361111112	0.33524305555555556	0.12022569444444445	0.12256944444444444
0	0.5184461805555556	0.4185763888888889	0.12456597222222222	0.134375
10	0.8704427083333334	0.8036458333333333	0.07161458333333333	0.10590277777777778
13	0.2684461805555556	0.3576388888888889	0.13758680555555555	0.1527777777777778
0	0.5184461805555556	0.4185763888888889	0.12456597222222222	0.134375
9	0.2684461805555556	0.3576388888888889	0.13758680555555555	0.1527777777777778
11	0.8704427083333334	0.8036458333333333	0.07161458333333333	0.10590277777777778
