3	1.1123046875	1.2792	0.3857421875	1.2792
0	1.13232421875	0.616	0.10986328125	0.616
11	0.6728515625	0.3892	0.146484375	0.3892
11	1.29833984375	0.3884	0.10009765625	0.3884
9	0.90869140625	1.0972	0.16357421875	1.0972
3	1.1123046875	1.2792	0.3857421875	1.2792
0	1.13232421875	0.616	0.10986328125	0.616
11	0.6728515625	0.3892	0.146484375	0.3892
11	1.29833984375	0.3884	0.10009765625	0.3884
9	0.90869140625	1.0972	0.16357421875	1.0972
9	0.454345703125	0.5486	0.16357421875	0.346
3	0.55615234375	0.6396	0.3857421875	0.1536
0	0.566162109375	0.308	0.10986328125	0.0928
11	0.33642578125	0.1946	0.146484375	0.0564
11	0.649169921875	0.1942	0.10009765625	0.0236
3	0.55615234375	0.6396	0.3857421875	0.1536
0	0.566162109375	0.308	0.10986328125	0.0928
11	0.33642578125	0.1946	0.146484375	0.0564
9	0.454345703125	0.5486	0.16357421875	0.346
