2	1.66015625	0.8725694444444444	0.05078125	0.8725694444444444
2	1.4735243055555556	0.7413194444444444	0.08289930555555555	0.7413194444444444
2	0.4045138888888889	0.7392361111111111	0.036458333333333336	0.7392361111111111
2	0.2660590277777778	1.195138888888889	0.06901041666666667	1.195138888888889
2	0.3029513888888889	0.9479166666666666	0.05642361111111111	0.9479166666666666
8	0.3181423611111111	0.9350694444444444	0.13151041666666666	0.9350694444444444
8	1.6440972222222223	0.8027777777777778	0.1519097222222222	0.8027777777777778
11	1.8064236111111112	1.2413194444444444	0.04861111111111111	1.2413194444444444
11	1.3611111111111112	0.23298611111111112	0.078125	0.23298611111111112
0	1.1697048611111112	0.5305555555555556	0.13758680555555555	0.5305555555555556
2	1.66015625	0.8725694444444444	0.05078125	0.8725694444444444
2	1.4735243055555556	0.7413194444444444	0.08289930555555555	0.7413194444444444
2	0.4045138888888889	0.7392361111111111	0.036458333333333336	0.7392361111111111
2	0.2660590277777778	1.195138888888889	0.06901041666666667	1.195138888888889
2	0.3029513888888889	0.9479166666666666	0.05642361111111111	0.9479166666666666
8	0.3181423611111111	0.9350694444444444	0.13151041666666666	0.9350694444444444
8	1.6440972222222223	0.8027777777777778	0.1519097222222222	0.8027777777777778
11	1.8064236111111112	1.2413194444444444	0.04861111111111111	1.2413194444444444
11	1.3611111111111112	0.23298611111111112	0.078125	0.23298611111111112
0	1.1697048611111112	0.5305555555555556	0.13758680555555555	0.5305555555555556
2	0.830078125	0.4362847222222222	0.05078125	0.04756944444444444
2	0.7367621527777778	0.3706597222222222	0.08289930555555555	0.07048611111111111
2	0.20225694444444445	0.36961805555555555	0.036458333333333336	0.046875
2	0.1330295138888889	0.5975694444444445	0.06901041666666667	0.03611111111111111
2	0.15147569444444445	0.4739583333333333	0.05642361111111111	0.05138888888888889
8	0.15907118055555555	0.4675347222222222	0.13151041666666666	0.2795138888888889
8	0.8220486111111112	0.4013888888888889	0.1519097222222222	0.1326388888888889
11	0.9032118055555556	0.6206597222222222	0.04861111111111111	0.06076388888888889
11	0.6805555555555556	0.11649305555555556	0.078125	0.017708333333333333
0	0.5848524305555556	0.2652777777777778	0.13758680555555555	0.09305555555555556
2	0.830078125	0.4362847222222222	0.05078125	0.04756944444444444
8	0.15907118055555555	0.4675347222222222	0.13151041666666666	0.2795138888888889
3	0.6369357638888888	0.5473958333333333	0.4197048611111111	0.10243055555555555
11	0.9032118055555556	0.6206597222222222	0.04861111111111111	0.06076388888888889
0	0.5848524305555556	0.2652777777777778	0.13758680555555555	0.09305555555555556
10	0.9032118055555556	0.6206597222222222	0.04861111111111111	0.06076388888888889
