8	1.503420523138833	0.51731220657277	0.06519114688128773	0.51731220657277
0	1.1698189134808854	0.5757042253521126	0.12595573440643862	0.5757042253521126
3	1.123943661971831	1.091255868544601	0.4680080482897384	1.091255868544601
8	1.503420523138833	0.51731220657277	0.06519114688128773	0.51731220657277
0	1.1698189134808854	0.5757042253521126	0.12595573440643862	0.5757042253521126
3	1.123943661971831	1.091255868544601	0.4680080482897384	1.091255868544601
8	0.7517102615694164	0.258656103286385	0.06519114688128773	0.03726525821596244
0	0.5849094567404427	0.2878521126760563	0.12595573440643862	0.09389671361502347
3	0.5619718309859155	0.5456279342723005	0.4680080482897384	0.1164906103286385
8	0.7517102615694164	0.258656103286385	0.06519114688128773	0.03726525821596244
0	0.5849094567404427	0.2878521126760563	0.12595573440643862	0.09389671361502347
3	0.5619718309859155	0.5456279342723005	0.4680080482897384	0.1164906103286385
9	0.7543259557344064	0.26115023474178406	0.05271629778672032	0.023474178403755867
