0	1.2587294909549853	0.6448661470687902	0.13041649137568365	0.6448661470687902
8	0.4997896508203618	0.730260928498814	0.04880100967606226	0.730260928498814
8	0.6705931846865797	0.6160623517451711	0.0689945309213294	0.6160623517451711
9	0.4236432477913336	0.5831921382582176	0.06773243584350021	0.5831921382582176
9	0.37442153975599496	1.0260928498813962	0.031131678586453514	1.0260928498813962
11	0.7122423222549432	0.3198915621823111	0.1813209928481279	0.3198915621823111
0	1.2587294909549853	0.6448661470687902	0.13041649137568365	0.6448661470687902
8	0.4997896508203618	0.730260928498814	0.04880100967606226	0.730260928498814
8	0.6705931846865797	0.6160623517451711	0.0689945309213294	0.6160623517451711
9	0.4236432477913336	0.5831921382582176	0.06773243584350021	0.5831921382582176
9	0.37442153975599496	1.0260928498813962	0.031131678586453514	1.0260928498813962
11	0.7122423222549432	0.3198915621823111	0.1813209928481279	0.3198915621823111
0	0.6293647454774927	0.3224330735343951	0.13041649137568365	0.10064384954252796
8	0.2498948254101809	0.365130464249407	0.04880100967606226	0.04032531345306676
8	0.33529659234328985	0.30803117587258555	0.0689945309213294	0.0650626906133514
9	0.2118216238956668	0.2915960691291088	0.06773243584350021	0.06133514063029481
9	0.18721076987799748	0.5130464249406981	0.031131678586453514	0.031175872585564215
11	0.3561211611274716	0.15994578109115554	0.1813209928481279	0.06574042697390715
9	0.2118216238956668	0.2915960691291088	0.06773243584350021	0.06133514063029481
3	0.6177955405973917	0.6809556082683836	0.4724442574673959	0.17112843104032532
11	0.3561211611274716	0.15994578109115554	0.1813209928481279	0.06574042697390715
0	0.6293647454774927	0.3224330735343951	0.13041649137568365	0.10064384954252796
8	0.2498948254101809	0.365130464249407	0.04880100967606226	0.04032531345306676
