0	1.1160220994475138	0.6478503446012471	0.11365430149960537	0.6478503446012471
11	1.3792423046566693	0.4213980964883492	0.1132596685082873	0.4213980964883492
11	0.45027624309392267	0.450278962914342	0.060378847671665355	0.450278962914342
11	1.1073401736385162	0.33475549721037084	0.056827150749802685	0.33475549721037084
0	1.1160220994475138	0.6478503446012471	0.11365430149960537	0.6478503446012471
11	1.3792423046566693	0.4213980964883492	0.1132596685082873	0.4213980964883492
11	0.45027624309392267	0.450278962914342	0.060378847671665355	0.450278962914342
11	1.1073401736385162	0.33475549721037084	0.056827150749802685	0.33475549721037084
0	0.5580110497237569	0.32392517230062357	0.11365430149960537	0.09058089924515918
11	0.6896211523283347	0.2106990482441746	0.1132596685082873	0.06760748276993764
11	0.22513812154696133	0.225139481457171	0.060378847671665355	0.04857236626189695
11	0.5536700868192581	0.16737774860518542	0.056827150749802685	0.017722349852313753
0	0.5580110497237569	0.32392517230062357	0.11365430149960537	0.09058089924515918
11	0.6896211523283347	0.2106990482441746	0.1132596685082873	0.06760748276993764
3	0.5734017363851618	0.606990482441746	0.4135753749013418	0.0935346242205448
7	0.8115627466456196	0.565966524450279	0.1479873717442778	0.1309484739087627
