11	1.3605421686746988	0.4653755868544601	0.03765060240963856	0.4653755868544601
11	0.7707831325301204	0.44072769953051644	0.1358433734939759	0.44072769953051644
8	0.41536144578313255	1.5701291079812207	0.01716867469879518	1.5701291079812207
0	1.1382530120481928	0.7634976525821596	0.12740963855421686	0.7634976525821596
11	1.3605421686746988	0.4653755868544601	0.03765060240963856	0.4653755868544601
11	0.7707831325301204	0.44072769953051644	0.1358433734939759	0.44072769953051644
8	0.41536144578313255	1.5701291079812207	0.01716867469879518	1.5701291079812207
0	1.1382530120481928	0.7634976525821596	0.12740963855421686	0.7634976525821596
11	0.6802710843373494	0.23268779342723006	0.03765060240963856	0.02464788732394366
11	0.3853915662650602	0.22036384976525822	0.1358433734939759	0.027582159624413145
8	0.20768072289156628	0.7850645539906104	0.01716867469879518	0.019072769953051644
0	0.5691265060240964	0.3817488262910798	0.12740963855421686	0.13321596244131456
11	0.6802710843373494	0.23268779342723006	0.03765060240963856	0.02464788732394366
8	0.20768072289156628	0.7850645539906104	0.01716867469879518	0.019072769953051644
0	0.5691265060240964	0.3817488262910798	0.12740963855421686	0.13321596244131456
2	0.20843373493975903	0.7847711267605634	0.016867469879518072	0.020833333333333332
9	0.2075301204819277	0.7841842723004695	0.02469879518072289	0.023767605633802816
