3	1.0091145833333333	1.3381944444444445	0.3728298611111111	1.3381944444444445
0	1.015625	0.8454861111111112	0.109375	0.8454861111111112
8	0.4791666666666667	0.7270833333333333	0.03993055555555555	0.7270833333333333
8	0.3472222222222222	1.1392361111111111	0.017361111111111112	1.1392361111111111
3	1.0091145833333333	1.3381944444444445	0.3728298611111111	1.3381944444444445
0	1.015625	0.8454861111111112	0.109375	0.8454861111111112
8	0.4791666666666667	0.7270833333333333	0.03993055555555555	0.7270833333333333
8	0.3472222222222222	1.1392361111111111	0.017361111111111112	1.1392361111111111
3	0.5045572916666666	0.6690972222222222	0.3728298611111111	0.10555555555555556
0	0.5078125	0.4227430555555556	0.109375	0.09131944444444444
8	0.23958333333333334	0.36354166666666665	0.03993055555555555	0.034722222222222224
8	0.1736111111111111	0.5696180555555556	0.017361111111111112	0.010069444444444445
2	0.2380642361111111	0.3628472222222222	0.040364583333333336	0.03263888888888889
3	0.5045572916666666	0.6690972222222222	0.3728298611111111	0.10555555555555556
0	0.5078125	0.4227430555555556	0.109375	0.09131944444444444
8	0.23958333333333334	0.36354166666666665	0.03993055555555555	0.034722222222222224
11	0.3018663194444444	0.2982638888888889	0.1271701388888889	0.025694444444444443
