10	0.18914027149321266	1.324111914492298	0.07963800904977375	1.324111914492298
10	1.7361990950226245	1.2584093052499215	0.11357466063348416	1.2584093052499215
0	1.179185520361991	0.6746306193021062	0.13574660633484162	0.6746306193021062
7	1.434841628959276	0.6086136435083307	0.083710407239819	0.6086136435083307
7	0.6941176470588235	0.5501414649481295	0.11221719457013575	0.5501414649481295
11	0.8538461538461538	0.3580635020433826	0.09185520361990951	0.3580635020433826
11	0.18914027149321266	1.324111914492298	0.07963800904977375	1.324111914492298
11	1.7361990950226245	1.2584093052499215	0.11357466063348416	1.2584093052499215
8	0.5429864253393665	0.8412448915435398	0.0660633484162896	0.8412448915435398
13	1.4588235294117646	0.5806350204338259	0.17013574660633485	0.5806350204338259
13	0.5583710407239819	0.5708896573404589	0.2497737556561086	0.5708896573404589
3	1.1665158371040725	1.232631248035209	0.47692307692307695	1.232631248035209
2	0.5429864253393665	0.8412448915435398	0.0660633484162896	0.8412448915435398
10	0.18914027149321266	1.324111914492298	0.07963800904977375	1.324111914492298
10	1.7361990950226245	1.2584093052499215	0.11357466063348416	1.2584093052499215
0	1.179185520361991	0.6746306193021062	0.13574660633484162	0.6746306193021062
7	1.434841628959276	0.6086136435083307	0.083710407239819	0.6086136435083307
7	0.6941176470588235	0.5501414649481295	0.11221719457013575	0.5501414649481295
11	0.8538461538461538	0.3580635020433826	0.09185520361990951	0.3580635020433826
11	0.18914027149321266	1.324111914492298	0.07963800904977375	1.324111914492298
11	1.7361990950226245	1.2584093052499215	0.11357466063348416	1.2584093052499215
8	0.5429864253393665	0.8412448915435398	0.0660633484162896	0.8412448915435398
13	1.4588235294117646	0.5806350204338259	0.17013574660633485	0.5806350204338259
13	0.5583710407239819	0.5708896573404589	0.2497737556561086	0.5708896573404589
3	1.1665158371040725	1.232631248035209	0.47692307692307695	1.232631248035209
2	0.5429864253393665	0.8412448915435398	0.0660633484162896	0.8412448915435398
0	0.5895927601809955	0.3373153096510531	0.13574660633484162	0.09368123231688148
7	0.717420814479638	0.30430682175416535	0.083710407239819	0.11254322540081735
7	0.34705882352941175	0.27507073247406477	0.11221719457013575	0.13140521848475323
11	0.4269230769230769	0.1790317510216913	0.09185520361990951	0.04243948443885571
11	0.09457013574660633	0.662055957246149	0.07963800904977375	0.09996856334486011
11	0.8680995475113122	0.6292046526249607	0.11357466063348416	0.15749764225086452
8	0.27149321266968324	0.4206224457717699	0.0660633484162896	0.027664256523105942
13	0.7294117647058823	0.29031751021691293	0.17013574660633485	0.12228858849418422
13	0.27918552036199096	0.28544482867022947	0.2497737556561086	0.17038667085822068
3	0.5832579185520362	0.6163156240176045	0.47692307692307695	0.14303678088651367
2	0.27149321266968324	0.4206224457717699	0.0660633484162896	0.027664256523105942
10	0.09457013574660633	0.662055957246149	0.07963800904977375	0.09996856334486011
10	0.8680995475113122	0.6292046526249607	0.11357466063348416	0.15749764225086452
10	0.09457013574660633	0.662055957246149	0.07963800904977375	0.09996856334486011
0	0.5895927601809955	0.3373153096510531	0.13574660633484162	0.09368123231688148
7	0.717420814479638	0.30430682175416535	0.083710407239819	0.11254322540081735
11	0.4269230769230769	0.1790317510216913	0.09185520361990951	0.04243948443885571
8	0.27149321266968324	0.4206224457717699	0.0660633484162896	0.027664256523105942
13	0.7294117647058823	0.29031751021691293	0.17013574660633485	0.12228858849418422
3	0.5832579185520362	0.6163156240176045	0.47692307692307695	0.14303678088651367
2	0.27149321266968324	0.4206224457717699	0.0660633484162896	0.027664256523105942
