0	1.14568345323741	0.6827309236947792	0.1435251798561151	0.6827309236947792
10	1.7280575539568346	1.1268406961178046	0.14028776978417265	1.1268406961178046
3	0.9913669064748202	1.2985274431057563	0.5741007194244604	1.2985274431057563
0	1.14568345323741	0.6827309236947792	0.1435251798561151	0.6827309236947792
10	1.7280575539568346	1.1268406961178046	0.14028776978417265	1.1268406961178046
3	0.9913669064748202	1.2985274431057563	0.5741007194244604	1.2985274431057563
0	0.572841726618705	0.3413654618473896	0.1435251798561151	0.16934404283801874
10	0.8640287769784173	0.5634203480589023	0.14028776978417265	0.33835341365461846
3	0.4956834532374101	0.6492637215528781	0.5741007194244604	0.26706827309236947
0	0.572841726618705	0.3413654618473896	0.1435251798561151	0.16934404283801874
10	0.8640287769784173	0.5634203480589023	0.14028776978417265	0.33835341365461846
3	0.4956834532374101	0.6492637215528781	0.5741007194244604	0.26706827309236947
