13	1.5712890625	0.6392	0.044921875	0.6392
13	1.53125	0.61	0.0625	0.61
11	1.5712890625	0.496	0.052734375	0.496
13	1.5712890625	0.6392	0.044921875	0.6392
13	1.53125	0.61	0.0625	0.61
11	1.5712890625	0.496	0.052734375	0.496
13	0.78564453125	0.3196	0.044921875	0.0432
13	0.765625	0.305	0.0625	0.0684
11	0.78564453125	0.248	0.052734375	0.0648
13	0.78564453125	0.3196	0.044921875	0.0432
0	0.526123046875	0.3906	0.11474609375	0.1084
11	0.78564453125	0.248	0.052734375	0.0648
7	0.782470703125	0.3214	0.03369140625	0.0324
8	0.126220703125	0.397	0.00927734375	0.0092
