0	1.25341796875	0.5356	0.10693359375	0.5356
11	0.31201171875	1.2024	0.02783203125	1.2024
11	0.77197265625	0.3568	0.05615234375	0.3568
0	1.25341796875	0.5356	0.10693359375	0.5356
11	0.31201171875	1.2024	0.02783203125	1.2024
11	0.77197265625	0.3568	0.05615234375	0.3568
0	0.626708984375	0.2678	0.10693359375	0.0884
11	0.156005859375	0.6012	0.02783203125	0.1024
11	0.385986328125	0.1784	0.05615234375	0.0312
10	0.156005859375	0.6012	0.02783203125	0.1024
0	0.626708984375	0.2678	0.10693359375	0.0884
11	0.156005859375	0.6012	0.02783203125	0.1024
3	0.624267578125	0.5426	0.41845703125	0.126
