0	1.13037109375	0.5268	0.12646484375	0.5268
11	1.904296875	1.4708	0.0517578125	1.4708
11	0.1669921875	1.5032	0.072265625	1.5032
13	1.818359375	1.158	0.072265625	1.158
13	1.78076171875	1.1692	0.11767578125	1.1692
10	1.904296875	1.4708	0.0517578125	1.4708
10	0.1669921875	1.5032	0.072265625	1.5032
0	1.13037109375	0.5268	0.12646484375	0.5268
11	1.904296875	1.4708	0.0517578125	1.4708
11	0.1669921875	1.5032	0.072265625	1.5032
13	1.818359375	1.158	0.072265625	1.158
13	1.78076171875	1.1692	0.11767578125	1.1692
10	1.904296875	1.4708	0.0517578125	1.4708
10	0.1669921875	1.5032	0.072265625	1.5032
0	0.565185546875	0.2634	0.12646484375	0.1628
11	0.9521484375	0.7354	0.0517578125	0.0572
11	0.08349609375	0.7516	0.072265625	0.0752
13	0.9091796875	0.579	0.072265625	0.0124
13	0.890380859375	0.5846	0.11767578125	0.0356
10	0.9521484375	0.7354	0.0517578125	0.0572
10	0.08349609375	0.7516	0.072265625	0.0752
9	0.246337890625	0.682	0.31884765625	0.1592
10	0.9521484375	0.7354	0.0517578125	0.0572
0	0.565185546875	0.2634	0.12646484375	0.1628
11	0.9521484375	0.7354	0.0517578125	0.0572
13	0.9091796875	0.579	0.072265625	0.0124
