7	0.5716145833333334	0.303125	0.12803819444444445	0.303125
7	0.4856770833333333	0.9461805555555556	0.2287326388888889	0.9461805555555556
10	0.4835069444444444	1.0517361111111112	0.3315972222222222	1.0517361111111112
11	0.5347222222222222	0.3770833333333333	0.2265625	0.3770833333333333
0	1.0078125	0.5534722222222223	0.125	0.5534722222222223
7	0.5716145833333334	0.303125	0.12803819444444445	0.303125
7	0.4856770833333333	0.9461805555555556	0.2287326388888889	0.9461805555555556
10	0.4835069444444444	1.0517361111111112	0.3315972222222222	1.0517361111111112
11	0.5347222222222222	0.3770833333333333	0.2265625	0.3770833333333333
0	1.0078125	0.5534722222222223	0.125	0.5534722222222223
7	0.2858072916666667	0.1515625	0.12803819444444445	0.06145833333333333
7	0.24283854166666666	0.4730902777777778	0.2287326388888889	0.11840277777777777
10	0.2417534722222222	0.5258680555555556	0.3315972222222222	0.2815972222222222
11	0.2673611111111111	0.18854166666666666	0.2265625	0.1423611111111111
0	0.50390625	0.2767361111111111	0.125	0.1
7	0.2858072916666667	0.1515625	0.12803819444444445	0.06145833333333333
3	0.5110677083333334	0.528125	0.4058159722222222	0.11458333333333333
10	0.2417534722222222	0.5258680555555556	0.3315972222222222	0.2815972222222222
11	0.2673611111111111	0.18854166666666666	0.2265625	0.1423611111111111
0	0.50390625	0.2767361111111111	0.125	0.1
6	0.24283854166666666	0.4730902777777778	0.2287326388888889	0.11840277777777777
