8	0.5407986111111112	0.825	0.024305555555555556	0.825
8	0.4166666666666667	1.2100694444444444	0.020833333333333332	1.2100694444444444
8	1.4457465277777777	0.6625	0.2209201388888889	0.6625
4	0.7374131944444444	0.5368055555555555	0.11675347222222222	0.5368055555555555
11	0.5620659722222222	0.5239583333333333	0.14192708333333334	0.5239583333333333
11	1.2981770833333333	0.4934027777777778	0.1618923611111111	0.4934027777777778
8	0.5407986111111112	0.825	0.024305555555555556	0.825
8	0.4166666666666667	1.2100694444444444	0.020833333333333332	1.2100694444444444
8	1.4457465277777777	0.6625	0.2209201388888889	0.6625
4	0.7374131944444444	0.5368055555555555	0.11675347222222222	0.5368055555555555
11	0.5620659722222222	0.5239583333333333	0.14192708333333334	0.5239583333333333
11	1.2981770833333333	0.4934027777777778	0.1618923611111111	0.4934027777777778
11	0.2810329861111111	0.26197916666666665	0.14192708333333334	0.12048611111111111
11	0.6490885416666666	0.2467013888888889	0.1618923611111111	0.12118055555555556
8	0.2703993055555556	0.4125	0.024305555555555556	0.025
8	0.20833333333333334	0.6050347222222222	0.020833333333333332	0.019097222222222224
8	0.7228732638888888	0.33125	0.2209201388888889	0.24513888888888888
4	0.3687065972222222	0.26840277777777777	0.11675347222222222	0.12222222222222222
8	0.2703993055555556	0.4125	0.024305555555555556	0.025
5	0.8404947916666666	0.5907986111111111	0.22005208333333334	0.23923611111111112
4	0.3687065972222222	0.26840277777777777	0.11675347222222222	0.12222222222222222
6	0.8474392361111112	0.5598958333333334	0.09505208333333333	0.203125
11	0.2810329861111111	0.26197916666666665	0.14192708333333334	0.12048611111111111
13	0.3576388888888889	0.2673611111111111	0.1032986111111111	0.11736111111111111
