11	1.3692028985507247	0.30559815950920244	0.12717391304347825	0.30559815950920244
11	0.8445652173913043	0.29026073619631904	0.13007246376811593	0.29026073619631904
0	1.2818840579710145	0.6537576687116564	0.08840579710144927	0.6537576687116564
8	1.6684782608695652	0.8374233128834356	0.06702898550724638	0.8374233128834356
11	1.3692028985507247	0.30559815950920244	0.12717391304347825	0.30559815950920244
11	0.8445652173913043	0.29026073619631904	0.13007246376811593	0.29026073619631904
0	1.2818840579710145	0.6537576687116564	0.08840579710144927	0.6537576687116564
8	1.6684782608695652	0.8374233128834356	0.06702898550724638	0.8374233128834356
11	0.6846014492753624	0.15279907975460122	0.12717391304347825	0.02492331288343558
11	0.42228260869565215	0.14513036809815952	0.13007246376811593	0.034892638036809816
0	0.6409420289855072	0.3268788343558282	0.08840579710144927	0.09317484662576687
8	0.8342391304347826	0.4187116564417178	0.06702898550724638	0.06441717791411043
11	0.6846014492753624	0.15279907975460122	0.12717391304347825	0.02492331288343558
0	0.6409420289855072	0.3268788343558282	0.08840579710144927	0.09317484662576687
8	0.8342391304347826	0.4187116564417178	0.06702898550724638	0.06441717791411043
13	0.8342391304347826	0.4187116564417178	0.06702898550724638	0.06441717791411043
