11	0.7708618331053352	0.13511029411764705	0.1347469220246238	0.13511029411764705
11	1.3183994528043776	0.1014093137254902	0.13714090287277703	0.1014093137254902
5	0.5632694938440492	0.7870710784313726	0.2698358413132695	0.7870710784313726
5	1.5461696306429549	0.8544730392156863	0.19528043775649795	0.8544730392156863
3	1.2055403556771547	1.1393995098039216	0.38885088919288646	1.1393995098039216
0	1.137140902872777	0.5251225490196079	0.11662106703146374	0.5251225490196079
11	0.7708618331053352	0.13511029411764705	0.1347469220246238	0.13511029411764705
11	1.3183994528043776	0.1014093137254902	0.13714090287277703	0.1014093137254902
5	0.5632694938440492	0.7870710784313726	0.2698358413132695	0.7870710784313726
5	1.5461696306429549	0.8544730392156863	0.19528043775649795	0.8544730392156863
3	1.2055403556771547	1.1393995098039216	0.38885088919288646	1.1393995098039216
0	1.137140902872777	0.5251225490196079	0.11662106703146374	0.5251225490196079
11	0.3854309165526676	0.06755514705882353	0.1347469220246238	0.04197303921568627
11	0.6591997264021888	0.0507046568627451	0.13714090287277703	0.04871323529411765
5	0.2816347469220246	0.3935355392156863	0.2698358413132695	0.41881127450980393
5	0.7730848153214774	0.42723651960784315	0.19528043775649795	0.3753063725490196
3	0.6027701778385773	0.5696997549019608	0.38885088919288646	0.1130514705882353
0	0.5685704514363885	0.26256127450980393	0.11662106703146374	0.12071078431372549
11	0.3854309165526676	0.06755514705882353	0.1347469220246238	0.04197303921568627
5	0.2816347469220246	0.3935355392156863	0.2698358413132695	0.41881127450980393
3	0.6027701778385773	0.5696997549019608	0.38885088919288646	0.1130514705882353
0	0.5685704514363885	0.26256127450980393	0.11662106703146374	0.12071078431372549
