10	1.6164285714285713	1.2216592780240658	0.12714285714285714	1.2216592780240658
10	0.39535714285714285	1.234008866371121	0.11107142857142857	1.234008866371121
10	0.5689285714285715	1.338505383153895	0.2282142857142857	1.338505383153895
5	0.6521428571428571	0.9259024699176694	0.21642857142857144	0.9259024699176694
5	1.467142857142857	0.8084230525649145	0.17785714285714285	0.8084230525649145
7	1.5364285714285715	1.1067131095630145	0.10714285714285714	1.1067131095630145
10	1.6164285714285713	1.2216592780240658	0.12714285714285714	1.2216592780240658
10	0.39535714285714285	1.234008866371121	0.11107142857142857	1.234008866371121
10	0.5689285714285715	1.338505383153895	0.2282142857142857	1.338505383153895
5	0.6521428571428571	0.9259024699176694	0.21642857142857144	0.9259024699176694
5	1.467142857142857	0.8084230525649145	0.17785714285714285	0.8084230525649145
7	1.5364285714285715	1.1067131095630145	0.10714285714285714	1.1067131095630145
10	0.8082142857142857	0.6108296390120329	0.12714285714285714	0.25142495250158325
10	0.19767857142857143	0.6170044331855605	0.11107142857142857	0.22957568081063964
10	0.2844642857142857	0.6692526915769474	0.2282142857142857	0.28530715642811905
5	0.32607142857142857	0.4629512349588347	0.21642857142857144	0.39392020265991134
5	0.7335714285714285	0.40421152628245727	0.17785714285714285	0.23717542748575046
7	0.7682142857142857	0.5533565547815072	0.10714285714285714	0.20424319189360354
3	0.5926785714285714	0.6206459784673845	0.37464285714285717	0.17606079797340088
10	0.8082142857142857	0.6108296390120329	0.12714285714285714	0.25142495250158325
5	0.32607142857142857	0.4629512349588347	0.21642857142857144	0.39392020265991134
7	0.7682142857142857	0.5533565547815072	0.10714285714285714	0.20424319189360354
11	0.8341071428571428	0.49984167194426854	0.08892857142857143	0.41070297656744775
