5	0.6974093264248704	0.7218045112781954	0.18134715025906736	0.7218045112781954
5	1.3637305699481865	0.7236842105263158	0.15544041450777202	0.7236842105263158
6	1.3766839378238342	0.7509398496240601	0.16839378238341968	0.7509398496240601
6	0.721761658031088	0.6983082706766918	0.1694300518134715	0.6983082706766918
7	0.721761658031088	0.6983082706766918	0.1694300518134715	0.6983082706766918
7	1.3766839378238342	0.7509398496240601	0.16839378238341968	0.7509398496240601
5	0.6974093264248704	0.7218045112781954	0.18134715025906736	0.7218045112781954
5	1.3637305699481865	0.7236842105263158	0.15544041450777202	0.7236842105263158
6	1.3766839378238342	0.7509398496240601	0.16839378238341968	0.7509398496240601
6	0.721761658031088	0.6983082706766918	0.1694300518134715	0.6983082706766918
7	0.721761658031088	0.6983082706766918	0.1694300518134715	0.6983082706766918
7	1.3766839378238342	0.7509398496240601	0.16839378238341968	0.7509398496240601
6	0.6883419689119171	0.37546992481203006	0.16839378238341968	0.24060150375939848
6	0.360880829015544	0.3491541353383459	0.1694300518134715	0.29135338345864664
7	0.360880829015544	0.3491541353383459	0.1694300518134715	0.29135338345864664
7	0.6883419689119171	0.37546992481203006	0.16839378238341968	0.24060150375939848
5	0.3487046632124352	0.3609022556390977	0.18134715025906736	0.2819548872180451
5	0.6818652849740933	0.3618421052631579	0.15544041450777202	0.2640977443609023
5	0.3487046632124352	0.3609022556390977	0.18134715025906736	0.2819548872180451
6	0.6883419689119171	0.37546992481203006	0.16839378238341968	0.24060150375939848
7	0.360880829015544	0.3491541353383459	0.1694300518134715	0.29135338345864664
