0	1.084931506849315	0.6446017699115044	0.11350293542074363	0.6446017699115044
13	0.386692759295499	0.7667256637168142	0.042270058708414875	0.7667256637168142
13	0.48454011741682973	1.1161061946902655	0.07279843444227006	1.1161061946902655
11	1.3870841487279844	0.40601769911504426	0.06105675146771037	0.40601769911504426
11	0.6489236790606654	0.36460176991150445	0.07436399217221135	0.36460176991150445
0	1.084931506849315	0.6446017699115044	0.11350293542074363	0.6446017699115044
13	0.386692759295499	0.7667256637168142	0.042270058708414875	0.7667256637168142
13	0.48454011741682973	1.1161061946902655	0.07279843444227006	1.1161061946902655
11	1.3870841487279844	0.40601769911504426	0.06105675146771037	0.40601769911504426
11	0.6489236790606654	0.36460176991150445	0.07436399217221135	0.36460176991150445
0	0.5424657534246575	0.3223008849557522	0.11350293542074363	0.0952212389380531
13	0.1933463796477495	0.3833628318584071	0.042270058708414875	0.016991150442477877
13	0.24227005870841486	0.5580530973451328	0.07279843444227006	0.032920353982300886
11	0.6935420743639922	0.20300884955752213	0.06105675146771037	0.03716814159292035
11	0.3244618395303327	0.18230088495575222	0.07436399217221135	0.02336283185840708
0	0.5424657534246575	0.3223008849557522	0.11350293542074363	0.0952212389380531
13	0.1933463796477495	0.3833628318584071	0.042270058708414875	0.016991150442477877
11	0.6935420743639922	0.20300884955752213	0.06105675146771037	0.03716814159292035
