13	0.5999348958333334	0.4833984375	0.031575520833333336	0.4833984375
13	0.4505208333333333	1.2649739583333333	0.044270833333333336	1.2649739583333333
13	0.6012369791666666	0.7054036458333334	0.10579427083333333	0.7054036458333334
13	1.4287109375	0.68359375	0.1240234375	0.68359375
8	1.2620442708333333	0.75390625	0.0869140625	0.75390625
8	0.8391927083333334	0.7379557291666666	0.046875	0.7379557291666666
8	0.7529296875	0.8857421875	0.0927734375	0.8857421875
7	0.9195963541666666	0.5416666666666666	0.052408854166666664	0.5416666666666666
7	0.4547526041666667	1.1735026041666667	0.0732421875	1.1735026041666667
7	0.8626302083333334	0.697265625	0.07291666666666667	0.697265625
7	0.4505208333333333	1.2649739583333333	0.044270833333333336	1.2649739583333333
9	1.2620442708333333	0.75390625	0.0869140625	0.75390625
9	0.8271484375	0.7415364583333334	0.07194010416666667	0.7415364583333334
9	0.9195963541666666	0.5416666666666666	0.052408854166666664	0.5416666666666666
0	1.1422526041666667	0.587890625	0.10319010416666667	0.587890625
13	0.5999348958333334	0.4833984375	0.031575520833333336	0.4833984375
13	0.4505208333333333	1.2649739583333333	0.044270833333333336	1.2649739583333333
13	0.6012369791666666	0.7054036458333334	0.10579427083333333	0.7054036458333334
13	1.4287109375	0.68359375	0.1240234375	0.68359375
8	1.2620442708333333	0.75390625	0.0869140625	0.75390625
8	0.8391927083333334	0.7379557291666666	0.046875	0.7379557291666666
8	0.7529296875	0.8857421875	0.0927734375	0.8857421875
7	0.9195963541666666	0.5416666666666666	0.052408854166666664	0.5416666666666666
7	0.4547526041666667	1.1735026041666667	0.0732421875	1.1735026041666667
7	0.8626302083333334	0.697265625	0.07291666666666667	0.697265625
7	0.4505208333333333	1.2649739583333333	0.044270833333333336	1.2649739583333333
9	1.2620442708333333	0.75390625	0.0869140625	0.75390625
9	0.8271484375	0.7415364583333334	0.07194010416666667	0.7415364583333334
9	0.9195963541666666	0.5416666666666666	0.052408854166666664	0.5416666666666666
0	1.1422526041666667	0.587890625	0.10319010416666667	0.587890625
0	0.5711263020833334	0.2939453125	0.10319010416666667	0.12109375
13	0.2999674479166667	0.24169921875	0.031575520833333336	0.0439453125
13	0.22526041666666666	0.6324869791666666	0.044270833333333336	0.08333333333333333
13	0.3006184895833333	0.3527018229166667	0.10579427083333333	0.07649739583333333
13	0.71435546875	0.341796875	0.1240234375	0.10807291666666667
8	0.6310221354166666	0.376953125	0.0869140625	0.09830729166666667
8	0.4195963541666667	0.3689778645833333	0.046875	0.07975260416666667
8	0.37646484375	0.44287109375	0.0927734375	0.09147135416666667
7	0.4597981770833333	0.2708333333333333	0.052408854166666664	0.10677083333333333
7	0.22737630208333334	0.5867513020833334	0.0732421875	0.1669921875
7	0.4313151041666667	0.3486328125	0.07291666666666667	0.09244791666666667
7	0.22526041666666666	0.6324869791666666	0.044270833333333336	0.08333333333333333
9	0.6310221354166666	0.376953125	0.0869140625	0.09830729166666667
9	0.41357421875	0.3707682291666667	0.07194010416666667	0.0703125
9	0.4597981770833333	0.2708333333333333	0.052408854166666664	0.10677083333333333
13	0.2999674479166667	0.24169921875	0.031575520833333336	0.0439453125
8	0.6310221354166666	0.376953125	0.0869140625	0.09830729166666667
7	0.4597981770833333	0.2708333333333333	0.052408854166666664	0.10677083333333333
9	0.6310221354166666	0.376953125	0.0869140625	0.09830729166666667
0	0.5711263020833334	0.2939453125	0.10319010416666667	0.12109375
4	0.37109375	0.4459635416666667	0.11328125	0.09309895833333333
