7	0.5934111759799833	0.7674657534246575	0.2664720600500417	0.7674657534246575
7	1.4557964970809008	0.8393835616438357	0.31984987489574646	0.8393835616438357
4	0.6059216013344454	0.9184931506849315	0.2189324437030859	0.9184931506849315
4	0.6734778982485404	0.6277397260273972	0.12885738115095913	0.6277397260273972
4	1.4557964970809008	0.8393835616438357	0.31984987489574646	0.8393835616438357
4	1.316930775646372	0.6842465753424658	0.13511259382819016	0.6842465753424658
8	1.4557964970809008	0.8393835616438357	0.31984987489574646	0.8393835616438357
8	0.5934111759799833	0.7674657534246575	0.2664720600500417	0.7674657534246575
8	1.3306922435362802	0.6763698630136986	0.11551292743953294	0.6763698630136986
10	0.4824854045037531	0.9698630136986301	0.29065888240200166	0.9698630136986301
7	0.5934111759799833	0.7674657534246575	0.2664720600500417	0.7674657534246575
7	1.4557964970809008	0.8393835616438357	0.31984987489574646	0.8393835616438357
4	0.6059216013344454	0.9184931506849315	0.2189324437030859	0.9184931506849315
4	0.6734778982485404	0.6277397260273972	0.12885738115095913	0.6277397260273972
4	1.4557964970809008	0.8393835616438357	0.31984987489574646	0.8393835616438357
4	1.316930775646372	0.6842465753424658	0.13511259382819016	0.6842465753424658
8	1.4557964970809008	0.8393835616438357	0.31984987489574646	0.8393835616438357
8	0.5934111759799833	0.7674657534246575	0.2664720600500417	0.7674657534246575
8	1.3306922435362802	0.6763698630136986	0.11551292743953294	0.6763698630136986
10	0.4824854045037531	0.9698630136986301	0.29065888240200166	0.9698630136986301
7	0.29670558798999164	0.38373287671232875	0.2664720600500417	0.34554794520547943
7	0.7278982485404504	0.4196917808219178	0.31984987489574646	0.3113013698630137
4	0.3029608006672227	0.45924657534246577	0.2189324437030859	0.15616438356164383
4	0.3367389491242702	0.3138698630136986	0.12885738115095913	0.10787671232876712
4	0.7278982485404504	0.4196917808219178	0.31984987489574646	0.3113013698630137
4	0.658465387823186	0.3421232876712329	0.13511259382819016	0.11917808219178082
8	0.7278982485404504	0.4196917808219178	0.31984987489574646	0.3113013698630137
8	0.29670558798999164	0.38373287671232875	0.2664720600500417	0.34554794520547943
8	0.6653461217681401	0.3381849315068493	0.11551292743953294	0.12431506849315069
10	0.24124270225187655	0.4849315068493151	0.29065888240200166	0.3678082191780822
4	0.3029608006672227	0.45924657534246577	0.2189324437030859	0.15616438356164383
8	0.7278982485404504	0.4196917808219178	0.31984987489574646	0.3113013698630137
10	0.24124270225187655	0.4849315068493151	0.29065888240200166	0.3678082191780822
7	0.29670558798999164	0.38373287671232875	0.2664720600500417	0.34554794520547943
