3	1.1102430555555556	1.046875	0.4236111111111111	1.046875
0	1.1623263888888888	0.609375	0.10850694444444445	0.609375
0	1.0234375	0.6913194444444445	0.2456597222222222	0.6913194444444445
3	1.1102430555555556	1.046875	0.4236111111111111	1.046875
0	1.1623263888888888	0.609375	0.10850694444444445	0.609375
0	1.0234375	0.6913194444444445	0.2456597222222222	0.6913194444444445
3	0.5551215277777778	0.5234375	0.4236111111111111	0.11006944444444444
0	0.5811631944444444	0.3046875	0.10850694444444445	0.10173611111111111
0	0.51171875	0.34565972222222224	0.2456597222222222	0.184375
3	0.5551215277777778	0.5234375	0.4236111111111111	0.11006944444444444
0	0.5811631944444444	0.3046875	0.10850694444444445	0.10173611111111111
