0	1.058139534883721	0.6300489596083231	0.08873929008567931	0.6300489596083231
11	0.7041003671970624	0.3442472460220318	0.15269277845777235	0.3442472460220318
11	0.6015911872705019	0.34394124847001223	0.0587515299877601	0.34394124847001223
3	1.0810893512851898	1.33812729498164	0.359547123623011	1.33812729498164
7	0.5939412484700123	0.48408812729498163	0.1080171358629131	0.48408812729498163
7	0.6471848225214198	0.4375764993880049	0.04375764993880049	0.4375764993880049
0	1.058139534883721	0.6300489596083231	0.08873929008567931	0.6300489596083231
11	0.7041003671970624	0.3442472460220318	0.15269277845777235	0.3442472460220318
11	0.6015911872705019	0.34394124847001223	0.0587515299877601	0.34394124847001223
3	1.0810893512851898	1.33812729498164	0.359547123623011	1.33812729498164
7	0.5939412484700123	0.48408812729498163	0.1080171358629131	0.48408812729498163
7	0.6471848225214198	0.4375764993880049	0.04375764993880049	0.4375764993880049
0	0.5290697674418605	0.31502447980416154	0.08873929008567931	0.07374541003671971
11	0.3520501835985312	0.1721236230110159	0.15269277845777235	0.04865361077111383
11	0.30079559363525094	0.17197062423500611	0.0587515299877601	0.0397796817625459
3	0.5405446756425949	0.66906364749082	0.359547123623011	0.16799265605875152
7	0.29697062423500614	0.24204406364749081	0.1080171358629131	0.0832313341493268
7	0.3235924112607099	0.21878824969400246	0.04375764993880049	0.0397796817625459
0	0.5290697674418605	0.31502447980416154	0.08873929008567931	0.07374541003671971
11	0.3520501835985312	0.1721236230110159	0.15269277845777235	0.04865361077111383
3	0.5405446756425949	0.66906364749082	0.359547123623011	0.16799265605875152
7	0.29697062423500614	0.24204406364749081	0.1080171358629131	0.0832313341493268
13	0.2968176254589963	0.2498470012239902	0.14259485924112608	0.1288249694002448
