11	0.7232283464566929	0.3313802083333333	0.12952755905511812	0.3313802083333333
0	1.1377952755905512	0.7526041666666666	0.08503937007874016	0.7526041666666666
5	0.5456692913385827	0.9147135416666666	0.12598425196850394	0.9147135416666666
5	0.5165354330708661	1.2360026041666667	0.16535433070866143	1.2360026041666667
11	0.7232283464566929	0.3313802083333333	0.12952755905511812	0.3313802083333333
0	1.1377952755905512	0.7526041666666666	0.08503937007874016	0.7526041666666666
5	0.5456692913385827	0.9147135416666666	0.12598425196850394	0.9147135416666666
5	0.5165354330708661	1.2360026041666667	0.16535433070866143	1.2360026041666667
11	0.36161417322834644	0.16569010416666666	0.12952755905511812	0.026041666666666668
0	0.5688976377952756	0.3763020833333333	0.08503937007874016	0.08333333333333333
5	0.27283464566929133	0.4573567708333333	0.12598425196850394	0.06640625
5	0.25826771653543307	0.6180013020833334	0.16535433070866143	0.12076822916666667
11	0.36161417322834644	0.16569010416666666	0.12952755905511812	0.026041666666666668
0	0.5688976377952756	0.3763020833333333	0.08503937007874016	0.08333333333333333
5	0.27283464566929133	0.4573567708333333	0.12598425196850394	0.06640625
8	0.25649606299212596	0.6116536458333334	0.024015748031496063	0.022135416666666668
