0	1.1638996820911338	0.8130160271976687	0.1451783821971035	0.8130160271976687
3	1.2832921229247616	1.4968431277319088	0.48074885199576123	1.4968431277319088
0	1.1638996820911338	0.8130160271976687	0.1451783821971035	0.8130160271976687
3	1.2832921229247616	1.4968431277319088	0.48074885199576123	1.4968431277319088
0	0.5819498410455669	0.4065080135988344	0.1451783821971035	0.21369596891694997
3	0.6416460614623808	0.7484215638659544	0.48074885199576123	0.23895094706168044
0	0.5819498410455669	0.4065080135988344	0.1451783821971035	0.21369596891694997
3	0.6416460614623808	0.7484215638659544	0.48074885199576123	0.23895094706168044
11	0.33680678205581066	0.16075764934434192	0.14093959731543623	0.06216610004856726
6	0.35994348286824446	0.6073336571151045	0.18014835747085836	0.21903836813987373
