10	0.4435763888888889	1.0354166666666667	0.3307291666666667	1.0354166666666667
10	0.21484375	1.0048611111111112	0.10112847222222222	1.0048611111111112
3	1.1271701388888888	1.065625	0.5186631944444444	1.065625
7	0.4878472222222222	0.9003472222222222	0.1440972222222222	0.9003472222222222
10	0.4435763888888889	1.0354166666666667	0.3307291666666667	1.0354166666666667
10	0.21484375	1.0048611111111112	0.10112847222222222	1.0048611111111112
3	1.1271701388888888	1.065625	0.5186631944444444	1.065625
7	0.4878472222222222	0.9003472222222222	0.1440972222222222	0.9003472222222222
10	0.22178819444444445	0.5177083333333333	0.3307291666666667	0.2652777777777778
10	0.107421875	0.5024305555555556	0.10112847222222222	0.12152777777777778
3	0.5635850694444444	0.5328125	0.5186631944444444	0.1440972222222222
7	0.2439236111111111	0.4501736111111111	0.1440972222222222	0.060069444444444446
10	0.22178819444444445	0.5177083333333333	0.3307291666666667	0.2652777777777778
3	0.5635850694444444	0.5328125	0.5186631944444444	0.1440972222222222
4	0.2543402777777778	0.4984375	0.1840277777777778	0.14756944444444445
7	0.2439236111111111	0.4501736111111111	0.1440972222222222	0.060069444444444446
8	0.2543402777777778	0.4984375	0.1840277777777778	0.14756944444444445
