13	1.7097242380261248	1.319141689373297	0.12481857764876633	1.319141689373297
13	0.46879535558780844	1.2963215258855585	0.03991291727140784	1.2963215258855585
13	0.49963715529753266	0.8549046321525886	0.13243831640058054	0.8549046321525886
13	0.48040638606676345	0.7339918256130791	0.16545718432510886	0.7339918256130791
13	0.543178519593614	0.9638964577656676	0.2637880986937591	0.9638964577656676
11	0.6520319303338171	0.2026566757493188	0.1346153846153846	0.2026566757493188
11	1.2659651669085632	0.15735694822888283	0.09107402031930334	0.15735694822888283
0	1.0921625544267053	0.5599455040871935	0.1313497822931785	0.5599455040871935
13	1.7097242380261248	1.319141689373297	0.12481857764876633	1.319141689373297
13	0.46879535558780844	1.2963215258855585	0.03991291727140784	1.2963215258855585
13	0.49963715529753266	0.8549046321525886	0.13243831640058054	0.8549046321525886
13	0.48040638606676345	0.7339918256130791	0.16545718432510886	0.7339918256130791
13	0.543178519593614	0.9638964577656676	0.2637880986937591	0.9638964577656676
11	0.6520319303338171	0.2026566757493188	0.1346153846153846	0.2026566757493188
11	1.2659651669085632	0.15735694822888283	0.09107402031930334	0.15735694822888283
0	1.0921625544267053	0.5599455040871935	0.1313497822931785	0.5599455040871935
13	0.8548621190130624	0.6595708446866485	0.12481857764876633	0.04393732970027248
13	0.23439767779390422	0.6481607629427792	0.03991291727140784	0.0994550408719346
13	0.24981857764876633	0.4274523160762943	0.13243831640058054	0.05040871934604905
13	0.24020319303338172	0.36699591280653954	0.16545718432510886	0.0800408719346049
13	0.271589259796807	0.4819482288828338	0.2637880986937591	0.37942779291553136
11	0.32601596516690856	0.1013283378746594	0.1346153846153846	0.04257493188010899
11	0.6329825834542816	0.07867847411444141	0.09107402031930334	0.021798365122615803
0	0.5460812772133526	0.27997275204359673	0.1313497822931785	0.13487738419618528
13	0.8548621190130624	0.6595708446866485	0.12481857764876633	0.04393732970027248
11	0.32601596516690856	0.1013283378746594	0.1346153846153846	0.04257493188010899
0	0.5460812772133526	0.27997275204359673	0.1313497822931785	0.13487738419618528
5	0.271589259796807	0.4819482288828338	0.2637880986937591	0.37942779291553136
