11	0.3728298611111111	0.4909722222222222	0.13585069444444445	0.4909722222222222
11	0.21484375	1.320486111111111	0.0759548611111111	1.320486111111111
11	0.3728298611111111	0.4909722222222222	0.13585069444444445	0.4909722222222222
11	0.21484375	1.320486111111111	0.0759548611111111	1.320486111111111
11	0.18641493055555555	0.2454861111111111	0.13585069444444445	0.17847222222222223
11	0.107421875	0.6602430555555555	0.0759548611111111	0.057291666666666664
6	0.18098958333333334	0.5034722222222222	0.13802083333333334	0.16875
4	0.15733506944444445	0.4973958333333333	0.1427951388888889	0.1517361111111111
11	0.18641493055555555	0.2454861111111111	0.13585069444444445	0.17847222222222223
10	0.09657118055555555	0.6553819444444444	0.05772569444444445	0.06701388888888889
7	0.1909722222222222	0.5310763888888889	0.0954861111111111	0.13090277777777778
13	0.107421875	0.6439236111111111	0.040364583333333336	0.019791666666666666
