5	0.5303149606299212	0.7242838541666666	0.29645669291338583	0.7242838541666666
5	1.491732283464567	0.7708333333333334	0.37598425196850394	0.7708333333333334
6	1.491732283464567	0.7708333333333334	0.37598425196850394	0.7708333333333334
6	0.5303149606299212	0.7242838541666666	0.29645669291338583	0.7242838541666666
0	1.105511811023622	0.5065104166666666	0.11181102362204724	0.5065104166666666
5	0.5303149606299212	0.7242838541666666	0.29645669291338583	0.7242838541666666
5	1.491732283464567	0.7708333333333334	0.37598425196850394	0.7708333333333334
6	1.491732283464567	0.7708333333333334	0.37598425196850394	0.7708333333333334
6	0.5303149606299212	0.7242838541666666	0.29645669291338583	0.7242838541666666
0	1.105511811023622	0.5065104166666666	0.11181102362204724	0.5065104166666666
5	0.2651574803149606	0.3621419270833333	0.29645669291338583	0.5582682291666666
5	0.7458661417322835	0.3854166666666667	0.37598425196850394	0.525390625
6	0.7458661417322835	0.3854166666666667	0.37598425196850394	0.525390625
6	0.2651574803149606	0.3621419270833333	0.29645669291338583	0.5582682291666666
0	0.552755905511811	0.2532552083333333	0.11181102362204724	0.134765625
6	0.7458661417322835	0.3854166666666667	0.37598425196850394	0.525390625
0	0.552755905511811	0.2532552083333333	0.11181102362204724	0.134765625
5	0.2651574803149606	0.3621419270833333	0.29645669291338583	0.5582682291666666
