2	1.56691783279512	0.8252197430696416	0.04772156440617151	0.8252197430696416
2	1.471833512737711	0.563894523326572	0.10979547900968784	0.563894523326572
13	1.6846071044133477	0.8495605138607167	0.06996770721205597	0.8495605138607167
13	1.5357014711158952	0.6460446247464503	0.2095443128812343	0.6460446247464503
13	1.6196627197703624	0.8326572008113591	0.10405453893074991	0.8326572008113591
11	1.4086831718693935	0.3664638269100744	0.11410118406889128	0.3664638269100744
11	0.725870111230714	0.36747802569303584	0.11230714029422317	0.36747802569303584
11	1.4671689989235737	0.5797836375929682	0.13885898815931108	0.5797836375929682
2	1.56691783279512	0.8252197430696416	0.04772156440617151	0.8252197430696416
2	1.471833512737711	0.563894523326572	0.10979547900968784	0.563894523326572
13	1.6846071044133477	0.8495605138607167	0.06996770721205597	0.8495605138607167
13	1.5357014711158952	0.6460446247464503	0.2095443128812343	0.6460446247464503
13	1.6196627197703624	0.8326572008113591	0.10405453893074991	0.8326572008113591
11	1.4086831718693935	0.3664638269100744	0.11410118406889128	0.3664638269100744
11	0.725870111230714	0.36747802569303584	0.11230714029422317	0.36747802569303584
11	1.4671689989235737	0.5797836375929682	0.13885898815931108	0.5797836375929682
2	0.78345891639756	0.4126098715348208	0.04772156440617151	0.06592292089249494
2	0.7359167563688555	0.281947261663286	0.10979547900968784	0.1440162271805274
13	0.8423035522066739	0.42478025693035837	0.06996770721205597	0.0145368492224476
13	0.7678507355579476	0.32302231237322515	0.2095443128812343	0.24577417173766059
13	0.8098313598851812	0.41632860040567954	0.10405453893074991	0.03211629479377958
11	0.7043415859346968	0.1832319134550372	0.11410118406889128	0.04192021636240703
11	0.362935055615357	0.18373901284651792	0.11230714029422317	0.03617308992562542
11	0.7335844994617868	0.2898918187964841	0.13885898815931108	0.12677484787018256
13	0.8423035522066739	0.42478025693035837	0.06996770721205597	0.0145368492224476
11	0.7043415859346968	0.1832319134550372	0.11410118406889128	0.04192021636240703
2	0.78345891639756	0.4126098715348208	0.04772156440617151	0.06592292089249494
0	0.6033369214208827	0.35361730899256255	0.1216361679224973	0.11359026369168357
