10	1.6888888888888889	1.2237547892720306	0.23563941299790356	1.2237547892720306
9	1.2951781970649896	0.8942528735632184	0.05492662473794549	0.8942528735632184
9	0.2721174004192872	1.335632183908046	0.26540880503144654	1.335632183908046
9	0.969392033542977	0.8540229885057471	0.04025157232704402	0.8540229885057471
9	1.4461215932914047	0.9789272030651341	0.3148846960167715	0.9789272030651341
9	1.2846960167714885	1.0455938697318008	0.08385744234800839	1.0455938697318008
9	1.3232704402515723	1.2134099616858238	0.04612159329140461	1.2134099616858238
7	0.5966457023060797	1.2613026819923372	0.10020964360587002	1.2613026819923372
7	0.6838574423480084	1.2885057471264367	0.20335429769392033	1.2885057471264367
10	1.6888888888888889	1.2237547892720306	0.23563941299790356	1.2237547892720306
9	1.2951781970649896	0.8942528735632184	0.05492662473794549	0.8942528735632184
9	0.2721174004192872	1.335632183908046	0.26540880503144654	1.335632183908046
9	0.969392033542977	0.8540229885057471	0.04025157232704402	0.8540229885057471
9	1.4461215932914047	0.9789272030651341	0.3148846960167715	0.9789272030651341
9	1.2846960167714885	1.0455938697318008	0.08385744234800839	1.0455938697318008
9	1.3232704402515723	1.2134099616858238	0.04612159329140461	1.2134099616858238
7	0.5966457023060797	1.2613026819923372	0.10020964360587002	1.2613026819923372
7	0.6838574423480084	1.2885057471264367	0.20335429769392033	1.2885057471264367
9	0.6475890985324948	0.4471264367816092	0.05492662473794549	0.06360153256704981
9	0.1360587002096436	0.667816091954023	0.26540880503144654	0.4360153256704981
9	0.4846960167714885	0.42701149425287355	0.04025157232704402	0.03333333333333333
9	0.7230607966457023	0.48946360153256707	0.3148846960167715	0.9766283524904215
9	0.6423480083857442	0.5227969348659004	0.08385744234800839	0.21264367816091953
9	0.6616352201257861	0.6067049808429119	0.04612159329140461	0.03946360153256705
7	0.29832285115303986	0.6306513409961686	0.10020964360587002	0.07586206896551724
7	0.3419287211740042	0.6442528735632184	0.20335429769392033	0.23793103448275862
10	0.8444444444444444	0.6118773946360153	0.23563941299790356	0.24980842911877393
10	0.8444444444444444	0.6118773946360153	0.23563941299790356	0.24980842911877393
0	0.6205450733752621	0.2875478927203065	0.17526205450733753	0.1467432950191571
9	0.6475890985324948	0.4471264367816092	0.05492662473794549	0.06360153256704981
1	0.8308176100628931	0.6231800766283525	0.12117400419287212	0.057854406130268196
7	0.29832285115303986	0.6306513409961686	0.10020964360587002	0.07586206896551724
8	0.10440251572327044	0.7375478927203065	0.031865828092243184	0.024521072796934867
3	0.6291404612159329	0.6517241379310345	0.5270440251572327	0.3318007662835249
