0	1.2594321275768183	0.6181229773462783	0.09490470633994555	0.6181229773462783
9	1.0023337222870479	0.972168284789644	0.765071956437184	0.972168284789644
9	0.9661610268378062	1.4718446601941748	0.15947102294826915	1.4718446601941748
0	1.2594321275768183	0.6181229773462783	0.09490470633994555	0.6181229773462783
9	1.0023337222870479	0.972168284789644	0.765071956437184	0.972168284789644
9	0.9661610268378062	1.4718446601941748	0.15947102294826915	1.4718446601941748
0	0.6297160637884092	0.30906148867313915	0.09490470633994555	0.09320388349514563
9	0.5011668611435239	0.486084142394822	0.765071956437184	0.7404530744336569
9	0.4830805134189031	0.7359223300970874	0.15947102294826915	0.2297734627831715
0	0.6297160637884092	0.30906148867313915	0.09490470633994555	0.09320388349514563
9	0.5011668611435239	0.486084142394822	0.765071956437184	0.7404530744336569
