13	1.2842316705724808	0.3622574955908289	0.07164378975560763	0.3622574955908289
13	0.7027117509206562	0.37671957671957673	0.08737864077669903	0.37671957671957673
7	1.2524271844660195	0.308289241622575	0.15232674924673587	0.308289241622575
7	0.6776029460997657	0.29241622574955906	0.12855708068295948	0.29241622574955906
11	0.6581854703716103	0.22151675485008818	0.19953130231001004	0.22151675485008818
11	1.291931704050887	0.18800705467372134	0.20053565450284566	0.18800705467372134
13	1.2842316705724808	0.3622574955908289	0.07164378975560763	0.3622574955908289
13	0.7027117509206562	0.37671957671957673	0.08737864077669903	0.37671957671957673
7	1.2524271844660195	0.308289241622575	0.15232674924673587	0.308289241622575
7	0.6776029460997657	0.29241622574955906	0.12855708068295948	0.29241622574955906
11	0.6581854703716103	0.22151675485008818	0.19953130231001004	0.22151675485008818
11	1.291931704050887	0.18800705467372134	0.20053565450284566	0.18800705467372134
7	0.6262135922330098	0.1541446208112875	0.15232674924673587	0.18130511463844798
7	0.33880147304988284	0.14620811287477953	0.12855708068295948	0.14215167548500882
11	0.3290927351858052	0.11075837742504409	0.19953130231001004	0.06772486772486773
11	0.6459658520254435	0.09400352733686067	0.20053565450284566	0.057495590828924165
13	0.6421158352862404	0.18112874779541446	0.07164378975560763	0.18095238095238095
13	0.3513558754603281	0.18835978835978837	0.08737864077669903	0.1544973544973545
13	0.6421158352862404	0.18112874779541446	0.07164378975560763	0.18095238095238095
7	0.6262135922330098	0.1541446208112875	0.15232674924673587	0.18130511463844798
11	0.3290927351858052	0.11075837742504409	0.19953130231001004	0.06772486772486773
