0	1.232421875	0.6224	0.1181640625	0.6224
11	1.2900390625	0.294	0.14453125	0.294
11	0.791015625	0.2864	0.1220703125	0.2864
11	0.765625	0.3224	0.1796875	0.3224
0	1.232421875	0.6224	0.1181640625	0.6224
11	1.2900390625	0.294	0.14453125	0.294
11	0.791015625	0.2864	0.1220703125	0.2864
11	0.765625	0.3224	0.1796875	0.3224
0	0.6162109375	0.3112	0.1181640625	0.1104
11	0.64501953125	0.147	0.14453125	0.0308
11	0.3955078125	0.1432	0.1220703125	0.02
11	0.3828125	0.1612	0.1796875	0.0432
0	0.6162109375	0.3112	0.1181640625	0.1104
11	0.64501953125	0.147	0.14453125	0.0308
