13	0.5336826347305389	1.2270381836945305	0.13248502994011976	1.2270381836945305
3	1.1429640718562875	1.2511179910560715	0.4184131736526946	1.2511179910560715
13	0.5336826347305389	1.2270381836945305	0.13248502994011976	1.2270381836945305
3	1.1429640718562875	1.2511179910560715	0.4184131736526946	1.2511179910560715
13	0.26684131736526945	0.6135190918472653	0.13248502994011976	0.06501547987616099
3	0.5714820359281437	0.6255589955280357	0.4184131736526946	0.13450292397660818
3	0.5714820359281437	0.6255589955280357	0.4184131736526946	0.13450292397660818
9	0.29247754491017963	0.6467148262813898	0.13136227544910178	0.03783969728242174
7	0.29247754491017963	0.6467148262813898	0.13136227544910178	0.03783969728242174
11	0.6113398203592815	0.24045407636738905	0.046781437125748504	0.019263845889232887
13	0.26684131736526945	0.6135190918472653	0.13248502994011976	0.06501547987616099
