6	1.5080233406272794	0.7162433155080213	0.1652078774617068	0.7162433155080213
6	0.5678336980306345	0.8469251336898396	0.25346462436177974	0.8469251336898396
6	1.536105032822757	1.0137032085561497	0.16338439095550694	1.0137032085561497
10	1.550692924872356	1.170120320855615	0.24580598103574033	1.170120320855615
10	0.18453683442742524	1.3586229946524064	0.028446389496717725	1.3586229946524064
11	0.18453683442742524	1.3586229946524064	0.028446389496717725	1.3586229946524064
11	1.4850474106491611	0.32419786096256686	0.08825674690007294	0.32419786096256686
7	1.536105032822757	1.0137032085561497	0.16338439095550694	1.0137032085561497
7	0.6823486506199854	0.946524064171123	0.1301969365426696	0.946524064171123
0	1.2169948942377826	0.7911096256684492	0.12509117432531	0.7911096256684492
9	0.662290299051787	0.9488636363636364	0.09482129832239242	0.9488636363636364
9	0.49562363238512036	0.8940508021390374	0.19584245076586435	0.8940508021390374
9	1.5080233406272794	0.7162433155080213	0.1652078774617068	0.7162433155080213
6	1.5080233406272794	0.7162433155080213	0.1652078774617068	0.7162433155080213
6	0.5678336980306345	0.8469251336898396	0.25346462436177974	0.8469251336898396
6	1.536105032822757	1.0137032085561497	0.16338439095550694	1.0137032085561497
10	1.550692924872356	1.170120320855615	0.24580598103574033	1.170120320855615
10	0.18453683442742524	1.3586229946524064	0.028446389496717725	1.3586229946524064
11	0.18453683442742524	1.3586229946524064	0.028446389496717725	1.3586229946524064
11	1.4850474106491611	0.32419786096256686	0.08825674690007294	0.32419786096256686
7	1.536105032822757	1.0137032085561497	0.16338439095550694	1.0137032085561497
7	0.6823486506199854	0.946524064171123	0.1301969365426696	0.946524064171123
0	1.2169948942377826	0.7911096256684492	0.12509117432531	0.7911096256684492
9	0.662290299051787	0.9488636363636364	0.09482129832239242	0.9488636363636364
9	0.49562363238512036	0.8940508021390374	0.19584245076586435	0.8940508021390374
9	1.5080233406272794	0.7162433155080213	0.1652078774617068	0.7162433155080213
9	0.3311451495258935	0.4744318181818182	0.09482129832239242	0.1567513368983957
9	0.24781181619256018	0.4470254010695187	0.19584245076586435	0.3552807486631016
9	0.7540116703136397	0.35812165775401067	0.1652078774617068	0.19351604278074866
6	0.7540116703136397	0.35812165775401067	0.1652078774617068	0.19351604278074866
6	0.2839168490153173	0.4234625668449198	0.25346462436177974	0.4017379679144385
6	0.7680525164113785	0.5068516042780749	0.16338439095550694	0.0999331550802139
10	0.775346462436178	0.5850601604278075	0.24580598103574033	0.18883689839572193
10	0.09226841721371262	0.6793114973262032	0.028446389496717725	0.04578877005347594
11	0.09226841721371262	0.6793114973262032	0.028446389496717725	0.04578877005347594
11	0.7425237053245806	0.16209893048128343	0.08825674690007294	0.058823529411764705
7	0.7680525164113785	0.5068516042780749	0.16338439095550694	0.0999331550802139
7	0.3411743253099927	0.4732620320855615	0.1301969365426696	0.19050802139037434
0	0.6084974471188913	0.3955548128342246	0.12509117432531	0.14405080213903743
6	0.7540116703136397	0.35812165775401067	0.1652078774617068	0.19351604278074866
10	0.775346462436178	0.5850601604278075	0.24580598103574033	0.18883689839572193
11	0.09226841721371262	0.6793114973262032	0.028446389496717725	0.04578877005347594
13	0.7540116703136397	0.35812165775401067	0.1652078774617068	0.19351604278074866
7	0.7680525164113785	0.5068516042780749	0.16338439095550694	0.0999331550802139
0	0.6084974471188913	0.3955548128342246	0.12509117432531	0.14405080213903743
9	0.3311451495258935	0.4744318181818182	0.09482129832239242	0.1567513368983957
