10	1.8184615384615384	1.778755868544601	0.03076923076923077	1.778755868544601
10	0.35423076923076924	1.7699530516431925	0.2326923076923077	1.7699530516431925
10	0.1503846153846154	1.7188967136150235	0.025	1.7188967136150235
11	1.8184615384615384	1.778755868544601	0.03076923076923077	1.778755868544601
11	0.1503846153846154	1.7188967136150235	0.025	1.7188967136150235
12	0.18423076923076923	1.3644366197183098	0.09115384615384615	1.3644366197183098
12	0.4642307692307692	0.9823943661971831	0.34115384615384614	0.9823943661971831
12	0.4869230769230769	0.45481220657276994	0.30153846153846153	0.45481220657276994
10	1.8184615384615384	1.778755868544601	0.03076923076923077	1.778755868544601
10	0.35423076923076924	1.7699530516431925	0.2326923076923077	1.7699530516431925
10	0.1503846153846154	1.7188967136150235	0.025	1.7188967136150235
11	1.8184615384615384	1.778755868544601	0.03076923076923077	1.778755868544601
11	0.1503846153846154	1.7188967136150235	0.025	1.7188967136150235
12	0.18423076923076923	1.3644366197183098	0.09115384615384615	1.3644366197183098
12	0.4642307692307692	0.9823943661971831	0.34115384615384614	0.9823943661971831
12	0.4869230769230769	0.45481220657276994	0.30153846153846153	0.45481220657276994
10	0.9092307692307692	0.8893779342723005	0.03076923076923077	0.04929577464788732
10	0.17711538461538462	0.8849765258215962	0.2326923076923077	0.07981220657276995
10	0.0751923076923077	0.8594483568075117	0.025	0.03814553990610329
11	0.9092307692307692	0.8893779342723005	0.03076923076923077	0.04929577464788732
11	0.0751923076923077	0.8594483568075117	0.025	0.03814553990610329
12	0.09211538461538461	0.6822183098591549	0.09115384615384615	0.3685446009389671
12	0.2321153846153846	0.49119718309859156	0.34115384615384614	0.7147887323943662
12	0.24346153846153845	0.22740610328638497	0.30153846153846153	0.18896713615023475
10	0.9092307692307692	0.8893779342723005	0.03076923076923077	0.04929577464788732
11	0.9092307692307692	0.8893779342723005	0.03076923076923077	0.04929577464788732
12	0.09211538461538461	0.6822183098591549	0.09115384615384615	0.3685446009389671
8	0.22134615384615386	0.7460387323943662	0.20115384615384616	0.11355633802816902
7	0.2323076923076923	0.7677523474178404	0.21076923076923076	0.1728286384976526
