13	0.6331693605059733	1.4193771626297578	0.011243851018973999	1.4193771626297578
13	0.7684469430780042	0.5975778546712803	0.14652143359100492	0.5975778546712803
5	0.4947294448348559	1.3131487889273357	0.10962754743499649	1.3131487889273357
1	0.7512297962052003	0.43356401384083043	0.21855235418130708	0.43356401384083043
0	1.219255094869993	0.6629757785467129	0.09486999297259312	0.6629757785467129
9	1.68060435699227	1.144636678200692	0.029866479269149683	1.144636678200692
11	0.7336612789880534	0.43356401384083043	0.19747013352073084	0.43356401384083043
13	0.6331693605059733	1.4193771626297578	0.011243851018973999	1.4193771626297578
13	0.7684469430780042	0.5975778546712803	0.14652143359100492	0.5975778546712803
5	0.4947294448348559	1.3131487889273357	0.10962754743499649	1.3131487889273357
1	0.7512297962052003	0.43356401384083043	0.21855235418130708	0.43356401384083043
0	1.219255094869993	0.6629757785467129	0.09486999297259312	0.6629757785467129
9	1.68060435699227	1.144636678200692	0.029866479269149683	1.144636678200692
11	0.7336612789880534	0.43356401384083043	0.19747013352073084	0.43356401384083043
13	0.31658468025298664	0.7096885813148789	0.011243851018973999	0.07128027681660899
13	0.3842234715390021	0.29878892733564016	0.14652143359100492	0.14359861591695502
5	0.24736472241742796	0.6565743944636678	0.10962754743499649	0.18788927335640138
1	0.3756148981026001	0.21678200692041522	0.21855235418130708	0.08339100346020761
0	0.6096275474349965	0.33148788927335643	0.09486999297259312	0.10519031141868512
9	0.840302178496135	0.572318339100346	0.029866479269149683	0.04359861591695502
11	0.3668306394940267	0.21678200692041522	0.19747013352073084	0.07370242214532872
13	0.31658468025298664	0.7096885813148789	0.011243851018973999	0.07128027681660899
5	0.24736472241742796	0.6565743944636678	0.10962754743499649	0.18788927335640138
1	0.3756148981026001	0.21678200692041522	0.21855235418130708	0.08339100346020761
0	0.6096275474349965	0.33148788927335643	0.09486999297259312	0.10519031141868512
9	0.840302178496135	0.572318339100346	0.029866479269149683	0.04359861591695502
11	0.3668306394940267	0.21678200692041522	0.19747013352073084	0.07370242214532872
