0	1.0606525911708253	0.6074944426802159	0.1585412667946257	0.6074944426802159
3	1.055278310940499	1.117497618291521	0.5401151631477927	1.117497618291521
9	0.727063339731286	0.7195935217529374	0.10595009596928982	0.7195935217529374
0	1.0606525911708253	0.6074944426802159	0.1585412667946257	0.6074944426802159
3	1.055278310940499	1.117497618291521	0.5401151631477927	1.117497618291521
9	0.727063339731286	0.7195935217529374	0.10595009596928982	0.7195935217529374
0	0.5303262955854127	0.30374722134010795	0.1585412667946257	0.12416640203239124
3	0.5276391554702495	0.5587488091457605	0.5401151631477927	0.15655763734518896
9	0.363531669865643	0.3597967608764687	0.10595009596928982	0.21657669101302002
0	0.5303262955854127	0.30374722134010795	0.1585412667946257	0.12416640203239124
3	0.5276391554702495	0.5587488091457605	0.5401151631477927	0.15655763734518896
7	0.363531669865643	0.3597967608764687	0.10595009596928982	0.21657669101302002
9	0.363531669865643	0.3597967608764687	0.10595009596928982	0.21657669101302002
