13	0.5316840277777778	0.4427083333333333	0.10894097222222222	0.4427083333333333
13	1.2942708333333333	0.6340277777777777	0.1232638888888889	0.6340277777777777
13	0.3884548611111111	0.6697916666666667	0.2287326388888889	0.6697916666666667
1	0.5364583333333334	0.4423611111111111	0.11979166666666667	0.4423611111111111
1	0.4309895833333333	0.6777777777777778	0.19227430555555555	0.6777777777777778
11	0.06032986111111111	1.3041666666666667	0.031684027777777776	1.3041666666666667
13	0.5316840277777778	0.4427083333333333	0.10894097222222222	0.4427083333333333
13	1.2942708333333333	0.6340277777777777	0.1232638888888889	0.6340277777777777
13	0.3884548611111111	0.6697916666666667	0.2287326388888889	0.6697916666666667
1	0.5364583333333334	0.4423611111111111	0.11979166666666667	0.4423611111111111
1	0.4309895833333333	0.6777777777777778	0.19227430555555555	0.6777777777777778
11	0.06032986111111111	1.3041666666666667	0.031684027777777776	1.3041666666666667
13	0.2658420138888889	0.22135416666666666	0.10894097222222222	0.18368055555555557
13	0.6471354166666666	0.3170138888888889	0.1232638888888889	0.019444444444444445
13	0.19422743055555555	0.33489583333333334	0.2287326388888889	0.07604166666666666
1	0.2682291666666667	0.22118055555555555	0.11979166666666667	0.20277777777777778
1	0.21549479166666666	0.3388888888888889	0.19227430555555555	0.09097222222222222
11	0.030164930555555556	0.6520833333333333	0.031684027777777776	0.058333333333333334
11	0.030164930555555556	0.6520833333333333	0.031684027777777776	0.058333333333333334
13	0.2658420138888889	0.22135416666666666	0.10894097222222222	0.18368055555555557
1	0.2682291666666667	0.22118055555555555	0.11979166666666667	0.20277777777777778
9	0.3682725694444444	0.44027777777777777	0.12456597222222222	0.33194444444444443
10	0.029513888888888888	0.6366319444444445	0.036458333333333336	0.08993055555555556
0	0.4715711805555556	0.2453125	0.1072048611111111	0.09618055555555556
