13	1.6273961661341854	0.6029919447640967	0.1042332268370607	0.6029919447640967
13	1.5151757188498403	0.6248561565017261	0.20447284345047922	0.6248561565017261
13	1.5742811501597445	0.48216340621403914	0.07188498402555911	0.48216340621403914
13	1.6273961661341854	0.6029919447640967	0.1042332268370607	0.6029919447640967
13	1.5151757188498403	0.6248561565017261	0.20447284345047922	0.6248561565017261
13	1.5742811501597445	0.48216340621403914	0.07188498402555911	0.48216340621403914
13	0.8136980830670927	0.30149597238204834	0.1042332268370607	0.03605677023398542
13	0.7575878594249201	0.31242807825086305	0.20447284345047922	0.27809742999616416
13	0.7871405750798722	0.24108170310701957	0.07188498402555911	0.02032988108937476
13	0.8136980830670927	0.30149597238204834	0.1042332268370607	0.03605677023398542
