13	1.36404833836858	0.40722291407222916	0.12537764350453173	0.40722291407222916
13	0.38255287009063443	0.597758405977584	0.11518126888217523	0.597758405977584
11	0.6631419939577039	0.3069738480697385	0.11253776435045318	0.3069738480697385
11	1.402190332326284	0.4044209215442092	0.1491691842900302	0.4044209215442092
13	1.36404833836858	0.40722291407222916	0.12537764350453173	0.40722291407222916
13	0.38255287009063443	0.597758405977584	0.11518126888217523	0.597758405977584
11	0.6631419939577039	0.3069738480697385	0.11253776435045318	0.3069738480697385
11	1.402190332326284	0.4044209215442092	0.1491691842900302	0.4044209215442092
13	0.68202416918429	0.20361145703611458	0.12537764350453173	0.10087173100871731
13	0.19127643504531722	0.298879202988792	0.11518126888217523	0.0784557907845579
11	0.33157099697885195	0.15348692403486924	0.11253776435045318	0.0323785803237858
11	0.701095166163142	0.2022104607721046	0.1491691842900302	0.09059775840597759
13	0.68202416918429	0.20361145703611458	0.12537764350453173	0.10087173100871731
0	0.5313444108761329	0.28953922789539227	0.13746223564954682	0.09775840597758406
11	0.33157099697885195	0.15348692403486924	0.11253776435045318	0.0323785803237858
4	0.18995468277945618	0.2940535491905355	0.10045317220543806	0.07067247820672479
9	0.5033987915407855	0.2812889165628892	0.061933534743202415	0.13667496886674968
