13	0.5963541666666666	0.4869791666666667	0.173828125	0.4869791666666667
7	1.35546875	1.2281901041666667	0.15559895833333334	1.2281901041666667
7	0.6315104166666666	0.4986979166666667	0.212890625	0.4986979166666667
4	0.5963541666666666	0.4869791666666667	0.173828125	0.4869791666666667
4	1.35546875	1.2281901041666667	0.15559895833333334	1.2281901041666667
6	0.5963541666666666	0.4869791666666667	0.173828125	0.4869791666666667
13	0.5963541666666666	0.4869791666666667	0.173828125	0.4869791666666667
7	1.35546875	1.2281901041666667	0.15559895833333334	1.2281901041666667
7	0.6315104166666666	0.4986979166666667	0.212890625	0.4986979166666667
4	0.5963541666666666	0.4869791666666667	0.173828125	0.4869791666666667
4	1.35546875	1.2281901041666667	0.15559895833333334	1.2281901041666667
6	0.5963541666666666	0.4869791666666667	0.173828125	0.4869791666666667
13	0.2981770833333333	0.24348958333333334	0.173828125	0.224609375
7	0.677734375	0.6140950520833334	0.15559895833333334	0.1689453125
7	0.3157552083333333	0.24934895833333334	0.212890625	0.22591145833333334
4	0.2981770833333333	0.24348958333333334	0.173828125	0.224609375
4	0.677734375	0.6140950520833334	0.15559895833333334	0.1689453125
6	0.2981770833333333	0.24348958333333334	0.173828125	0.224609375
13	0.2981770833333333	0.24348958333333334	0.173828125	0.224609375
7	0.677734375	0.6140950520833334	0.15559895833333334	0.1689453125
4	0.2981770833333333	0.24348958333333334	0.173828125	0.224609375
10	0.6787109375	0.6409505208333334	0.15950520833333334	0.16731770833333334
6	0.2981770833333333	0.24348958333333334	0.173828125	0.224609375
