3	1.168864313058273	1.1948391922213912	0.5053168864313058	1.1948391922213912
7	0.6116546150574224	1.111817501869858	0.08592088472990217	1.111817501869858
7	1.5772011909825605	1.1615557217651458	0.0867715865589111	1.1615557217651458
3	1.168864313058273	1.1948391922213912	0.5053168864313058	1.1948391922213912
7	0.6116546150574224	1.111817501869858	0.08592088472990217	1.111817501869858
7	1.5772011909825605	1.1615557217651458	0.0867715865589111	1.1615557217651458
3	0.5844321565291365	0.5974195961106956	0.5053168864313058	0.1424831712789828
7	0.3058273075287112	0.555908750934929	0.08592088472990217	0.12677636499626027
7	0.7886005954912803	0.5807778608825729	0.0867715865589111	0.13612565445026178
3	0.5844321565291365	0.5974195961106956	0.5053168864313058	0.1424831712789828
13	0.7886005954912803	0.5807778608825729	0.0867715865589111	0.13612565445026178
7	0.3058273075287112	0.555908750934929	0.08592088472990217	0.12677636499626027
0	0.5678434708634623	0.31488406881077036	0.13866439812845596	0.1323859386686612
