3	1.1988180666948078	1.2067020570670206	0.41367665681722243	1.2067020570670206
13	1.6281131279020684	1.1921035169210352	0.07302659349936683	1.1921035169210352
13	0.5787252005065429	1.104180491041805	0.13718868720979316	1.104180491041805
3	1.1988180666948078	1.2067020570670206	0.41367665681722243	1.2067020570670206
13	1.6281131279020684	1.1921035169210352	0.07302659349936683	1.1921035169210352
13	0.5787252005065429	1.104180491041805	0.13718868720979316	1.104180491041805
3	0.5994090333474039	0.6033510285335103	0.41367665681722243	0.13636363636363635
13	0.8140565639510342	0.5960517584605176	0.07302659349936683	0.033510285335102856
13	0.28936260025327143	0.5520902455209025	0.13718868720979316	0.10218978102189781
3	0.5994090333474039	0.6033510285335103	0.41367665681722243	0.13636363636363635
13	0.8140565639510342	0.5960517584605176	0.07302659349936683	0.033510285335102856
11	0.861544955677501	0.7018911745189117	0.04390037990713381	0.060716655607166554
10	0.861544955677501	0.7018911745189117	0.04390037990713381	0.060716655607166554
0	0.614394259181089	0.3196748506967485	0.12452511608273534	0.10451227604512275
