5	0.49312977099236643	0.9853146853146854	0.26641221374045804	0.9853146853146854
5	1.6038167938931298	1.1465034965034966	0.17862595419847327	1.1465034965034966
9	1.6038167938931298	1.1465034965034966	0.17862595419847327	1.1465034965034966
9	0.49312977099236643	0.9853146853146854	0.26641221374045804	0.9853146853146854
8	0.6797709923664123	0.7996503496503496	0.1484732824427481	0.7996503496503496
5	0.49312977099236643	0.9853146853146854	0.26641221374045804	0.9853146853146854
5	1.6038167938931298	1.1465034965034966	0.17862595419847327	1.1465034965034966
9	1.6038167938931298	1.1465034965034966	0.17862595419847327	1.1465034965034966
9	0.49312977099236643	0.9853146853146854	0.26641221374045804	0.9853146853146854
8	0.6797709923664123	0.7996503496503496	0.1484732824427481	0.7996503496503496
5	0.24656488549618322	0.4926573426573427	0.26641221374045804	0.5356643356643357
5	0.8019083969465649	0.5732517482517483	0.17862595419847327	0.4870629370629371
9	0.8019083969465649	0.5732517482517483	0.17862595419847327	0.4870629370629371
9	0.24656488549618322	0.4926573426573427	0.26641221374045804	0.5356643356643357
8	0.3398854961832061	0.3998251748251748	0.1484732824427481	0.21643356643356643
9	0.8019083969465649	0.5732517482517483	0.17862595419847327	0.4870629370629371
8	0.3398854961832061	0.3998251748251748	0.1484732824427481	0.21643356643356643
0	0.5595419847328245	0.40454545454545454	0.13816793893129772	0.15034965034965034
4	0.33606870229007635	0.42325174825174827	0.14083969465648855	0.2513986013986014
13	0.24656488549618322	0.4926573426573427	0.26641221374045804	0.5356643356643357
5	0.24656488549618322	0.4926573426573427	0.26641221374045804	0.5356643356643357
