3	1.1609442060085837	1.2059964726631394	0.40915593705293274	1.2059964726631394
3	1.1770386266094421	0.7167548500881834	0.10908440629470673	0.7167548500881834
0	1.15379113018598	0.6800705467372135	0.11587982832618025	0.6800705467372135
3	1.1609442060085837	1.2059964726631394	0.40915593705293274	1.2059964726631394
3	1.1770386266094421	0.7167548500881834	0.10908440629470673	0.7167548500881834
0	1.15379113018598	0.6800705467372135	0.11587982832618025	0.6800705467372135
3	0.5804721030042919	0.6029982363315697	0.40915593705293274	0.09347442680776014
3	0.5885193133047211	0.3583774250440917	0.10908440629470673	0.1439153439153439
0	0.57689556509299	0.3400352733686067	0.11587982832618025	0.1072310405643739
3	0.5804721030042919	0.6029982363315697	0.40915593705293274	0.09347442680776014
0	0.57689556509299	0.3400352733686067	0.11587982832618025	0.1072310405643739
