7	0.47063169560398965	0.931810766721044	0.15145917990395272	0.931810766721044
7	1.4163280384189139	0.9510603588907015	0.21352050240118212	0.9510603588907015
0	1.060583671961581	0.5517128874388254	0.11932028075360178	0.5517128874388254
11	1.2005910602142593	0.2	0.1078684891023273	0.2
11	0.6420391577391947	0.22512234910277323	0.1337273734761729	0.22512234910277323
13	0.6387144440339859	0.5686786296900489	0.10454377539711858	0.5686786296900489
13	0.5655707425193942	0.7866231647634584	0.21536756557074252	0.7866231647634584
13	1.4916882157369782	0.5817292006525285	0.06427779830070188	0.5817292006525285
10	0.5105282600664943	1.0926590538336052	0.27336534909493904	1.0926590538336052
10	0.4019209456963428	1.0427406199021207	0.1736239379386775	1.0427406199021207
7	0.47063169560398965	0.931810766721044	0.15145917990395272	0.931810766721044
7	1.4163280384189139	0.9510603588907015	0.21352050240118212	0.9510603588907015
0	1.060583671961581	0.5517128874388254	0.11932028075360178	0.5517128874388254
11	1.2005910602142593	0.2	0.1078684891023273	0.2
11	0.6420391577391947	0.22512234910277323	0.1337273734761729	0.22512234910277323
13	0.6387144440339859	0.5686786296900489	0.10454377539711858	0.5686786296900489
13	0.5655707425193942	0.7866231647634584	0.21536756557074252	0.7866231647634584
13	1.4916882157369782	0.5817292006525285	0.06427779830070188	0.5817292006525285
10	0.5105282600664943	1.0926590538336052	0.27336534909493904	1.0926590538336052
10	0.4019209456963428	1.0427406199021207	0.1736239379386775	1.0427406199021207
7	0.23531584780199483	0.465905383360522	0.15145917990395272	0.0965742251223491
7	0.7081640192094569	0.47553017944535075	0.21352050240118212	0.2306688417618271
0	0.5302918359807905	0.2758564437194127	0.11932028075360178	0.13083197389885806
11	0.6002955301071297	0.1	0.1078684891023273	0.01533442088091354
11	0.32101957886959737	0.11256117455138662	0.1337273734761729	0.017618270799347472
13	0.31935722201699296	0.28433931484502445	0.10454377539711858	0.021207177814029365
13	0.2827853712596971	0.3933115823817292	0.21536756557074252	0.10212071778140294
13	0.7458441078684891	0.29086460032626427	0.06427779830070188	0.03099510603588907
10	0.25526413003324716	0.5463295269168026	0.27336534909493904	0.3631321370309951
10	0.2009604728481714	0.5213703099510604	0.1736239379386775	0.12920065252854812
7	0.23531584780199483	0.465905383360522	0.15145917990395272	0.0965742251223491
0	0.5302918359807905	0.2758564437194127	0.11932028075360178	0.13083197389885806
11	0.6002955301071297	0.1	0.1078684891023273	0.01533442088091354
13	0.31935722201699296	0.28433931484502445	0.10454377539711858	0.021207177814029365
10	0.25526413003324716	0.5463295269168026	0.27336534909493904	0.3631321370309951
3	0.5310306612486148	0.5634584013050571	0.5611377909124492	0.16378466557911908
