10	0.11376953125	1.7208	0.06982421875	1.7208
10	1.76611328125	1.802	0.06005859375	1.802
11	0.12109375	1.7232	0.0478515625	1.7232
11	1.76611328125	1.802	0.06005859375	1.802
9	0.37548828125	1.5224	0.15869140625	1.5224
10	0.11376953125	1.7208	0.06982421875	1.7208
10	1.76611328125	1.802	0.06005859375	1.802
11	0.12109375	1.7232	0.0478515625	1.7232
11	1.76611328125	1.802	0.06005859375	1.802
9	0.37548828125	1.5224	0.15869140625	1.5224
10	0.056884765625	0.8604	0.06982421875	0.0944
10	0.883056640625	0.901	0.06005859375	0.0612
11	0.060546875	0.8616	0.0478515625	0.0848
11	0.883056640625	0.901	0.06005859375	0.0612
9	0.187744140625	0.7612	0.15869140625	0.0648
10	0.056884765625	0.8604	0.06982421875	0.0944
11	0.060546875	0.8616	0.0478515625	0.0848
9	0.187744140625	0.7612	0.15869140625	0.0648
