8	0.7401998462720983	1.5231259968102073	0.042275172943889314	1.5231259968102073
8	0.7255956956187548	0.4309409888357257	0.033051498847040735	0.4309409888357257
11	1.7017678708685626	1.6625199362041467	0.09069946195234435	1.6625199362041467
11	0.18178324365872406	1.672408293460925	0.061875480399692546	1.672408293460925
11	1.4942352036894697	0.4813397129186603	0.20906994619523445	0.4813397129186603
10	1.7232897770945426	1.7177033492822966	0.09069946195234435	1.7177033492822966
10	0.18178324365872406	1.672408293460925	0.061875480399692546	1.672408293460925
13	1.6929285165257495	1.4411483253588517	0.10568793235972329	1.4411483253588517
13	0.4304381245196003	0.785645933014354	0.1460415065334358	0.785645933014354
13	0.1960030745580323	1.634768740031898	0.045349730976172176	1.634768740031898
9	0.34973097617217525	0.9365231259968102	0.0930053804765565	0.9365231259968102
9	1.3781706379707916	1.6685805422647528	0.2759415833973866	1.6685805422647528
8	0.7401998462720983	1.5231259968102073	0.042275172943889314	1.5231259968102073
8	0.7255956956187548	0.4309409888357257	0.033051498847040735	0.4309409888357257
11	1.7017678708685626	1.6625199362041467	0.09069946195234435	1.6625199362041467
11	0.18178324365872406	1.672408293460925	0.061875480399692546	1.672408293460925
11	1.4942352036894697	0.4813397129186603	0.20906994619523445	0.4813397129186603
10	1.7232897770945426	1.7177033492822966	0.09069946195234435	1.7177033492822966
10	0.18178324365872406	1.672408293460925	0.061875480399692546	1.672408293460925
13	1.6929285165257495	1.4411483253588517	0.10568793235972329	1.4411483253588517
13	0.4304381245196003	0.785645933014354	0.1460415065334358	0.785645933014354
13	0.1960030745580323	1.634768740031898	0.045349730976172176	1.634768740031898
9	0.34973097617217525	0.9365231259968102	0.0930053804765565	0.9365231259968102
9	1.3781706379707916	1.6685805422647528	0.2759415833973866	1.6685805422647528
11	0.8508839354342813	0.8312599681020734	0.09069946195234435	0.10271132376395534
11	0.09089162182936203	0.8362041467304625	0.061875480399692546	0.11451355661881978
11	0.7471176018447349	0.24066985645933014	0.20906994619523445	0.08452950558213716
10	0.8616448885472713	0.8588516746411483	0.09069946195234435	0.17384370015948963
10	0.09089162182936203	0.8362041467304625	0.061875480399692546	0.11451355661881978
13	0.8464642582628747	0.7205741626794259	0.10568793235972329	0.16012759170653906
13	0.21521906225980014	0.392822966507177	0.1460415065334358	0.17129186602870813
13	0.09800153727901614	0.817384370015949	0.045349730976172176	0.04178628389154705
9	0.17486548808608762	0.4682615629984051	0.0930053804765565	0.024880382775119617
9	0.6890853189853958	0.8342902711323764	0.2759415833973866	0.06220095693779904
8	0.37009992313604917	0.7615629984051037	0.042275172943889314	0.03732057416267943
8	0.3627978478093774	0.21547049441786284	0.033051498847040735	0.029027113237639554
8	0.37009992313604917	0.7615629984051037	0.042275172943889314	0.03732057416267943
11	0.8508839354342813	0.8312599681020734	0.09069946195234435	0.10271132376395534
10	0.8616448885472713	0.8588516746411483	0.09069946195234435	0.17384370015948963
13	0.8464642582628747	0.7205741626794259	0.10568793235972329	0.16012759170653906
0	0.5785933897002306	0.39840510366826154	0.13259031514219832	0.09760765550239234
9	0.17486548808608762	0.4682615629984051	0.0930053804765565	0.024880382775119617
