0	0.9791666666666666	0.8041666666666667	0.11284722222222222	0.8041666666666667
11	0.54296875	0.4642361111111111	0.13758680555555555	0.4642361111111111
11	1.1493055555555556	0.46770833333333334	0.2144097222222222	0.46770833333333334
0	0.9791666666666666	0.8041666666666667	0.11284722222222222	0.8041666666666667
11	0.54296875	0.4642361111111111	0.13758680555555555	0.4642361111111111
11	1.1493055555555556	0.46770833333333334	0.2144097222222222	0.46770833333333334
0	0.4895833333333333	0.40208333333333335	0.11284722222222222	0.11388888888888889
11	0.271484375	0.23211805555555556	0.13758680555555555	0.025347222222222222
11	0.5746527777777778	0.23385416666666667	0.2144097222222222	0.06909722222222223
0	0.4895833333333333	0.40208333333333335	0.11284722222222222	0.11388888888888889
3	0.51171875	0.7133680555555556	0.4565972222222222	0.08576388888888889
11	0.271484375	0.23211805555555556	0.13758680555555555	0.025347222222222222
