13	0.68994140625	0.4708	0.09326171875	0.4708
13	1.00927734375	0.4464	0.02978515625	0.4464
13	1.3427734375	0.4812	0.0869140625	0.4812
11	1.63818359375	1.4156	0.06005859375	1.4156
11	0.50830078125	0.3424	0.05322265625	0.3424
13	0.68994140625	0.4708	0.09326171875	0.4708
13	1.00927734375	0.4464	0.02978515625	0.4464
13	1.3427734375	0.4812	0.0869140625	0.4812
11	1.63818359375	1.4156	0.06005859375	1.4156
11	0.50830078125	0.3424	0.05322265625	0.3424
13	0.344970703125	0.2354	0.09326171875	0.1124
13	0.504638671875	0.2232	0.02978515625	0.0808
13	0.67138671875	0.2406	0.0869140625	0.1076
11	0.819091796875	0.7078	0.06005859375	0.0884
11	0.254150390625	0.1712	0.05322265625	0.0496
13	0.344970703125	0.2354	0.09326171875	0.1124
11	0.819091796875	0.7078	0.06005859375	0.0884
10	0.819091796875	0.7078	0.06005859375	0.0884
0	0.5185546875	0.3132	0.1162109375	0.0928
