11	0.7241379310344828	0.29891304347826086	0.10632183908045977	0.29891304347826086
11	0.7136015325670498	0.3290133779264214	0.19827586206896552	0.3290133779264214
3	1.1829501915708813	1.2813545150501673	0.3994252873563218	1.2813545150501673
11	0.7241379310344828	0.29891304347826086	0.10632183908045977	0.29891304347826086
11	0.7136015325670498	0.3290133779264214	0.19827586206896552	0.3290133779264214
3	1.1829501915708813	1.2813545150501673	0.3994252873563218	1.2813545150501673
11	0.3620689655172414	0.14945652173913043	0.10632183908045977	0.0338628762541806
11	0.3568007662835249	0.1645066889632107	0.19827586206896552	0.059782608695652176
3	0.5914750957854407	0.6406772575250836	0.3994252873563218	0.13921404682274247
11	0.3620689655172414	0.14945652173913043	0.10632183908045977	0.0338628762541806
3	0.5914750957854407	0.6406772575250836	0.3994252873563218	0.13921404682274247
0	0.5955459770114943	0.3120819397993311	0.09434865900383142	0.08904682274247491
