10	0.46181102362204723	1.0813802083333333	0.20354330708661417	1.0813802083333333
10	0.552755905511811	0.9514973958333334	0.3165354330708661	0.9514973958333334
3	1.2645669291338584	1.025390625	0.48031496062992124	1.025390625
0	1.1874015748031497	0.5478515625	0.13228346456692913	0.5478515625
7	0.5751968503937008	0.8984375	0.27283464566929133	0.8984375
13	0.4732283464566929	0.6282552083333334	0.11023622047244094	0.6282552083333334
10	0.46181102362204723	1.0813802083333333	0.20354330708661417	1.0813802083333333
10	0.552755905511811	0.9514973958333334	0.3165354330708661	0.9514973958333334
3	1.2645669291338584	1.025390625	0.48031496062992124	1.025390625
0	1.1874015748031497	0.5478515625	0.13228346456692913	0.5478515625
7	0.5751968503937008	0.8984375	0.27283464566929133	0.8984375
13	0.4732283464566929	0.6282552083333334	0.11023622047244094	0.6282552083333334
13	0.23661417322834646	0.3141276041666667	0.11023622047244094	0.046223958333333336
10	0.23090551181102362	0.5406901041666666	0.20354330708661417	0.076171875
10	0.2763779527559055	0.4757486979166667	0.3165354330708661	0.2646484375
3	0.6322834645669292	0.5126953125	0.48031496062992124	0.20768229166666666
0	0.5937007874015748	0.27392578125	0.13228346456692913	0.14225260416666666
7	0.2875984251968504	0.44921875	0.27283464566929133	0.16927083333333334
10	0.23090551181102362	0.5406901041666666	0.20354330708661417	0.076171875
3	0.6322834645669292	0.5126953125	0.48031496062992124	0.20768229166666666
0	0.5937007874015748	0.27392578125	0.13228346456692913	0.14225260416666666
7	0.2875984251968504	0.44921875	0.27283464566929133	0.16927083333333334
13	0.23661417322834646	0.3141276041666667	0.11023622047244094	0.046223958333333336
11	0.18090551181102363	0.4129231770833333	0.06653543307086614	0.1572265625
