10	0.1597222222222222	1.432986111111111	0.078125	1.432986111111111
10	1.546875	1.3902777777777777	0.11197916666666667	1.3902777777777777
11	1.171875	0.484375	0.11805555555555555	0.484375
11	0.12977430555555555	1.413888888888889	0.06293402777777778	1.413888888888889
11	1.5915798611111112	1.3993055555555556	0.07942708333333333	1.3993055555555556
10	0.1597222222222222	1.432986111111111	0.078125	1.432986111111111
10	1.546875	1.3902777777777777	0.11197916666666667	1.3902777777777777
11	1.171875	0.484375	0.11805555555555555	0.484375
11	0.12977430555555555	1.413888888888889	0.06293402777777778	1.413888888888889
11	1.5915798611111112	1.3993055555555556	0.07942708333333333	1.3993055555555556
10	0.0798611111111111	0.7164930555555555	0.078125	0.0920138888888889
10	0.7734375	0.6951388888888889	0.11197916666666667	0.06527777777777778
11	0.5859375	0.2421875	0.11805555555555555	0.07326388888888889
11	0.06488715277777778	0.7069444444444445	0.06293402777777778	0.06736111111111111
11	0.7957899305555556	0.6996527777777778	0.07942708333333333	0.09722222222222222
10	0.0798611111111111	0.7164930555555555	0.078125	0.0920138888888889
11	0.5859375	0.2421875	0.11805555555555555	0.07326388888888889
3	0.4986979166666667	0.6534722222222222	0.4157986111111111	0.14791666666666667
