7	0.38916015625	1.0536	0.22216796875	1.0536
7	1.5361328125	1.1152	0.1474609375	1.1152
0	1.07470703125	0.7376	0.11572265625	0.7376
7	0.38916015625	1.0536	0.22216796875	1.0536
7	1.5361328125	1.1152	0.1474609375	1.1152
0	1.07470703125	0.7376	0.11572265625	0.7376
7	0.194580078125	0.5268	0.22216796875	0.0768
7	0.76806640625	0.5576	0.1474609375	0.136
0	0.537353515625	0.3688	0.11572265625	0.1504
7	0.194580078125	0.5268	0.22216796875	0.0768
13	0.194580078125	0.5268	0.22216796875	0.0768
3	0.54248046875	0.576	0.43359375	0.0768
0	0.537353515625	0.3688	0.11572265625	0.1504
6	0.197265625	0.5216	0.2802734375	0.0984
