7	1.4315528829147506	0.8903962870403427	0.32578705341351255	0.8903962870403427
7	1.182525645560665	0.5865762227775795	0.16236292889989387	0.5865762227775795
7	0.49345596038203043	1.0139235987147448	0.21330031835868413	1.0139235987147448
6	0.5288291475061903	0.7954302034987505	0.0930314821365405	0.7954302034987505
6	0.49345596038203043	1.0139235987147448	0.21330031835868413	1.0139235987147448
6	1.5886098337460206	1.1103177436629774	0.1920764060841882	1.1103177436629774
8	1.182525645560665	0.5865762227775795	0.16236292889989387	0.5865762227775795
9	1.72125928546162	0.34737593716529813	0.019808984789529537	0.34737593716529813
9	0.5249380969225327	1.5194573366654767	0.05588963565617262	1.5194573366654767
9	0.5638486027591086	1.0017850767583005	0.14856738592147153	1.0017850767583005
9	0.32720198089847896	1.0160656908247054	0.03926423770781747	1.0160656908247054
9	0.42589317297488505	0.37022491967154586	0.09126282278033251	0.37022491967154586
7	1.4315528829147506	0.8903962870403427	0.32578705341351255	0.8903962870403427
7	1.182525645560665	0.5865762227775795	0.16236292889989387	0.5865762227775795
7	0.49345596038203043	1.0139235987147448	0.21330031835868413	1.0139235987147448
6	0.5288291475061903	0.7954302034987505	0.0930314821365405	0.7954302034987505
6	0.49345596038203043	1.0139235987147448	0.21330031835868413	1.0139235987147448
6	1.5886098337460206	1.1103177436629774	0.1920764060841882	1.1103177436629774
8	1.182525645560665	0.5865762227775795	0.16236292889989387	0.5865762227775795
9	1.72125928546162	0.34737593716529813	0.019808984789529537	0.34737593716529813
9	0.5249380969225327	1.5194573366654767	0.05588963565617262	1.5194573366654767
9	0.5638486027591086	1.0017850767583005	0.14856738592147153	1.0017850767583005
9	0.32720198089847896	1.0160656908247054	0.03926423770781747	1.0160656908247054
9	0.42589317297488505	0.37022491967154586	0.09126282278033251	0.37022491967154586
7	0.7157764414573753	0.44519814352017134	0.32578705341351255	0.6126383434487683
7	0.5912628227803325	0.29328811138878974	0.16236292889989387	0.19457336665476616
7	0.24672798019101522	0.5069617993573724	0.21330031835868413	0.27990003570153515
6	0.26441457375309513	0.39771510174937524	0.0930314821365405	0.06569082470546234
6	0.24672798019101522	0.5069617993573724	0.21330031835868413	0.27990003570153515
6	0.7943049168730103	0.5551588718314887	0.1920764060841882	0.41985005355230276
8	0.5912628227803325	0.29328811138878974	0.16236292889989387	0.19457336665476616
9	0.86062964273081	0.17368796858264907	0.019808984789529537	0.02534808996786862
9	0.26246904846126634	0.7597286683327383	0.05588963565617262	0.06640485540878258
9	0.2819243013795543	0.5008925383791503	0.14856738592147153	0.06997500892538379
9	0.16360099044923948	0.5080328454123527	0.03926423770781747	0.05640842556229918
9	0.21294658648744252	0.18511245983577293	0.09126282278033251	0.07247411638700464
3	0.5787053413512557	0.6697607997143877	0.40113194198797314	0.2056408425562299
0	0.5937389458790236	0.30506961799357374	0.13830916165546517	0.15458764726883256
9	0.86062964273081	0.17368796858264907	0.019808984789529537	0.02534808996786862
7	0.7157764414573753	0.44519814352017134	0.32578705341351255	0.6126383434487683
6	0.26441457375309513	0.39771510174937524	0.0930314821365405	0.06569082470546234
8	0.5912628227803325	0.29328811138878974	0.16236292889989387	0.19457336665476616
