0	1.171897810218978	0.7372881355932204	0.09014598540145985	0.7372881355932204
11	0.7565693430656935	0.24348109517601044	0.10328467153284672	0.24348109517601044
11	1.2463503649635037	0.33376792698826596	0.1010948905109489	0.33376792698826596
0	1.171897810218978	0.7372881355932204	0.09014598540145985	0.7372881355932204
11	0.7565693430656935	0.24348109517601044	0.10328467153284672	0.24348109517601044
11	1.2463503649635037	0.33376792698826596	0.1010948905109489	0.33376792698826596
0	0.585948905109489	0.3686440677966102	0.09014598540145985	0.1271186440677966
11	0.37828467153284673	0.12174054758800522	0.10328467153284672	0.029661016949152543
11	0.6231751824817519	0.16688396349413298	0.1010948905109489	0.07953063885267275
0	0.585948905109489	0.3686440677966102	0.09014598540145985	0.1271186440677966
11	0.37828467153284673	0.12174054758800522	0.10328467153284672	0.029661016949152543
