0	1.2054924242424243	0.728219696969697	0.1571969696969697	0.728219696969697
11	0.6946022727272727	0.3612689393939394	0.21448863636363635	0.3612689393939394
11	1.3465909090909092	0.3020833333333333	0.21117424242424243	0.3020833333333333
3	1.1557765151515151	1.4886363636363635	0.6046401515151515	1.4886363636363635
0	1.2054924242424243	0.728219696969697	0.1571969696969697	0.728219696969697
11	0.6946022727272727	0.3612689393939394	0.21448863636363635	0.3612689393939394
11	1.3465909090909092	0.3020833333333333	0.21117424242424243	0.3020833333333333
3	1.1557765151515151	1.4886363636363635	0.6046401515151515	1.4886363636363635
0	0.6027462121212122	0.3641098484848485	0.1571969696969697	0.20454545454545456
11	0.34730113636363635	0.1806344696969697	0.21448863636363635	0.06960227272727272
11	0.6732954545454546	0.15104166666666666	0.21117424242424243	0.06818181818181818
3	0.5778882575757576	0.7443181818181818	0.6046401515151515	0.22821969696969696
0	0.6027462121212122	0.3641098484848485	0.1571969696969697	0.20454545454545456
11	0.34730113636363635	0.1806344696969697	0.21448863636363635	0.06960227272727272
3	0.5778882575757576	0.7443181818181818	0.6046401515151515	0.22821969696969696
