5	0.5704340704340705	1.0606624488276888	0.14864864864864866	1.0606624488276888
5	1.5622440622440623	1.018608113137328	0.273955773955774	1.018608113137328
5	0.5065520065520066	0.7692593970971343	0.4189189189189189	0.7692593970971343
5	1.6416871416871417	1.0230740602902866	0.13963963963963963	1.0230740602902866
2	1.2809172809172809	0.5679196129512467	0.07944307944307945	0.5679196129512467
5	0.5704340704340705	1.0606624488276888	0.14864864864864866	1.0606624488276888
5	1.5622440622440623	1.018608113137328	0.273955773955774	1.018608113137328
5	0.5065520065520066	0.7692593970971343	0.4189189189189189	0.7692593970971343
5	1.6416871416871417	1.0230740602902866	0.13963963963963963	1.0230740602902866
2	1.2809172809172809	0.5679196129512467	0.07944307944307945	0.5679196129512467
5	0.28521703521703523	0.5303312244138444	0.14864864864864866	0.1577967994045404
5	0.7811220311220312	0.509304056568664	0.273955773955774	0.3703014514328247
5	0.2532760032760033	0.38462969854856716	0.4189189189189189	0.6017863788611835
5	0.8208435708435708	0.5115370301451433	0.13963963963963963	0.19538518794194268
2	0.6404586404586404	0.28395980647562336	0.07944307944307945	0.13100111648678825
5	0.28521703521703523	0.5303312244138444	0.14864864864864866	0.1577967994045404
2	0.6404586404586404	0.28395980647562336	0.07944307944307945	0.13100111648678825
0	0.6214168714168714	0.285076293263863	0.15028665028665028	0.15705247487904728
3	0.5997133497133497	0.5675474506885002	0.5294840294840295	0.22999627837737252
