11	0.8289379900213828	0.43514228987425546	0.0698503207412687	0.43514228987425546
11	1.3374910905203137	0.43977498345466576	0.1179615110477548	0.43977498345466576
3	1.1379187455452602	1.4367968232958306	0.4044903777619387	1.4367968232958306
11	0.8289379900213828	0.43514228987425546	0.0698503207412687	0.43514228987425546
11	1.3374910905203137	0.43977498345466576	0.1179615110477548	0.43977498345466576
3	1.1379187455452602	1.4367968232958306	0.4044903777619387	1.4367968232958306
11	0.4144689950106914	0.21757114493712773	0.0698503207412687	0.014890800794176042
11	0.6687455452601568	0.21988749172733288	0.1179615110477548	0.016876240900066182
3	0.5689593727726301	0.7183984116479153	0.4044903777619387	0.13831899404367967
6	0.2815395580898076	0.684976836532098	0.15324305060584462	0.13103904698874919
11	0.4144689950106914	0.21757114493712773	0.0698503207412687	0.014890800794176042
3	0.5689593727726301	0.7183984116479153	0.4044903777619387	0.13831899404367967
7	0.2815395580898076	0.684976836532098	0.15324305060584462	0.13103904698874919
0	0.5759087669280114	0.4243878226340172	0.1240199572344975	0.14195896757114493
