10	1.582283464566929	1.1624348958333333	0.21456692913385828	1.1624348958333333
11	1.4082677165354331	0.3720703125	0.1374015748031496	0.3720703125
11	0.7649606299212598	0.3138020833333333	0.07047244094488189	0.3138020833333333
10	1.582283464566929	1.1624348958333333	0.21456692913385828	1.1624348958333333
11	1.4082677165354331	0.3720703125	0.1374015748031496	0.3720703125
11	0.7649606299212598	0.3138020833333333	0.07047244094488189	0.3138020833333333
10	0.7911417322834645	0.5812174479166666	0.21456692913385828	0.3291015625
11	0.7041338582677166	0.18603515625	0.1374015748031496	0.037434895833333336
11	0.3824803149606299	0.15690104166666666	0.07047244094488189	0.013020833333333334
8	0.2903543307086614	0.21793619791666666	0.10590551181102362	0.07845052083333333
10	0.7911417322834645	0.5812174479166666	0.21456692913385828	0.3291015625
11	0.7041338582677166	0.18603515625	0.1374015748031496	0.037434895833333336
6	0.2903543307086614	0.21793619791666666	0.10590551181102362	0.07845052083333333
13	0.33011811023622045	0.21842447916666666	0.17283464566929133	0.09244791666666667
