11	0.5743127147766323	0.3078279266572638	0.23754295532646047	0.3078279266572638
11	1.472938144329897	0.3251057827926657	0.19974226804123713	0.3251057827926657
11	0.7384020618556701	0.2552891396332863	0.13960481099656358	0.2552891396332863
9	0.43084192439862545	1.1459802538787025	0.14991408934707903	1.1459802538787025
9	0.27448453608247425	1.5088152327221438	0.13187285223367698	1.5088152327221438
9	1.695446735395189	1.2838504936530324	0.15249140893470792	1.2838504936530324
5	0.27448453608247425	1.5088152327221438	0.13187285223367698	1.5088152327221438
5	1.695446735395189	1.2838504936530324	0.15249140893470792	1.2838504936530324
5	0.43084192439862545	1.1459802538787025	0.14991408934707903	1.1459802538787025
11	0.5743127147766323	0.3078279266572638	0.23754295532646047	0.3078279266572638
11	1.472938144329897	0.3251057827926657	0.19974226804123713	0.3251057827926657
11	0.7384020618556701	0.2552891396332863	0.13960481099656358	0.2552891396332863
9	0.43084192439862545	1.1459802538787025	0.14991408934707903	1.1459802538787025
9	0.27448453608247425	1.5088152327221438	0.13187285223367698	1.5088152327221438
9	1.695446735395189	1.2838504936530324	0.15249140893470792	1.2838504936530324
5	0.27448453608247425	1.5088152327221438	0.13187285223367698	1.5088152327221438
5	1.695446735395189	1.2838504936530324	0.15249140893470792	1.2838504936530324
5	0.43084192439862545	1.1459802538787025	0.14991408934707903	1.1459802538787025
9	0.21542096219931273	0.5729901269393513	0.14991408934707903	0.3039492242595205
9	0.13724226804123713	0.7544076163610719	0.13187285223367698	0.21614950634696756
9	0.8477233676975945	0.6419252468265162	0.15249140893470792	0.33180535966149505
5	0.13724226804123713	0.7544076163610719	0.13187285223367698	0.21614950634696756
5	0.8477233676975945	0.6419252468265162	0.15249140893470792	0.33180535966149505
5	0.21542096219931273	0.5729901269393513	0.14991408934707903	0.3039492242595205
11	0.28715635738831613	0.1539139633286319	0.23754295532646047	0.1202397743300423
11	0.7364690721649485	0.16255289139633286	0.19974226804123713	0.08180535966149506
11	0.36920103092783507	0.12764456981664316	0.13960481099656358	0.02679830747531735
11	0.28715635738831613	0.1539139633286319	0.23754295532646047	0.1202397743300423
9	0.21542096219931273	0.5729901269393513	0.14991408934707903	0.3039492242595205
5	0.13724226804123713	0.7544076163610719	0.13187285223367698	0.21614950634696756
0	0.6065292096219931	0.3072990126939351	0.10738831615120274	0.08427362482369534
13	0.6978092783505154	0.16466854724964738	0.08719931271477663	0.03385049365303244
