8	0.8253968253968254	0.7730061349693251	0.11904761904761904	0.7730061349693251
7	1.7817460317460319	1.4221625766871167	0.021825396825396824	1.4221625766871167
7	0.8253968253968254	0.7730061349693251	0.11904761904761904	0.7730061349693251
9	0.8080357142857143	0.7576687116564417	0.09176587301587301	0.7576687116564417
9	1.5714285714285714	1.4888803680981595	0.2619047619047619	1.4888803680981595
8	0.8253968253968254	0.7730061349693251	0.11904761904761904	0.7730061349693251
7	1.7817460317460319	1.4221625766871167	0.021825396825396824	1.4221625766871167
7	0.8253968253968254	0.7730061349693251	0.11904761904761904	0.7730061349693251
9	0.8080357142857143	0.7576687116564417	0.09176587301587301	0.7576687116564417
9	1.5714285714285714	1.4888803680981595	0.2619047619047619	1.4888803680981595
8	0.4126984126984127	0.38650306748466257	0.11904761904761904	0.1549079754601227
7	0.8908730158730159	0.7110812883435583	0.021825396825396824	0.029524539877300613
7	0.4126984126984127	0.38650306748466257	0.11904761904761904	0.1549079754601227
9	0.40401785714285715	0.37883435582822084	0.09176587301587301	0.16180981595092025
9	0.7857142857142857	0.7444401840490797	0.2619047619047619	0.15145705521472394
8	0.4126984126984127	0.38650306748466257	0.11904761904761904	0.1549079754601227
7	0.8908730158730159	0.7110812883435583	0.021825396825396824	0.029524539877300613
13	0.8908730158730159	0.7110812883435583	0.021825396825396824	0.029524539877300613
9	0.40401785714285715	0.37883435582822084	0.09176587301587301	0.16180981595092025
