0	1.1046006944444444	0.68125	0.11241319444444445	0.68125
13	0.48828125	1.025	0.10807291666666667	1.025
13	0.43359375	1.1152777777777778	0.2348090277777778	1.1152777777777778
3	1.1263020833333333	1.1736111111111112	0.42578125	1.1736111111111112
0	1.1046006944444444	0.68125	0.11241319444444445	0.68125
13	0.48828125	1.025	0.10807291666666667	1.025
13	0.43359375	1.1152777777777778	0.2348090277777778	1.1152777777777778
3	1.1263020833333333	1.1736111111111112	0.42578125	1.1736111111111112
0	0.5523003472222222	0.340625	0.11241319444444445	0.11736111111111111
13	0.244140625	0.5125	0.10807291666666667	0.030555555555555555
13	0.216796875	0.5576388888888889	0.2348090277777778	0.13958333333333334
3	0.5631510416666666	0.5868055555555556	0.42578125	0.14305555555555555
0	0.5523003472222222	0.340625	0.11241319444444445	0.11736111111111111
13	0.244140625	0.5125	0.10807291666666667	0.030555555555555555
3	0.5631510416666666	0.5868055555555556	0.42578125	0.14305555555555555
10	0.20203993055555555	0.5847222222222223	0.13411458333333334	0.14027777777777778
7	0.2113715277777778	0.5383680555555556	0.1154513888888889	0.05659722222222222
