0	1.209784735812133	0.6338400528750826	0.1655577299412916	0.6338400528750826
8	0.32602739726027397	1.1060806345009915	0.027788649706457925	1.1060806345009915
3	1.1471624266144813	1.372769332452082	0.5193737769080234	1.372769332452082
0	1.209784735812133	0.6338400528750826	0.1655577299412916	0.6338400528750826
8	0.32602739726027397	1.1060806345009915	0.027788649706457925	1.1060806345009915
3	1.1471624266144813	1.372769332452082	0.5193737769080234	1.372769332452082
0	0.6048923679060665	0.3169200264375413	0.1655577299412916	0.18968935888962327
8	0.16301369863013698	0.5530403172504957	0.027788649706457925	0.020819563780568408
3	0.5735812133072407	0.686384666226041	0.5193737769080234	0.18572372769332451
2	0.16360078277886497	0.5535360211500331	0.03600782778864971	0.01784534038334435
8	0.16301369863013698	0.5530403172504957	0.027788649706457925	0.020819563780568408
3	0.5735812133072407	0.686384666226041	0.5193737769080234	0.18572372769332451
0	0.6048923679060665	0.3169200264375413	0.1655577299412916	0.18968935888962327
