8	1.4891493055555556	1.0989583333333333	0.11067708333333333	1.0989583333333333
7	1.5078125	1.1083333333333334	0.140625	1.1083333333333334
7	1.5347222222222223	1.3100694444444445	0.1684027777777778	1.3100694444444445
8	1.4891493055555556	1.0989583333333333	0.11067708333333333	1.0989583333333333
7	1.5078125	1.1083333333333334	0.140625	1.1083333333333334
7	1.5347222222222223	1.3100694444444445	0.1684027777777778	1.3100694444444445
8	0.7445746527777778	0.5494791666666666	0.11067708333333333	0.09409722222222222
7	0.75390625	0.5541666666666667	0.140625	0.09652777777777778
7	0.7673611111111112	0.6550347222222223	0.1684027777777778	0.3246527777777778
8	0.7445746527777778	0.5494791666666666	0.11067708333333333	0.09409722222222222
7	0.75390625	0.5541666666666667	0.140625	0.09652777777777778
