11	1.6996527777777777	1.7861111111111112	0.059895833333333336	1.7861111111111112
11	0.2465277777777778	1.8038194444444444	0.059895833333333336	1.8038194444444444
10	1.7057291666666667	1.7625	0.06597222222222222	1.7625
10	0.2087673611111111	1.7805555555555554	0.04991319444444445	1.7805555555555554
11	1.6996527777777777	1.7861111111111112	0.059895833333333336	1.7861111111111112
11	0.2465277777777778	1.8038194444444444	0.059895833333333336	1.8038194444444444
10	1.7057291666666667	1.7625	0.06597222222222222	1.7625
10	0.2087673611111111	1.7805555555555554	0.04991319444444445	1.7805555555555554
11	0.8498263888888888	0.8930555555555556	0.059895833333333336	0.06319444444444444
11	0.1232638888888889	0.9019097222222222	0.059895833333333336	0.06284722222222222
10	0.8528645833333334	0.88125	0.06597222222222222	0.0763888888888889
10	0.10438368055555555	0.8902777777777777	0.04991319444444445	0.08055555555555556
11	0.8498263888888888	0.8930555555555556	0.059895833333333336	0.06319444444444444
10	0.8528645833333334	0.88125	0.06597222222222222	0.0763888888888889
0	0.5544704861111112	0.3545138888888889	0.07074652777777778	0.08125
