13	1.6653322658126501	0.743704725767506	0.15052041633306645	0.743704725767506
13	1.6381104883907125	0.6060710589858572	0.20096076861489193	0.6060710589858572
2	1.5516413130504403	0.4594687823387375	0.09847878302642114	0.4594687823387375
2	1.6653322658126501	0.743704725767506	0.15052041633306645	0.743704725767506
2	1.6381104883907125	0.6060710589858572	0.20096076861489193	0.6060710589858572
2	1.5720576461168936	0.5926181441876509	0.03322658126501201	0.5926181441876509
13	1.6653322658126501	0.743704725767506	0.15052041633306645	0.743704725767506
13	1.6381104883907125	0.6060710589858572	0.20096076861489193	0.6060710589858572
2	1.5516413130504403	0.4594687823387375	0.09847878302642114	0.4594687823387375
2	1.6653322658126501	0.743704725767506	0.15052041633306645	0.743704725767506
2	1.6381104883907125	0.6060710589858572	0.20096076861489193	0.6060710589858572
2	1.5720576461168936	0.5926181441876509	0.03322658126501201	0.5926181441876509
13	0.8326661329063251	0.371852362883753	0.15052041633306645	0.07105898585719214
13	0.8190552441953562	0.3030355294929286	0.20096076861489193	0.2121421179717144
2	0.7758206565252201	0.22973439116936875	0.09847878302642114	0.08347706105553639
2	0.8326661329063251	0.371852362883753	0.15052041633306645	0.07105898585719214
2	0.8190552441953562	0.3030355294929286	0.20096076861489193	0.2121421179717144
2	0.7860288230584468	0.29630907209382545	0.03322658126501201	0.040013797861331496
0	0.6273018414731786	0.32011038289065197	0.1289031224979984	0.12556053811659193
11	0.728382706164932	0.13056226284925837	0.10368294635708566	0.03001034839599862
13	0.8326661329063251	0.371852362883753	0.15052041633306645	0.07105898585719214
2	0.7758206565252201	0.22973439116936875	0.09847878302642114	0.08347706105553639
