0	1.0564236111111112	0.7104166666666667	0.12065972222222222	0.7104166666666667
3	1.0199652777777777	1.3430555555555554	0.4210069444444444	1.3430555555555554
11	0.5967881944444444	0.40694444444444444	0.11414930555555555	0.40694444444444444
11	1.1302083333333333	0.42465277777777777	0.1440972222222222	0.42465277777777777
0	1.0564236111111112	0.7104166666666667	0.12065972222222222	0.7104166666666667
3	1.0199652777777777	1.3430555555555554	0.4210069444444444	1.3430555555555554
11	0.5967881944444444	0.40694444444444444	0.11414930555555555	0.40694444444444444
11	1.1302083333333333	0.42465277777777777	0.1440972222222222	0.42465277777777777
0	0.5282118055555556	0.35520833333333335	0.12065972222222222	0.08958333333333333
3	0.5099826388888888	0.6715277777777777	0.4210069444444444	0.11527777777777778
11	0.2983940972222222	0.20347222222222222	0.11414930555555555	0.022222222222222223
11	0.5651041666666666	0.21232638888888888	0.1440972222222222	0.04201388888888889
0	0.5282118055555556	0.35520833333333335	0.12065972222222222	0.08958333333333333
3	0.5099826388888888	0.6715277777777777	0.4210069444444444	0.11527777777777778
11	0.2983940972222222	0.20347222222222222	0.11414930555555555	0.022222222222222223
