11	1.2581981360027614	0.3067504963600265	0.0949257852951329	0.3067504963600265
11	0.7884017949603037	0.26935804103242883	0.123576113220573	0.26935804103242883
8	0.4432171211598205	1.6730641958967571	0.02416292716603383	1.6730641958967571
11	1.2581981360027614	0.3067504963600265	0.0949257852951329	0.3067504963600265
11	0.7884017949603037	0.26935804103242883	0.123576113220573	0.26935804103242883
8	0.4432171211598205	1.6730641958967571	0.02416292716603383	1.6730641958967571
11	0.6290990680013807	0.15337524818001325	0.0949257852951329	0.042686962276637985
11	0.39420089748015186	0.13467902051621441	0.123576113220573	0.029781601588352084
8	0.22160856057991024	0.8365320979483786	0.02416292716603383	0.028457974851091992
2	0.22212633759061098	0.8368630046326936	0.021746634449430445	0.029781601588352084
11	0.6290990680013807	0.15337524818001325	0.0949257852951329	0.042686962276637985
8	0.22160856057991024	0.8365320979483786	0.02416292716603383	0.028457974851091992
