7	1.3746744791666667	0.5289713541666666	0.052408854166666664	0.5289713541666666
6	1.3883463541666667	0.5279947916666666	0.033528645833333336	0.5279947916666666
10	1.607421875	1.0885416666666667	0.044921875	1.0885416666666667
11	1.607421875	1.0885416666666667	0.044921875	1.0885416666666667
7	1.3746744791666667	0.5289713541666666	0.052408854166666664	0.5289713541666666
6	1.3883463541666667	0.5279947916666666	0.033528645833333336	0.5279947916666666
10	1.607421875	1.0885416666666667	0.044921875	1.0885416666666667
11	1.607421875	1.0885416666666667	0.044921875	1.0885416666666667
7	0.6873372395833334	0.2644856770833333	0.052408854166666664	0.047200520833333336
6	0.6941731770833334	0.2639973958333333	0.033528645833333336	0.039713541666666664
10	0.8037109375	0.5442708333333334	0.044921875	0.08528645833333333
11	0.8037109375	0.5442708333333334	0.044921875	0.08528645833333333
7	0.6873372395833334	0.2644856770833333	0.052408854166666664	0.047200520833333336
6	0.6941731770833334	0.2639973958333333	0.033528645833333336	0.039713541666666664
10	0.8037109375	0.5442708333333334	0.044921875	0.08528645833333333
3	0.5626627604166666	0.5100911458333334	0.3356119791666667	0.109375
11	0.8037109375	0.5442708333333334	0.044921875	0.08528645833333333
