5	0.344854986094557	1.1321003963011889	0.20818434644417957	1.1321003963011889
0	0.8943186332936035	0.7575957727873184	0.3063170441001192	0.7575957727873184
11	0.44378228049265	0.3781373844121532	0.26181962653953117	0.3781373844121532
11	1.2201032975764798	0.3127476882430647	0.28406833531982517	0.3127476882430647
3	1.013508144616607	1.168097754293263	0.4358363130711164	1.168097754293263
5	0.344854986094557	1.1321003963011889	0.20818434644417957	1.1321003963011889
0	0.8943186332936035	0.7575957727873184	0.3063170441001192	0.7575957727873184
11	0.44378228049265	0.3781373844121532	0.26181962653953117	0.3781373844121532
11	1.2201032975764798	0.3127476882430647	0.28406833531982517	0.3127476882430647
3	1.013508144616607	1.168097754293263	0.4358363130711164	1.168097754293263
5	0.1724274930472785	0.5660501981505944	0.20818434644417957	0.14002642007926025
0	0.44715931664680175	0.3787978863936592	0.3063170441001192	0.2912813738441215
11	0.221891140246325	0.1890686922060766	0.26181962653953117	0.22291941875825627
11	0.6100516487882399	0.15637384412153235	0.28406833531982517	0.11327608982826949
3	0.5067540723083035	0.5840488771466315	0.4358363130711164	0.2869881109643329
5	0.1724274930472785	0.5660501981505944	0.20818434644417957	0.14002642007926025
0	0.44715931664680175	0.3787978863936592	0.3063170441001192	0.2912813738441215
13	0.1724274930472785	0.5660501981505944	0.20818434644417957	0.14002642007926025
11	0.221891140246325	0.1890686922060766	0.26181962653953117	0.22291941875825627
3	0.5067540723083035	0.5840488771466315	0.4358363130711164	0.2869881109643329
2	0.4439809296781883	0.3259577278731836	0.25148986889153757	0.15191545574636725
