7	0.4759535655058043	1.1239346590909092	0.1558872305140962	1.1239346590909092
7	0.43407960199004975	1.4122869318181819	0.061774461028192375	1.4122869318181819
11	0.607379767827529	0.4357244318181818	0.18449419568822553	0.4357244318181818
11	0.5514096185737977	1.0887784090909092	0.2131011608623549	1.0887784090909092
11	0.2736318407960199	1.1661931818181819	0.05555555555555555	1.1661931818181819
10	0.269485903814262	1.5021306818181819	0.0978441127694859	1.5021306818181819
7	0.4759535655058043	1.1239346590909092	0.1558872305140962	1.1239346590909092
7	0.43407960199004975	1.4122869318181819	0.061774461028192375	1.4122869318181819
11	0.607379767827529	0.4357244318181818	0.18449419568822553	0.4357244318181818
11	0.5514096185737977	1.0887784090909092	0.2131011608623549	1.0887784090909092
11	0.2736318407960199	1.1661931818181819	0.05555555555555555	1.1661931818181819
10	0.269485903814262	1.5021306818181819	0.0978441127694859	1.5021306818181819
11	0.3036898839137645	0.2178622159090909	0.18449419568822553	0.048650568181818184
11	0.27570480928689883	0.5443892045454546	0.2131011608623549	0.26420454545454547
11	0.13681592039800994	0.5830965909090909	0.05555555555555555	0.3274147727272727
10	0.134742951907131	0.7510653409090909	0.0978441127694859	0.15838068181818182
7	0.23797678275290216	0.5619673295454546	0.1558872305140962	0.19495738636363635
7	0.21703980099502487	0.7061434659090909	0.061774461028192375	0.05788352272727273
7	0.23797678275290216	0.5619673295454546	0.1558872305140962	0.19495738636363635
6	0.24854892205638474	0.5901988636363636	0.16459369817578773	0.25923295454545453
11	0.3036898839137645	0.2178622159090909	0.18449419568822553	0.048650568181818184
13	0.33913764510779437	0.44584517045454547	0.06716417910447761	0.03799715909090909
10	0.134742951907131	0.7510653409090909	0.0978441127694859	0.15838068181818182
9	0.1318407960199005	0.7258522727272727	0.0439469320066335	0.04616477272727273
2	0.14033996683250416	0.712890625	0.060945273631840796	0.07208806818181818
