6	1.5450949367088607	0.8699136868064118	0.20806962025316456	0.8699136868064118
6	0.5462816455696202	0.9016646115906288	0.2377373417721519	0.9016646115906288
13	1.553006329113924	0.8905672009864365	0.25316455696202533	0.8905672009864365
13	0.5992879746835443	0.909062885326757	0.16653481012658228	0.909062885326757
11	1.8496835443037976	1.7629469790382244	0.06566455696202532	1.7629469790382244
6	1.5450949367088607	0.8699136868064118	0.20806962025316456	0.8699136868064118
6	0.5462816455696202	0.9016646115906288	0.2377373417721519	0.9016646115906288
13	1.553006329113924	0.8905672009864365	0.25316455696202533	0.8905672009864365
13	0.5992879746835443	0.909062885326757	0.16653481012658228	0.909062885326757
11	1.8496835443037976	1.7629469790382244	0.06566455696202532	1.7629469790382244
6	0.7725474683544303	0.4349568434032059	0.20806962025316456	0.09432799013563502
6	0.2731408227848101	0.4508323057953144	0.2377373417721519	0.2666461159062885
13	0.776503164556962	0.44528360049321825	0.25316455696202533	0.15752157829839705
13	0.29964398734177217	0.4545314426633785	0.16653481012658228	0.2463008631319359
11	0.9248417721518988	0.8814734895191122	0.06566455696202532	0.07367447595561036
6	0.7725474683544303	0.4349568434032059	0.20806962025316456	0.09432799013563502
13	0.776503164556962	0.44528360049321825	0.25316455696202533	0.15752157829839705
4	0.205498417721519	0.41954377311960545	0.14833860759493672	0.16522811344019728
11	0.9248417721518988	0.8814734895191122	0.06566455696202532	0.07367447595561036
