3	1.1621021465581052	1.12168376370711	0.41228719467061437	1.12168376370711
0	1.1254626202812732	0.6345949770074284	0.13286454478164322	0.6345949770074284
7	0.5547742413027387	1.0042447824548992	0.2379718726868986	1.0042447824548992
7	1.574759437453738	1.0091970286522816	0.13582531458179126	1.0091970286522816
3	1.1621021465581052	1.12168376370711	0.41228719467061437	1.12168376370711
0	1.1254626202812732	0.6345949770074284	0.13286454478164322	0.6345949770074284
7	0.5547742413027387	1.0042447824548992	0.2379718726868986	1.0042447824548992
7	1.574759437453738	1.0091970286522816	0.13582531458179126	1.0091970286522816
3	0.5810510732790526	0.560841881853555	0.41228719467061437	0.14396887159533073
0	0.5627313101406366	0.3172974885037142	0.13286454478164322	0.1266360099044924
7	0.27738712065136933	0.5021223912274496	0.2379718726868986	0.26918995401485674
7	0.787379718726869	0.5045985143261408	0.13582531458179126	0.17934205871949063
7	0.27738712065136933	0.5021223912274496	0.2379718726868986	0.26918995401485674
13	0.306439674315322	0.4676335337813937	0.10214655810510732	0.16554651574106827
3	0.5810510732790526	0.560841881853555	0.41228719467061437	0.14396887159533073
6	0.27738712065136933	0.5021223912274496	0.2379718726868986	0.26918995401485674
0	0.5627313101406366	0.3172974885037142	0.13286454478164322	0.1266360099044924
11	0.3715766099185788	0.16855323664662186	0.16062176165803108	0.07251503360452777
