13	1.6572908956328645	0.8641929499072356	0.06661732050333087	0.8641929499072356
13	0.4929681717246484	0.6296846011131726	0.07179866765358993	0.6296846011131726
3	1.1632124352331605	1.300556586270872	0.4341228719467061	1.300556586270872
13	1.6572908956328645	0.8641929499072356	0.06661732050333087	0.8641929499072356
13	0.4929681717246484	0.6296846011131726	0.07179866765358993	0.6296846011131726
3	1.1632124352331605	1.300556586270872	0.4341228719467061	1.300556586270872
13	0.8286454478164322	0.4320964749536178	0.06661732050333087	0.03079777365491651
13	0.2464840858623242	0.3148423005565863	0.07179866765358993	0.06345083487940631
3	0.5816062176165803	0.650278293135436	0.4341228719467061	0.1606679035250464
13	0.8286454478164322	0.4320964749536178	0.06661732050333087	0.03079777365491651
3	0.5816062176165803	0.650278293135436	0.4341228719467061	0.1606679035250464
