0	1.06884765625	0.7168	0.11572265625	0.7168
3	1.109375	1.3064	0.49609375	1.3064
13	0.1083984375	1.4272	0.03125	1.4272
0	1.06884765625	0.7168	0.11572265625	0.7168
3	1.109375	1.3064	0.49609375	1.3064
13	0.1083984375	1.4272	0.03125	1.4272
0	0.534423828125	0.3584	0.11572265625	0.112
3	0.5546875	0.6532	0.49609375	0.1448
13	0.05419921875	0.7136	0.03125	0.0176
0	0.534423828125	0.3584	0.11572265625	0.112
3	0.5546875	0.6532	0.49609375	0.1448
7	0.828125	0.6862	0.083984375	0.0604
13	0.05419921875	0.7136	0.03125	0.0176
9	0.828125	0.6862	0.083984375	0.0604
