7	0.3958174904942966	1.331823329558324	0.14182509505703422	1.331823329558324
7	0.37376425855513307	1.3469233673084182	0.054372623574144484	1.3469233673084182
13	0.37376425855513307	1.3469233673084182	0.054372623574144484	1.3469233673084182
13	1.7942965779467681	1.7013967534918837	0.04068441064638783	1.7013967534918837
7	0.3958174904942966	1.331823329558324	0.14182509505703422	1.331823329558324
7	0.37376425855513307	1.3469233673084182	0.054372623574144484	1.3469233673084182
13	0.37376425855513307	1.3469233673084182	0.054372623574144484	1.3469233673084182
13	1.7942965779467681	1.7013967534918837	0.04068441064638783	1.7013967534918837
7	0.1979087452471483	0.665911664779162	0.14182509505703422	0.14118535296338242
7	0.18688212927756653	0.6734616836542091	0.054372623574144484	0.03548508871272178
13	0.18688212927756653	0.6734616836542091	0.054372623574144484	0.03548508871272178
13	0.8971482889733841	0.8506983767459418	0.04068441064638783	0.025292563231408077
7	0.1979087452471483	0.665911664779162	0.14182509505703422	0.14118535296338242
13	0.18688212927756653	0.6734616836542091	0.054372623574144484	0.03548508871272178
9	0.18574144486692015	0.6281615704039261	0.05209125475285171	0.046055115137787844
8	0.18574144486692015	0.6281615704039261	0.05209125475285171	0.046055115137787844
