3	1.115717375630858	1.2782925215089345	0.4711607786589762	1.2782925215089345
0	1.142393655371305	0.7759761747187294	0.11355443403028118	0.7759761747187294
7	1.5620043258832013	1.2504963600264725	0.18421052631578946	1.2504963600264725
7	1.4866618601297765	1.0625413633355394	0.10237923576063446	1.0625413633355394
3	1.115717375630858	1.2782925215089345	0.4711607786589762	1.2782925215089345
0	1.142393655371305	0.7759761747187294	0.11355443403028118	0.7759761747187294
7	1.5620043258832013	1.2504963600264725	0.18421052631578946	1.2504963600264725
7	1.4866618601297765	1.0625413633355394	0.10237923576063446	1.0625413633355394
3	0.557858687815429	0.6391462607544672	0.4711607786589762	0.16446062210456652
0	0.5711968276856525	0.3879880873593647	0.11355443403028118	0.14262078093977498
7	0.7810021629416006	0.6252481800132362	0.18421052631578946	0.2557908669755129
7	0.7433309300648883	0.5312706816677697	0.10237923576063446	0.06121773659827928
8	0.7420692141312184	0.5478160158835208	0.11211247296322999	0.10092653871608206
3	0.557858687815429	0.6391462607544672	0.4711607786589762	0.16446062210456652
0	0.5711968276856525	0.3879880873593647	0.11355443403028118	0.14262078093977498
4	0.7303532804614276	0.5456651224354732	0.17447728911319393	0.10125744540039709
7	0.7810021629416006	0.6252481800132362	0.18421052631578946	0.2557908669755129
