13	1.2873931623931625	1.3225352112676056	0.05092592592592592	1.3225352112676056
13	0.5377492877492878	0.8827464788732394	0.24002849002849003	0.8827464788732394
13	1.3885327635327636	0.6330985915492958	0.15064102564102563	0.6330985915492958
13	0.47507122507122507	0.9394366197183098	0.08831908831908832	0.9394366197183098
11	1.3098290598290598	0.32992957746478874	0.21367521367521367	0.32992957746478874
11	0.7054843304843305	0.4658450704225352	0.20690883190883191	0.4658450704225352
1	0.6745014245014245	0.42570422535211266	0.16025641025641027	0.42570422535211266
13	1.2873931623931625	1.3225352112676056	0.05092592592592592	1.3225352112676056
13	0.5377492877492878	0.8827464788732394	0.24002849002849003	0.8827464788732394
13	1.3885327635327636	0.6330985915492958	0.15064102564102563	0.6330985915492958
13	0.47507122507122507	0.9394366197183098	0.08831908831908832	0.9394366197183098
11	1.3098290598290598	0.32992957746478874	0.21367521367521367	0.32992957746478874
11	0.7054843304843305	0.4658450704225352	0.20690883190883191	0.4658450704225352
1	0.6745014245014245	0.42570422535211266	0.16025641025641027	0.42570422535211266
13	0.6436965811965812	0.6612676056338028	0.05092592592592592	0.2415492957746479
13	0.2688746438746439	0.4413732394366197	0.24002849002849003	0.1573943661971831
13	0.6942663817663818	0.3165492957746479	0.15064102564102563	0.1556338028169014
13	0.23753561253561253	0.4697183098591549	0.08831908831908832	0.0528169014084507
11	0.6549145299145299	0.16496478873239437	0.21367521367521367	0.10669014084507042
11	0.35274216524216523	0.2329225352112676	0.20690883190883191	0.2538732394366197
1	0.33725071225071224	0.21285211267605633	0.16025641025641027	0.19330985915492957
13	0.6436965811965812	0.6612676056338028	0.05092592592592592	0.2415492957746479
11	0.6549145299145299	0.16496478873239437	0.21367521367521367	0.10669014084507042
1	0.33725071225071224	0.21285211267605633	0.16025641025641027	0.19330985915492957
7	0.35274216524216523	0.2329225352112676	0.20690883190883191	0.2538732394366197
9	0.5970441595441596	0.7887323943661971	0.09294871794871795	0.11619718309859155
3	0.5404202279202279	0.7424295774647888	0.3863960113960114	0.15176056338028168
