3	0.9479166666666666	1.2618055555555556	0.4175347222222222	1.2618055555555556
0	0.9635416666666666	0.6347222222222222	0.1310763888888889	0.6347222222222222
11	1.13671875	0.3802083333333333	0.12456597222222222	0.3802083333333333
11	0.5998263888888888	0.36875	0.140625	0.36875
11	1.1770833333333333	0.41180555555555554	0.2013888888888889	0.41180555555555554
3	0.9479166666666666	1.2618055555555556	0.4175347222222222	1.2618055555555556
0	0.9635416666666666	0.6347222222222222	0.1310763888888889	0.6347222222222222
11	1.13671875	0.3802083333333333	0.12456597222222222	0.3802083333333333
11	0.5998263888888888	0.36875	0.140625	0.36875
11	1.1770833333333333	0.41180555555555554	0.2013888888888889	0.41180555555555554
3	0.4739583333333333	0.6309027777777778	0.4175347222222222	0.12986111111111112
0	0.4817708333333333	0.3173611111111111	0.1310763888888889	0.09583333333333334
11	0.568359375	0.19010416666666666	0.12456597222222222	0.03854166666666667
11	0.2999131944444444	0.184375	0.140625	0.04791666666666667
11	0.5885416666666666	0.20590277777777777	0.2013888888888889	0.03680555555555556
3	0.4739583333333333	0.6309027777777778	0.4175347222222222	0.12986111111111112
0	0.4817708333333333	0.3173611111111111	0.1310763888888889	0.09583333333333334
11	0.568359375	0.19010416666666666	0.12456597222222222	0.03854166666666667
