11	1.7111334002006018	1.3553403755868545	0.09227683049147442	1.3553403755868545
11	1.2400534938147776	0.3119131455399061	0.08726178535606821	0.3119131455399061
11	0.09160815780675359	1.551349765258216	0.034102306920762285	1.551349765258216
13	1.553995319291207	0.568368544600939	0.2086258776328987	0.568368544600939
13	0.6429287863590772	0.4413145539906103	0.1855566700100301	0.4413145539906103
10	0.09160815780675359	1.551349765258216	0.034102306920762285	1.551349765258216
10	1.7328652624540288	1.3019366197183098	0.06787027749916416	1.3019366197183098
11	1.7111334002006018	1.3553403755868545	0.09227683049147442	1.3553403755868545
11	1.2400534938147776	0.3119131455399061	0.08726178535606821	0.3119131455399061
11	0.09160815780675359	1.551349765258216	0.034102306920762285	1.551349765258216
13	1.553995319291207	0.568368544600939	0.2086258776328987	0.568368544600939
13	0.6429287863590772	0.4413145539906103	0.1855566700100301	0.4413145539906103
10	0.09160815780675359	1.551349765258216	0.034102306920762285	1.551349765258216
10	1.7328652624540288	1.3019366197183098	0.06787027749916416	1.3019366197183098
11	0.8555667001003009	0.6776701877934272	0.09227683049147442	0.11179577464788733
11	0.6200267469073888	0.15595657276995306	0.08726178535606821	0.11238262910798122
11	0.045804078903376795	0.775674882629108	0.034102306920762285	0.058392018779342726
13	0.7769976596456035	0.2841842723004695	0.2086258776328987	0.2579225352112676
13	0.3214643931795386	0.22065727699530516	0.1855566700100301	0.14847417840375587
10	0.045804078903376795	0.775674882629108	0.034102306920762285	0.058392018779342726
10	0.8664326312270144	0.6509683098591549	0.06787027749916416	0.07247652582159625
11	0.8555667001003009	0.6776701877934272	0.09227683049147442	0.11179577464788733
13	0.7769976596456035	0.2841842723004695	0.2086258776328987	0.2579225352112676
10	0.045804078903376795	0.775674882629108	0.034102306920762285	0.058392018779342726
1	0.7592778335005015	0.2711267605633803	0.23269809428284854	0.3221830985915493
7	0.6200267469073888	0.15595657276995306	0.08726178535606821	0.11238262910798122
