10	0.2534722222222222	1.1909722222222223	0.09461805555555555	1.1909722222222223
10	1.7769097222222223	1.179861111111111	0.07552083333333333	1.179861111111111
10	0.2361111111111111	1.2336805555555554	0.05295138888888889	1.2336805555555554
13	0.515625	0.9291666666666667	0.08159722222222222	0.9291666666666667
13	1.5112847222222223	0.5881944444444445	0.16319444444444445	0.5881944444444445
13	0.5659722222222222	0.7576388888888889	0.07118055555555555	0.7576388888888889
5	0.4084201388888889	1.0166666666666666	0.1636284722222222	1.0166666666666666
5	1.7534722222222223	1.0017361111111112	0.03211805555555555	1.0017361111111112
5	1.5056423611111112	0.5927083333333333	0.1558159722222222	0.5927083333333333
11	1.7348090277777777	1.1354166666666667	0.07421875	1.1354166666666667
11	0.2534722222222222	1.1909722222222223	0.09461805555555555	1.1909722222222223
11	0.2361111111111111	1.2336805555555554	0.05295138888888889	1.2336805555555554
7	0.4431423611111111	1.0934027777777777	0.21744791666666666	1.0934027777777777
7	0.7161458333333334	0.7145833333333333	0.11371527777777778	0.7145833333333333
3	1.1371527777777777	1.117361111111111	0.5043402777777778	1.117361111111111
10	0.2534722222222222	1.1909722222222223	0.09461805555555555	1.1909722222222223
10	1.7769097222222223	1.179861111111111	0.07552083333333333	1.179861111111111
10	0.2361111111111111	1.2336805555555554	0.05295138888888889	1.2336805555555554
13	0.515625	0.9291666666666667	0.08159722222222222	0.9291666666666667
13	1.5112847222222223	0.5881944444444445	0.16319444444444445	0.5881944444444445
13	0.5659722222222222	0.7576388888888889	0.07118055555555555	0.7576388888888889
5	0.4084201388888889	1.0166666666666666	0.1636284722222222	1.0166666666666666
5	1.7534722222222223	1.0017361111111112	0.03211805555555555	1.0017361111111112
5	1.5056423611111112	0.5927083333333333	0.1558159722222222	0.5927083333333333
11	1.7348090277777777	1.1354166666666667	0.07421875	1.1354166666666667
11	0.2534722222222222	1.1909722222222223	0.09461805555555555	1.1909722222222223
11	0.2361111111111111	1.2336805555555554	0.05295138888888889	1.2336805555555554
7	0.4431423611111111	1.0934027777777777	0.21744791666666666	1.0934027777777777
7	0.7161458333333334	0.7145833333333333	0.11371527777777778	0.7145833333333333
3	1.1371527777777777	1.117361111111111	0.5043402777777778	1.117361111111111
10	0.1267361111111111	0.5954861111111112	0.09461805555555555	0.13125
10	0.8884548611111112	0.5899305555555555	0.07552083333333333	0.10347222222222222
10	0.11805555555555555	0.6168402777777777	0.05295138888888889	0.04548611111111111
13	0.2578125	0.46458333333333335	0.08159722222222222	0.017361111111111112
13	0.7556423611111112	0.29409722222222223	0.16319444444444445	0.04375
13	0.2829861111111111	0.37881944444444443	0.07118055555555555	0.035416666666666666
5	0.20421006944444445	0.5083333333333333	0.1636284722222222	0.13819444444444445
5	0.8767361111111112	0.5008680555555556	0.03211805555555555	0.01840277777777778
5	0.7528211805555556	0.29635416666666664	0.1558159722222222	0.07534722222222222
11	0.8674045138888888	0.5677083333333334	0.07421875	0.09722222222222222
11	0.1267361111111111	0.5954861111111112	0.09461805555555555	0.13125
11	0.11805555555555555	0.6168402777777777	0.05295138888888889	0.04548611111111111
7	0.22157118055555555	0.5467013888888889	0.21744791666666666	0.08715277777777777
7	0.3580729166666667	0.3572916666666667	0.11371527777777778	0.11527777777777778
3	0.5685763888888888	0.5586805555555555	0.5043402777777778	0.1388888888888889
10	0.1267361111111111	0.5954861111111112	0.09461805555555555	0.13125
13	0.2578125	0.46458333333333335	0.08159722222222222	0.017361111111111112
5	0.20421006944444445	0.5083333333333333	0.1636284722222222	0.13819444444444445
11	0.8674045138888888	0.5677083333333334	0.07421875	0.09722222222222222
7	0.22157118055555555	0.5467013888888889	0.21744791666666666	0.08715277777777777
3	0.5685763888888888	0.5586805555555555	0.5043402777777778	0.1388888888888889
4	0.6829427083333334	0.47899305555555555	0.2947048611111111	0.20243055555555556
6	0.3357204861111111	0.5017361111111112	0.18880208333333334	0.16944444444444445
9	0.3580729166666667	0.3572916666666667	0.11371527777777778	0.11527777777777778
