11	0.7016574585635359	0.4567901234567901	0.13075506445672191	0.4567901234567901
11	1.372744014732965	0.4038800705467372	0.10570902394106814	0.4038800705467372
0	1.1263351749539594	0.7432098765432099	0.11786372007366483	0.7432098765432099
3	1.1495395948434624	1.328395061728395	0.4047882136279926	1.328395061728395
11	0.7016574585635359	0.4567901234567901	0.13075506445672191	0.4567901234567901
11	1.372744014732965	0.4038800705467372	0.10570902394106814	0.4038800705467372
0	1.1263351749539594	0.7432098765432099	0.11786372007366483	0.7432098765432099
3	1.1495395948434624	1.328395061728395	0.4047882136279926	1.328395061728395
11	0.35082872928176795	0.22839506172839505	0.13075506445672191	0.04620811287477954
11	0.6863720073664825	0.2019400352733686	0.10570902394106814	0.05326278659611993
0	0.5631675874769797	0.37160493827160496	0.11786372007366483	0.12169312169312169
3	0.5747697974217312	0.6641975308641975	0.4047882136279926	0.12204585537918872
11	0.35082872928176795	0.22839506172839505	0.13075506445672191	0.04620811287477954
0	0.5631675874769797	0.37160493827160496	0.11786372007366483	0.12169312169312169
3	0.5747697974217312	0.6641975308641975	0.4047882136279926	0.12204585537918872
