10	0.1870659722222222	1.33125	0.05685763888888889	1.33125
10	1.3324652777777777	1.0138888888888888	0.21614583333333334	1.0138888888888888
11	0.1870659722222222	1.33125	0.05685763888888889	1.33125
11	0.5303819444444444	0.29409722222222223	0.0859375	0.29409722222222223
0	0.95703125	0.5496527777777778	0.0837673611111111	0.5496527777777778
13	0.5329861111111112	0.46875	0.10243055555555555	0.46875
10	0.1870659722222222	1.33125	0.05685763888888889	1.33125
10	1.3324652777777777	1.0138888888888888	0.21614583333333334	1.0138888888888888
11	0.1870659722222222	1.33125	0.05685763888888889	1.33125
11	0.5303819444444444	0.29409722222222223	0.0859375	0.29409722222222223
0	0.95703125	0.5496527777777778	0.0837673611111111	0.5496527777777778
13	0.5329861111111112	0.46875	0.10243055555555555	0.46875
10	0.0935329861111111	0.665625	0.05685763888888889	0.07222222222222222
10	0.6662326388888888	0.5069444444444444	0.21614583333333334	0.3368055555555556
11	0.0935329861111111	0.665625	0.05685763888888889	0.07222222222222222
11	0.2651909722222222	0.14704861111111112	0.0859375	0.03159722222222222
0	0.478515625	0.2748263888888889	0.0837673611111111	0.057291666666666664
13	0.2664930555555556	0.234375	0.10243055555555555	0.1388888888888889
10	0.0935329861111111	0.665625	0.05685763888888889	0.07222222222222222
11	0.0935329861111111	0.665625	0.05685763888888889	0.07222222222222222
0	0.478515625	0.2748263888888889	0.0837673611111111	0.057291666666666664
13	0.2664930555555556	0.234375	0.10243055555555555	0.1388888888888889
