7	0.3198784722222222	0.9732638888888889	0.17578125	0.9732638888888889
7	0.5147569444444444	0.5142361111111111	0.17274305555555555	0.5142361111111111
7	0.6345486111111112	0.9715277777777778	0.07899305555555555	0.9715277777777778
7	0.4366319444444444	0.65625	0.3350694444444444	0.65625
11	0.5998263888888888	0.47604166666666664	0.20052083333333334	0.47604166666666664
11	0.2864583333333333	0.7270833333333333	0.1579861111111111	0.7270833333333333
10	0.3637152777777778	1.3295138888888889	0.2743055555555556	1.3295138888888889
10	0.14713541666666666	1.290625	0.09852430555555555	1.290625
7	0.3198784722222222	0.9732638888888889	0.17578125	0.9732638888888889
7	0.5147569444444444	0.5142361111111111	0.17274305555555555	0.5142361111111111
7	0.6345486111111112	0.9715277777777778	0.07899305555555555	0.9715277777777778
7	0.4366319444444444	0.65625	0.3350694444444444	0.65625
11	0.5998263888888888	0.47604166666666664	0.20052083333333334	0.47604166666666664
11	0.2864583333333333	0.7270833333333333	0.1579861111111111	0.7270833333333333
10	0.3637152777777778	1.3295138888888889	0.2743055555555556	1.3295138888888889
10	0.14713541666666666	1.290625	0.09852430555555555	1.290625
7	0.1599392361111111	0.48663194444444446	0.17578125	0.1295138888888889
7	0.2573784722222222	0.25711805555555556	0.17274305555555555	0.08784722222222222
7	0.3172743055555556	0.4857638888888889	0.07899305555555555	0.0875
7	0.2183159722222222	0.328125	0.3350694444444444	0.25277777777777777
11	0.2999131944444444	0.23802083333333332	0.20052083333333334	0.058680555555555555
11	0.14322916666666666	0.36354166666666665	0.1579861111111111	0.2111111111111111
10	0.1818576388888889	0.6647569444444444	0.2743055555555556	0.10243055555555555
10	0.07356770833333333	0.6453125	0.09852430555555555	0.11284722222222222
7	0.1599392361111111	0.48663194444444446	0.17578125	0.1295138888888889
11	0.2999131944444444	0.23802083333333332	0.20052083333333334	0.058680555555555555
10	0.1818576388888889	0.6647569444444444	0.2743055555555556	0.10243055555555555
12	0.15299479166666666	0.5880208333333333	0.17057291666666666	0.10659722222222222
