13	0.6332465277777778	0.4184027777777778	0.022135416666666668	0.4184027777777778
13	0.5381944444444444	0.74375	0.13194444444444445	0.74375
13	0.5164930555555556	0.6552083333333333	0.24479166666666666	0.6552083333333333
13	0.4874131944444444	0.8993055555555556	0.2113715277777778	0.8993055555555556
13	1.3381076388888888	0.60625	0.19401041666666666	0.60625
6	1.3962673611111112	0.5447916666666667	0.13585069444444445	0.5447916666666667
6	0.5043402777777778	0.7895833333333333	0.2144097222222222	0.7895833333333333
13	0.6332465277777778	0.4184027777777778	0.022135416666666668	0.4184027777777778
13	0.5381944444444444	0.74375	0.13194444444444445	0.74375
13	0.5164930555555556	0.6552083333333333	0.24479166666666666	0.6552083333333333
13	0.4874131944444444	0.8993055555555556	0.2113715277777778	0.8993055555555556
13	1.3381076388888888	0.60625	0.19401041666666666	0.60625
6	1.3962673611111112	0.5447916666666667	0.13585069444444445	0.5447916666666667
6	0.5043402777777778	0.7895833333333333	0.2144097222222222	0.7895833333333333
13	0.3166232638888889	0.2092013888888889	0.022135416666666668	0.06076388888888889
13	0.2690972222222222	0.371875	0.13194444444444445	0.13055555555555556
13	0.2582465277777778	0.32760416666666664	0.24479166666666666	0.2454861111111111
13	0.2437065972222222	0.4496527777777778	0.2113715277777778	0.017361111111111112
13	0.6690538194444444	0.303125	0.19401041666666666	0.22430555555555556
6	0.6981336805555556	0.27239583333333334	0.13585069444444445	0.16354166666666667
6	0.2521701388888889	0.39479166666666665	0.2144097222222222	0.25972222222222224
13	0.3166232638888889	0.2092013888888889	0.022135416666666668	0.06076388888888889
6	0.6981336805555556	0.27239583333333334	0.13585069444444445	0.16354166666666667
