10	0.49823819591261453	1.0028388928317955	0.324876673713883	1.0028388928317955
7	0.719168428470754	0.6713981547196594	0.10465116279069768	0.6713981547196594
13	0.5641296687808316	0.5081618168914124	0.12931642001409444	0.5081618168914124
11	0.682522903453136	0.18843151171043293	0.06730091613812544	0.18843151171043293
11	0.46335447498238197	0.35592618878637333	0.08985200845665962	0.35592618878637333
10	0.49823819591261453	1.0028388928317955	0.324876673713883	1.0028388928317955
7	0.719168428470754	0.6713981547196594	0.10465116279069768	0.6713981547196594
13	0.5641296687808316	0.5081618168914124	0.12931642001409444	0.5081618168914124
11	0.682522903453136	0.18843151171043293	0.06730091613812544	0.18843151171043293
11	0.46335447498238197	0.35592618878637333	0.08985200845665962	0.35592618878637333
10	0.24911909795630727	0.5014194464158978	0.324876673713883	0.5081618168914124
7	0.359584214235377	0.3356990773598297	0.10465116279069768	0.13484740951029098
13	0.2820648343904158	0.2540809084457062	0.12931642001409444	0.0695528743789922
11	0.341261451726568	0.09421575585521647	0.06730091613812544	0.01738821859474805
11	0.23167723749119098	0.17796309439318667	0.08985200845665962	0.13023420865862315
10	0.24911909795630727	0.5014194464158978	0.324876673713883	0.5081618168914124
0	0.5755813953488372	0.264194464158978	0.11522198731501057	0.11674946770759403
7	0.359584214235377	0.3356990773598297	0.10465116279069768	0.13484740951029098
13	0.2820648343904158	0.2540809084457062	0.12931642001409444	0.0695528743789922
4	0.3620507399577167	0.33339247693399576	0.10253699788583509	0.11036195883605394
11	0.341261451726568	0.09421575585521647	0.06730091613812544	0.01738821859474805
