7	0.5371248025276462	0.9518385942076147	0.14691943127962084	0.9518385942076147
3	1.2195892575039495	1.5196876016921574	0.5631911532385466	1.5196876016921574
11	0.693127962085308	0.3739017246989912	0.14099526066350712	0.3739017246989912
6	0.5529225908372828	1.3869183208590954	0.20616113744075829	1.3869183208590954
6	1.4506319115323856	0.8314350797266514	0.15205371248025276	0.8314350797266514
0	1.1350710900473933	0.746501789781972	0.1287519747235387	0.746501789781972
7	0.5371248025276462	0.9518385942076147	0.14691943127962084	0.9518385942076147
3	1.2195892575039495	1.5196876016921574	0.5631911532385466	1.5196876016921574
11	0.693127962085308	0.3739017246989912	0.14099526066350712	0.3739017246989912
6	0.5529225908372828	1.3869183208590954	0.20616113744075829	1.3869183208590954
6	1.4506319115323856	0.8314350797266514	0.15205371248025276	0.8314350797266514
0	1.1350710900473933	0.746501789781972	0.1287519747235387	0.746501789781972
7	0.2685624012638231	0.47591929710380737	0.14691943127962084	0.11031565245688253
3	0.6097946287519748	0.7598438008460787	0.5631911532385466	0.1861373250894891
11	0.346563981042654	0.1869508623494956	0.14099526066350712	0.05109013992840872
6	0.2764612954186414	0.6934591604295477	0.20616113744075829	0.20891636836967134
6	0.7253159557661928	0.4157175398633257	0.15205371248025276	0.20338431500162707
0	0.5675355450236966	0.373250894890986	0.1287519747235387	0.1073869183208591
7	0.2685624012638231	0.47591929710380737	0.14691943127962084	0.11031565245688253
3	0.6097946287519748	0.7598438008460787	0.5631911532385466	0.1861373250894891
4	0.25908372827804105	0.4718516108037748	0.12796208530805686	0.08851285388870811
11	0.346563981042654	0.1869508623494956	0.14099526066350712	0.05109013992840872
6	0.2764612954186414	0.6934591604295477	0.20616113744075829	0.20891636836967134
0	0.5675355450236966	0.373250894890986	0.1287519747235387	0.1073869183208591
