0	1.2861328125	0.6468098958333334	0.11686197916666667	0.6468098958333334
11	0.8551432291666666	0.3173828125	0.052408854166666664	0.3173828125
0	1.2861328125	0.6468098958333334	0.11686197916666667	0.6468098958333334
11	0.8551432291666666	0.3173828125	0.052408854166666664	0.3173828125
0	0.64306640625	0.3234049479166667	0.11686197916666667	0.1591796875
11	0.4275716145833333	0.15869140625	0.052408854166666664	0.037434895833333336
0	0.64306640625	0.3234049479166667	0.11686197916666667	0.1591796875
11	0.4275716145833333	0.15869140625	0.052408854166666664	0.037434895833333336
9	0.54541015625	0.2314453125	0.0654296875	0.22721354166666666
3	0.6263020833333334	0.5537109375	0.3606770833333333	0.09895833333333333
