0	1.2070866141732284	0.5104166666666666	0.1346456692913386	0.5104166666666666
10	1.7503937007874015	1.1988932291666667	0.06062992125984252	1.1988932291666667
11	1.7224409448818898	1.1943359375	0.048425196850393704	1.1943359375
6	1.4122047244094489	0.6722005208333334	0.12401574803149606	0.6722005208333334
6	0.594488188976378	1.0113932291666667	0.24645669291338582	1.0113932291666667
7	0.6255905511811024	0.6048177083333334	0.03976377952755906	0.6048177083333334
7	1.4007874015748032	0.6761067708333334	0.12125984251968504	0.6761067708333334
8	1.3921259842519684	0.6839192708333334	0.14251968503937007	0.6839192708333334
9	0.621259842519685	0.6005859375	0.031496062992125984	0.6005859375
9	0.6295275590551181	1.1748046875	0.1484251968503937	1.1748046875
0	1.2070866141732284	0.5104166666666666	0.1346456692913386	0.5104166666666666
10	1.7503937007874015	1.1988932291666667	0.06062992125984252	1.1988932291666667
11	1.7224409448818898	1.1943359375	0.048425196850393704	1.1943359375
6	1.4122047244094489	0.6722005208333334	0.12401574803149606	0.6722005208333334
6	0.594488188976378	1.0113932291666667	0.24645669291338582	1.0113932291666667
7	0.6255905511811024	0.6048177083333334	0.03976377952755906	0.6048177083333334
7	1.4007874015748032	0.6761067708333334	0.12125984251968504	0.6761067708333334
8	1.3921259842519684	0.6839192708333334	0.14251968503937007	0.6839192708333334
9	0.621259842519685	0.6005859375	0.031496062992125984	0.6005859375
9	0.6295275590551181	1.1748046875	0.1484251968503937	1.1748046875
0	0.6035433070866142	0.2552083333333333	0.1346456692913386	0.09049479166666667
9	0.3106299212598425	0.30029296875	0.031496062992125984	0.0244140625
9	0.3147637795275591	0.58740234375	0.1484251968503937	0.033528645833333336
10	0.8751968503937008	0.5994466145833334	0.06062992125984252	0.0537109375
11	0.8612204724409449	0.59716796875	0.048425196850393704	0.07389322916666667
6	0.7061023622047244	0.3361002604166667	0.12401574803149606	0.1572265625
6	0.297244094488189	0.5056966145833334	0.24645669291338582	0.22037760416666666
7	0.3127952755905512	0.3024088541666667	0.03976377952755906	0.016276041666666668
7	0.7003937007874016	0.3380533854166667	0.12125984251968504	0.1298828125
8	0.6960629921259842	0.3419596354166667	0.14251968503937007	0.15006510416666666
0	0.6035433070866142	0.2552083333333333	0.1346456692913386	0.09049479166666667
10	0.8751968503937008	0.5994466145833334	0.06062992125984252	0.0537109375
13	0.7003937007874016	0.3380533854166667	0.12125984251968504	0.1298828125
11	0.8612204724409449	0.59716796875	0.048425196850393704	0.07389322916666667
6	0.7061023622047244	0.3361002604166667	0.12401574803149606	0.1572265625
7	0.3127952755905512	0.3024088541666667	0.03976377952755906	0.016276041666666668
8	0.6960629921259842	0.3419596354166667	0.14251968503937007	0.15006510416666666
4	0.6960629921259842	0.3419596354166667	0.14251968503937007	0.15006510416666666
9	0.3106299212598425	0.30029296875	0.031496062992125984	0.0244140625
