5	0.4539930555555556	0.8979166666666667	0.2248263888888889	0.8979166666666667
5	1.2947048611111112	0.8371527777777777	0.2287326388888889	0.8371527777777777
0	0.9874131944444444	0.5083333333333333	0.10633680555555555	0.5083333333333333
3	0.9739583333333334	1.1059027777777777	0.4288194444444444	1.1059027777777777
5	0.4539930555555556	0.8979166666666667	0.2248263888888889	0.8979166666666667
5	1.2947048611111112	0.8371527777777777	0.2287326388888889	0.8371527777777777
0	0.9874131944444444	0.5083333333333333	0.10633680555555555	0.5083333333333333
3	0.9739583333333334	1.1059027777777777	0.4288194444444444	1.1059027777777777
5	0.2269965277777778	0.44895833333333335	0.2248263888888889	0.3972222222222222
5	0.6473524305555556	0.4185763888888889	0.2287326388888889	0.415625
0	0.4937065972222222	0.25416666666666665	0.10633680555555555	0.07083333333333333
3	0.4869791666666667	0.5529513888888888	0.4288194444444444	0.11215277777777778
5	0.2269965277777778	0.44895833333333335	0.2248263888888889	0.3972222222222222
0	0.4937065972222222	0.25416666666666665	0.10633680555555555	0.07083333333333333
3	0.4869791666666667	0.5529513888888888	0.4288194444444444	0.11215277777777778
