3	1.1171875	1.2618055555555556	0.4557291666666667	1.2618055555555556
0	1.1809895833333333	0.6309027777777778	0.10546875	0.6309027777777778
11	0.7170138888888888	0.2482638888888889	0.1519097222222222	0.2482638888888889
11	1.3645833333333333	0.24791666666666667	0.12065972222222222	0.24791666666666667
11	0.3498263888888889	1.382638888888889	0.020833333333333332	1.382638888888889
8	0.5490451388888888	0.7791666666666667	0.16102430555555555	0.7791666666666667
3	1.1171875	1.2618055555555556	0.4557291666666667	1.2618055555555556
0	1.1809895833333333	0.6309027777777778	0.10546875	0.6309027777777778
11	0.7170138888888888	0.2482638888888889	0.1519097222222222	0.2482638888888889
11	1.3645833333333333	0.24791666666666667	0.12065972222222222	0.24791666666666667
11	0.3498263888888889	1.382638888888889	0.020833333333333332	1.382638888888889
8	0.5490451388888888	0.7791666666666667	0.16102430555555555	0.7791666666666667
3	0.55859375	0.6309027777777778	0.4557291666666667	0.10416666666666667
0	0.5904947916666666	0.3154513888888889	0.10546875	0.12465277777777778
11	0.3585069444444444	0.12413194444444445	0.1519097222222222	0.04131944444444444
11	0.6822916666666666	0.12395833333333334	0.12065972222222222	0.027083333333333334
11	0.17491319444444445	0.6913194444444445	0.020833333333333332	0.0375
8	0.2745225694444444	0.38958333333333334	0.16102430555555555	0.13472222222222222
3	0.55859375	0.6309027777777778	0.4557291666666667	0.10416666666666667
0	0.5904947916666666	0.3154513888888889	0.10546875	0.12465277777777778
10	0.17491319444444445	0.6913194444444445	0.020833333333333332	0.0375
11	0.3585069444444444	0.12413194444444445	0.1519097222222222	0.04131944444444444
8	0.2745225694444444	0.38958333333333334	0.16102430555555555	0.13472222222222222
13	0.34375	0.6098958333333333	0.057291666666666664	0.021180555555555557
7	0.255859375	0.38871527777777776	0.1896701388888889	0.13090277777777778
