7	0.7225903614457831	0.9379432624113475	0.17078313253012048	0.9379432624113475
10	0.5903614457831325	1.0144799054373523	0.3253012048192771	1.0144799054373523
10	1.4939759036144578	1.7269503546099292	0.23373493975903614	1.7269503546099292
7	0.7225903614457831	0.9379432624113475	0.17078313253012048	0.9379432624113475
10	0.5903614457831325	1.0144799054373523	0.3253012048192771	1.0144799054373523
10	1.4939759036144578	1.7269503546099292	0.23373493975903614	1.7269503546099292
7	0.3612951807228916	0.46897163120567376	0.17078313253012048	0.30141843971631205
10	0.29518072289156627	0.5072399527186762	0.3253012048192771	0.6043144208037825
10	0.7469879518072289	0.8634751773049646	0.23373493975903614	0.13297872340425532
7	0.3612951807228916	0.46897163120567376	0.17078313253012048	0.30141843971631205
10	0.29518072289156627	0.5072399527186762	0.3253012048192771	0.6043144208037825
5	0.7343373493975903	0.609338061465721	0.19939759036144578	0.4521276595744681
6	0.7329819277108434	0.5710697399527187	0.252710843373494	0.5079787234042553
