10	1.4600694444444444	0.9600694444444444	0.24131944444444445	0.9600694444444444
10	0.3723958333333333	1.2527777777777778	0.0720486111111111	1.2527777777777778
11	0.3723958333333333	1.2527777777777778	0.0720486111111111	1.2527777777777778
7	1.3836805555555556	0.5163194444444444	0.2612847222222222	0.5163194444444444
7	1.4296875	0.6590277777777778	0.20052083333333334	0.6590277777777778
10	1.4600694444444444	0.9600694444444444	0.24131944444444445	0.9600694444444444
10	0.3723958333333333	1.2527777777777778	0.0720486111111111	1.2527777777777778
11	0.3723958333333333	1.2527777777777778	0.0720486111111111	1.2527777777777778
7	1.3836805555555556	0.5163194444444444	0.2612847222222222	0.5163194444444444
7	1.4296875	0.6590277777777778	0.20052083333333334	0.6590277777777778
10	0.7300347222222222	0.4800347222222222	0.24131944444444445	0.346875
10	0.18619791666666666	0.6263888888888889	0.0720486111111111	0.052083333333333336
11	0.18619791666666666	0.6263888888888889	0.0720486111111111	0.052083333333333336
7	0.6918402777777778	0.2581597222222222	0.2612847222222222	0.14479166666666668
7	0.71484375	0.3295138888888889	0.20052083333333334	0.11041666666666666
10	0.7300347222222222	0.4800347222222222	0.24131944444444445	0.346875
11	0.18619791666666666	0.6263888888888889	0.0720486111111111	0.052083333333333336
7	0.6918402777777778	0.2581597222222222	0.2612847222222222	0.14479166666666668
8	0.5575086805555556	0.334375	0.1254340277777778	0.1361111111111111
