13	1.3090277777777777	0.7166666666666667	0.1814236111111111	0.7166666666666667
13	0.4635416666666667	0.6604166666666667	0.203125	0.6604166666666667
11	0.6263020833333334	0.4638888888888889	0.10807291666666667	0.4638888888888889
11	1.2486979166666667	0.496875	0.23567708333333334	0.496875
11	0.4535590277777778	0.5166666666666667	0.11848958333333333	0.5166666666666667
11	0.3823784722222222	0.6666666666666666	0.2443576388888889	0.6666666666666666
13	1.3090277777777777	0.7166666666666667	0.1814236111111111	0.7166666666666667
13	0.4635416666666667	0.6604166666666667	0.203125	0.6604166666666667
11	0.6263020833333334	0.4638888888888889	0.10807291666666667	0.4638888888888889
11	1.2486979166666667	0.496875	0.23567708333333334	0.496875
11	0.4535590277777778	0.5166666666666667	0.11848958333333333	0.5166666666666667
11	0.3823784722222222	0.6666666666666666	0.2443576388888889	0.6666666666666666
13	0.6545138888888888	0.35833333333333334	0.1814236111111111	0.1798611111111111
13	0.23177083333333334	0.3302083333333333	0.203125	0.1375
11	0.3131510416666667	0.23194444444444445	0.10807291666666667	0.049305555555555554
11	0.6243489583333334	0.2484375	0.23567708333333334	0.09756944444444444
11	0.2267795138888889	0.25833333333333336	0.11848958333333333	0.08888888888888889
11	0.1911892361111111	0.3333333333333333	0.2443576388888889	0.21944444444444444
13	0.6545138888888888	0.35833333333333334	0.1814236111111111	0.1798611111111111
11	0.3131510416666667	0.23194444444444445	0.10807291666666667	0.049305555555555554
7	0.6243489583333334	0.2484375	0.23567708333333334	0.09756944444444444
