11	1.3485675306957707	0.2940613026819923	0.09072305593451568	0.2940613026819923
11	0.7298772169167803	0.25893997445721584	0.11664392905866303	0.25893997445721584
13	0.5961800818553888	0.5111749680715197	0.16371077762619374	0.5111749680715197
13	1.4553206002728514	0.5268199233716475	0.22339699863574353	0.5268199233716475
13	1.528649386084584	0.4734993614303959	0.11255115961800818	0.4734993614303959
11	1.3485675306957707	0.2940613026819923	0.09072305593451568	0.2940613026819923
11	0.7298772169167803	0.25893997445721584	0.11664392905866303	0.25893997445721584
13	0.5961800818553888	0.5111749680715197	0.16371077762619374	0.5111749680715197
13	1.4553206002728514	0.5268199233716475	0.22339699863574353	0.5268199233716475
13	1.528649386084584	0.4734993614303959	0.11255115961800818	0.4734993614303959
11	0.6742837653478854	0.14703065134099616	0.09072305593451568	0.015644955300127713
11	0.36493860845839016	0.12946998722860792	0.11664392905866303	0.031609195402298854
13	0.2980900409276944	0.25558748403575987	0.16371077762619374	0.13505747126436782
13	0.7276603001364257	0.26340996168582376	0.22339699863574353	0.22158365261813537
13	0.764324693042292	0.23674968071519795	0.11255115961800818	0.09227330779054917
11	0.6742837653478854	0.14703065134099616	0.09072305593451568	0.015644955300127713
13	0.2980900409276944	0.25558748403575987	0.16371077762619374	0.13505747126436782
