3	1.2141927083333333	1.1569010416666667	0.3854166666666667	1.1569010416666667
11	0.7760416666666666	0.3473307291666667	0.11458333333333333	0.3473307291666667
11	1.2705078125	0.3434244791666667	0.14029947916666666	0.3434244791666667
11	0.849609375	0.3307291666666667	0.07942708333333333	0.3307291666666667
0	1.1624348958333333	0.6276041666666666	0.08365885416666667	0.6276041666666666
13	0.5491536458333334	0.8610026041666666	0.06803385416666667	0.8610026041666666
3	1.2141927083333333	1.1569010416666667	0.3854166666666667	1.1569010416666667
11	0.7760416666666666	0.3473307291666667	0.11458333333333333	0.3473307291666667
11	1.2705078125	0.3434244791666667	0.14029947916666666	0.3434244791666667
11	0.849609375	0.3307291666666667	0.07942708333333333	0.3307291666666667
0	1.1624348958333333	0.6276041666666666	0.08365885416666667	0.6276041666666666
13	0.5491536458333334	0.8610026041666666	0.06803385416666667	0.8610026041666666
3	0.6070963541666666	0.5784505208333334	0.3854166666666667	0.14127604166666666
11	0.3880208333333333	0.17366536458333334	0.11458333333333333	0.017252604166666668
11	0.63525390625	0.17171223958333334	0.14029947916666666	0.037434895833333336
11	0.4248046875	0.16536458333333334	0.07942708333333333	0.031901041666666664
0	0.5812174479166666	0.3138020833333333	0.08365885416666667	0.080078125
13	0.2745768229166667	0.4305013020833333	0.06803385416666667	0.037434895833333336
3	0.6070963541666666	0.5784505208333334	0.3854166666666667	0.14127604166666666
11	0.3880208333333333	0.17366536458333334	0.11458333333333333	0.017252604166666668
0	0.5812174479166666	0.3138020833333333	0.08365885416666667	0.080078125
13	0.2745768229166667	0.4305013020833333	0.06803385416666667	0.037434895833333336
