3	1.1870659722222223	1.2555555555555555	0.4153645833333333	1.2555555555555555
9	1.6592881944444444	1.321875	0.12109375	1.321875
8	1.7252604166666667	1.2774305555555556	0.014322916666666666	1.2774305555555556
8	1.7495659722222223	1.3350694444444444	0.014322916666666666	1.3350694444444444
3	1.1870659722222223	1.2555555555555555	0.4153645833333333	1.2555555555555555
9	1.6592881944444444	1.321875	0.12109375	1.321875
8	1.7252604166666667	1.2774305555555556	0.014322916666666666	1.2774305555555556
8	1.7495659722222223	1.3350694444444444	0.014322916666666666	1.3350694444444444
3	0.5935329861111112	0.6277777777777778	0.4153645833333333	0.09166666666666666
9	0.8296440972222222	0.6609375	0.12109375	0.065625
8	0.8626302083333334	0.6387152777777778	0.014322916666666666	0.012847222222222222
8	0.8747829861111112	0.6675347222222222	0.014322916666666666	0.011458333333333333
3	0.5935329861111112	0.6277777777777778	0.4153645833333333	0.09166666666666666
9	0.8296440972222222	0.6609375	0.12109375	0.065625
7	0.814453125	0.6625	0.06032986111111111	0.07083333333333333
8	0.8626302083333334	0.6387152777777778	0.014322916666666666	0.012847222222222222
