7	1.7679290894439967	1.2457947133539307	0.0652699435938759	1.2457947133539307
7	0.2630942788074134	1.2725712324064538	0.035052377115229655	1.2725712324064538
7	0.4822723609991942	0.3796773086165465	0.028605962933118453	0.3796773086165465
7	1.6103948428686543	1.1424648129076553	0.13094278807413376	1.1424648129076553
11	0.26430298146655923	1.2924819773429455	0.060435132957292505	1.2924819773429455
11	1.757050765511684	1.2368692070030896	0.05842062852538275	1.2368692070030896
10	0.2630942788074134	1.2725712324064538	0.035052377115229655	1.2725712324064538
10	1.757050765511684	1.2368692070030896	0.05842062852538275	1.2368692070030896
13	0.4186140209508461	0.6948163405423962	0.11643835616438356	0.6948163405423962
13	0.4782433521353747	0.38139375214555443	0.048751007252215955	0.38139375214555443
7	1.7679290894439967	1.2457947133539307	0.0652699435938759	1.2457947133539307
7	0.2630942788074134	1.2725712324064538	0.035052377115229655	1.2725712324064538
7	0.4822723609991942	0.3796773086165465	0.028605962933118453	0.3796773086165465
7	1.6103948428686543	1.1424648129076553	0.13094278807413376	1.1424648129076553
11	0.26430298146655923	1.2924819773429455	0.060435132957292505	1.2924819773429455
11	1.757050765511684	1.2368692070030896	0.05842062852538275	1.2368692070030896
10	0.2630942788074134	1.2725712324064538	0.035052377115229655	1.2725712324064538
10	1.757050765511684	1.2368692070030896	0.05842062852538275	1.2368692070030896
13	0.4186140209508461	0.6948163405423962	0.11643835616438356	0.6948163405423962
13	0.4782433521353747	0.38139375214555443	0.048751007252215955	0.38139375214555443
7	0.8839645447219984	0.6228973566769653	0.0652699435938759	0.09303123927222795
7	0.1315471394037067	0.6362856162032269	0.035052377115229655	0.09440439409543426
7	0.2411361804995971	0.18983865430827326	0.028605962933118453	0.042567799519395814
7	0.8051974214343272	0.5712324064538277	0.13094278807413376	0.08856848609680741
11	0.13215149073327961	0.6462409886714727	0.060435132957292505	0.07586680398214898
11	0.878525382755842	0.6184346035015448	0.05842062852538275	0.06350841057329214
10	0.1315471394037067	0.6362856162032269	0.035052377115229655	0.09440439409543426
10	0.878525382755842	0.6184346035015448	0.05842062852538275	0.06350841057329214
13	0.20930701047542305	0.3474081702711981	0.11643835616438356	0.06659800892550635
13	0.23912167606768736	0.19069687607277722	0.048751007252215955	0.053896326810847925
7	0.8839645447219984	0.6228973566769653	0.0652699435938759	0.09303123927222795
11	0.13215149073327961	0.6462409886714727	0.060435132957292505	0.07586680398214898
10	0.1315471394037067	0.6362856162032269	0.035052377115229655	0.09440439409543426
13	0.20930701047542305	0.3474081702711981	0.11643835616438356	0.06659800892550635
3	0.5455278001611603	0.5944043940954342	0.47461724415793716	0.1362856162032269
