13	0.2919921875	0.5736	0.0361328125	0.5736
11	0.14306640625	1.8356	0.04833984375	1.8356
11	1.80615234375	1.5588	0.05322265625	1.5588
11	1.8212890625	1.472	0.0498046875	1.472
10	1.80615234375	1.5588	0.05322265625	1.5588
10	1.7724609375	1.5804	0.140625	1.5804
10	0.14306640625	1.8356	0.04833984375	1.8356
13	0.2919921875	0.5736	0.0361328125	0.5736
11	0.14306640625	1.8356	0.04833984375	1.8356
11	1.80615234375	1.5588	0.05322265625	1.5588
11	1.8212890625	1.472	0.0498046875	1.472
10	1.80615234375	1.5588	0.05322265625	1.5588
10	1.7724609375	1.5804	0.140625	1.5804
10	0.14306640625	1.8356	0.04833984375	1.8356
13	0.14599609375	0.2868	0.0361328125	0.0272
11	0.071533203125	0.9178	0.04833984375	0.0388
11	0.903076171875	0.7794	0.05322265625	0.0572
11	0.91064453125	0.736	0.0498046875	0.2176
10	0.903076171875	0.7794	0.05322265625	0.0572
10	0.88623046875	0.7902	0.140625	0.1548
10	0.071533203125	0.9178	0.04833984375	0.0388
9	0.14599609375	0.2868	0.0361328125	0.0272
13	0.14599609375	0.2868	0.0361328125	0.0272
11	0.071533203125	0.9178	0.04833984375	0.0388
10	0.903076171875	0.7794	0.05322265625	0.0572
