9	1.7958283192940232	1.2293637846655792	0.05415162454873646	1.2293637846655792
9	1.5138387484957883	1.237846655791191	0.2952266345768151	1.237846655791191
0	1.209787404733253	0.5393148450244698	0.10589651022864019	0.5393148450244698
9	1.7958283192940232	1.2293637846655792	0.05415162454873646	1.2293637846655792
9	1.5138387484957883	1.237846655791191	0.2952266345768151	1.237846655791191
0	1.209787404733253	0.5393148450244698	0.10589651022864019	0.5393148450244698
9	0.8979141596470116	0.6146818923327896	0.05415162454873646	0.0730831973898858
9	0.7569193742478941	0.6189233278955955	0.2952266345768151	0.11810766721044046
0	0.6048937023666265	0.2696574225122349	0.10589651022864019	0.10864600326264275
10	0.8979141596470116	0.6146818923327896	0.05415162454873646	0.0730831973898858
11	0.8979141596470116	0.6146818923327896	0.05415162454873646	0.0730831973898858
3	0.5924588848776574	0.5546492659053833	0.45246690734055356	0.12920065252854812
9	0.8979141596470116	0.6146818923327896	0.05415162454873646	0.0730831973898858
0	0.6048937023666265	0.2696574225122349	0.10589651022864019	0.10864600326264275
