0	1.2307086614173228	0.623046875	0.1251968503937008	0.623046875
3	1.1429133858267717	1.0104166666666667	0.35708661417322834	1.0104166666666667
7	1.5551181102362204	0.9973958333333334	0.12598425196850394	0.9973958333333334
7	0.5220472440944882	0.9505208333333334	0.10866141732283464	0.9505208333333334
0	1.2307086614173228	0.623046875	0.1251968503937008	0.623046875
3	1.1429133858267717	1.0104166666666667	0.35708661417322834	1.0104166666666667
7	1.5551181102362204	0.9973958333333334	0.12598425196850394	0.9973958333333334
7	0.5220472440944882	0.9505208333333334	0.10866141732283464	0.9505208333333334
0	0.6153543307086614	0.3115234375	0.1251968503937008	0.12369791666666667
3	0.5714566929133859	0.5052083333333334	0.35708661417322834	0.11393229166666667
7	0.7775590551181102	0.4986979166666667	0.12598425196850394	0.126953125
7	0.2610236220472441	0.4752604166666667	0.10866141732283464	0.11653645833333333
0	0.6153543307086614	0.3115234375	0.1251968503937008	0.12369791666666667
3	0.5714566929133859	0.5052083333333334	0.35708661417322834	0.11393229166666667
7	0.7775590551181102	0.4986979166666667	0.12598425196850394	0.126953125
