10	1.828	1.4089403973509933	0.046	1.4089403973509933
10	0.1655	1.0943708609271523	0.0795	1.0943708609271523
10	0.422	1.1084437086092715	0.327	1.1084437086092715
11	1.8335	1.4346026490066226	0.0545	1.4346026490066226
10	1.828	1.4089403973509933	0.046	1.4089403973509933
10	0.1655	1.0943708609271523	0.0795	1.0943708609271523
10	0.422	1.1084437086092715	0.327	1.1084437086092715
11	1.8335	1.4346026490066226	0.0545	1.4346026490066226
10	0.914	0.7044701986754967	0.046	0.07947019867549669
10	0.08275	0.5471854304635762	0.0795	0.11175496688741722
10	0.211	0.5542218543046358	0.327	0.25579470198675497
11	0.91675	0.7173013245033113	0.0545	0.060430463576158944
7	0.25025	0.5298013245033113	0.2395	0.05132450331125828
10	0.914	0.7044701986754967	0.046	0.07947019867549669
11	0.91675	0.7173013245033113	0.0545	0.060430463576158944
4	0.26175	0.5852649006622517	0.3215	0.14403973509933773
