0	1.2309027777777777	0.3642361111111111	0.1032986111111111	0.3642361111111111
6	0.4071180555555556	0.996875	0.07465277777777778	0.996875
6	1.8519965277777777	1.1083333333333334	0.05164930555555555	1.1083333333333334
11	0.3289930555555556	1.14375	0.050347222222222224	1.14375
11	0.54296875	0.19618055555555555	0.12456597222222222	0.19618055555555555
11	1.8498263888888888	0.9635416666666666	0.06163194444444445	0.9635416666666666
11	0.3342013888888889	1.0052083333333333	0.06076388888888889	1.0052083333333333
11	1.3880208333333333	0.06145833333333333	0.13194444444444445	0.06145833333333333
11	1.8498263888888888	1.115625	0.051215277777777776	1.115625
13	1.4535590277777777	0.24756944444444445	0.05685763888888889	0.24756944444444445
13	0.625	0.22430555555555556	0.19444444444444445	0.22430555555555556
13	0.5173611111111112	0.9798611111111111	0.1640625	0.9798611111111111
13	0.6263020833333334	1.0041666666666667	0.054253472222222224	1.0041666666666667
13	1.80859375	1.0666666666666667	0.04991319444444445	1.0666666666666667
0	1.2309027777777777	0.3642361111111111	0.1032986111111111	0.3642361111111111
6	0.4071180555555556	0.996875	0.07465277777777778	0.996875
6	1.8519965277777777	1.1083333333333334	0.05164930555555555	1.1083333333333334
11	0.3289930555555556	1.14375	0.050347222222222224	1.14375
11	0.54296875	0.19618055555555555	0.12456597222222222	0.19618055555555555
11	1.8498263888888888	0.9635416666666666	0.06163194444444445	0.9635416666666666
11	0.3342013888888889	1.0052083333333333	0.06076388888888889	1.0052083333333333
11	1.3880208333333333	0.06145833333333333	0.13194444444444445	0.06145833333333333
11	1.8498263888888888	1.115625	0.051215277777777776	1.115625
13	1.4535590277777777	0.24756944444444445	0.05685763888888889	0.24756944444444445
13	0.625	0.22430555555555556	0.19444444444444445	0.22430555555555556
13	0.5173611111111112	0.9798611111111111	0.1640625	0.9798611111111111
13	0.6263020833333334	1.0041666666666667	0.054253472222222224	1.0041666666666667
13	1.80859375	1.0666666666666667	0.04991319444444445	1.0666666666666667
0	0.6154513888888888	0.18211805555555555	0.1032986111111111	0.11215277777777778
6	0.2035590277777778	0.4984375	0.07465277777777778	0.07048611111111111
6	0.9259982638888888	0.5541666666666667	0.05164930555555555	0.08680555555555555
11	0.1644965277777778	0.571875	0.050347222222222224	0.05416666666666667
11	0.271484375	0.09809027777777778	0.12456597222222222	0.09479166666666666
11	0.9249131944444444	0.4817708333333333	0.06163194444444445	0.26979166666666665
11	0.16710069444444445	0.5026041666666666	0.06076388888888889	0.18715277777777778
11	0.6940104166666666	0.030729166666666665	0.13194444444444445	0.02673611111111111
11	0.9249131944444444	0.5578125	0.051215277777777776	0.07395833333333333
13	0.7267795138888888	0.12378472222222223	0.05685763888888889	0.07465277777777778
13	0.3125	0.11215277777777778	0.19444444444444445	0.14097222222222222
13	0.2586805555555556	0.48993055555555554	0.1640625	0.07361111111111111
13	0.3131510416666667	0.5020833333333333	0.054253472222222224	0.08055555555555556
13	0.904296875	0.5333333333333333	0.04991319444444445	0.059027777777777776
6	0.2035590277777778	0.4984375	0.07465277777777778	0.07048611111111111
11	0.1644965277777778	0.571875	0.050347222222222224	0.05416666666666667
13	0.7267795138888888	0.12378472222222223	0.05685763888888889	0.07465277777777778
0	0.6154513888888888	0.18211805555555555	0.1032986111111111	0.11215277777777778
5	0.2814670138888889	0.3170138888888889	0.20789930555555555	0.25972222222222224
9	0.2786458333333333	0.4895833333333333	0.24739583333333334	0.10833333333333334
