0	1.0364583333333333	0.590625	0.0920138888888889	0.590625
0	0.8797743055555556	0.7263888888888889	0.23914930555555555	0.7263888888888889
13	0.4383680555555556	0.7996527777777778	0.051215277777777776	0.7996527777777778
13	0.5386284722222222	0.5177083333333333	0.07335069444444445	0.5177083333333333
9	1.3619791666666667	1.1458333333333333	0.2925347222222222	1.1458333333333333
9	0.5386284722222222	0.5177083333333333	0.07335069444444445	0.5177083333333333
0	1.0364583333333333	0.590625	0.0920138888888889	0.590625
0	0.8797743055555556	0.7263888888888889	0.23914930555555555	0.7263888888888889
13	0.4383680555555556	0.7996527777777778	0.051215277777777776	0.7996527777777778
13	0.5386284722222222	0.5177083333333333	0.07335069444444445	0.5177083333333333
9	1.3619791666666667	1.1458333333333333	0.2925347222222222	1.1458333333333333
9	0.5386284722222222	0.5177083333333333	0.07335069444444445	0.5177083333333333
0	0.5182291666666666	0.2953125	0.0920138888888889	0.08368055555555555
0	0.4398871527777778	0.36319444444444443	0.23914930555555555	0.21736111111111112
13	0.2191840277777778	0.3998263888888889	0.051215277777777776	0.042708333333333334
13	0.2693142361111111	0.25885416666666666	0.07335069444444445	0.065625
9	0.6809895833333334	0.5729166666666666	0.2925347222222222	0.11527777777777778
9	0.2693142361111111	0.25885416666666666	0.07335069444444445	0.065625
13	0.2191840277777778	0.3998263888888889	0.051215277777777776	0.042708333333333334
9	0.6809895833333334	0.5729166666666666	0.2925347222222222	0.11527777777777778
3	0.5069444444444444	0.5555555555555556	0.3671875	0.11041666666666666
0	0.5182291666666666	0.2953125	0.0920138888888889	0.08368055555555555
