11	0.75732421875	0.3796	0.07275390625	0.3796
11	1.34423828125	0.4108	0.09619140625	0.4108
11	1.23046875	0.3956	0.0859375	0.3956
0	1.052734375	0.6892	0.1123046875	0.6892
11	0.75732421875	0.3796	0.07275390625	0.3796
11	1.34423828125	0.4108	0.09619140625	0.4108
11	1.23046875	0.3956	0.0859375	0.3956
0	1.052734375	0.6892	0.1123046875	0.6892
11	0.378662109375	0.1898	0.07275390625	0.0236
11	0.672119140625	0.2054	0.09619140625	0.0396
11	0.615234375	0.1978	0.0859375	0.014
0	0.5263671875	0.3446	0.1123046875	0.1004
11	0.378662109375	0.1898	0.07275390625	0.0236
0	0.5263671875	0.3446	0.1123046875	0.1004
3	0.578369140625	0.6354	0.41357421875	0.1204
