3	1.213596692696371	1.299062049062049	0.49517684887459806	1.299062049062049
11	1.2788240698208544	0.22546897546897546	0.10748736793752871	0.22546897546897546
11	0.7276067983463482	0.23773448773448774	0.11024345429490125	0.23773448773448774
11	0.19108865411116216	1.5815295815295816	0.05695911805236564	1.5815295815295816
0	1.2186495176848875	0.5981240981240982	0.10702802021129995	0.5981240981240982
3	1.213596692696371	1.299062049062049	0.49517684887459806	1.299062049062049
11	1.2788240698208544	0.22546897546897546	0.10748736793752871	0.22546897546897546
11	0.7276067983463482	0.23773448773448774	0.11024345429490125	0.23773448773448774
11	0.19108865411116216	1.5815295815295816	0.05695911805236564	1.5815295815295816
0	1.2186495176848875	0.5981240981240982	0.10702802021129995	0.5981240981240982
3	0.6067983463481855	0.6495310245310245	0.49517684887459806	0.18578643578643578
11	0.6394120349104272	0.11273448773448773	0.10748736793752871	0.031385281385281384
11	0.3638033991731741	0.11886724386724387	0.11024345429490125	0.04292929292929293
11	0.09554432705558108	0.7907647907647908	0.05695911805236564	0.0735930735930736
0	0.6093247588424437	0.2990620490620491	0.10702802021129995	0.11471861471861472
3	0.6067983463481855	0.6495310245310245	0.49517684887459806	0.18578643578643578
11	0.6394120349104272	0.11273448773448773	0.10748736793752871	0.031385281385281384
0	0.6093247588424437	0.2990620490620491	0.10702802021129995	0.11471861471861472
13	0.3454294901240239	0.14321789321789322	0.12218649517684887	0.0367965367965368
