0	1.0905572755417956	0.6745218579234973	0.10835913312693499	0.6745218579234973
11	0.2627708978328173	1.3203551912568305	0.12113003095975232	1.3203551912568305
11	0.211687306501548	1.4238387978142077	0.08010835913312693	1.4238387978142077
7	0.5278637770897833	1.2937158469945356	0.228328173374613	1.2937158469945356
7	1.519736842105263	0.7503415300546448	0.13351393188854488	0.7503415300546448
13	0.38738390092879255	1.108948087431694	0.1729876160990712	1.108948087431694
10	0.2627708978328173	1.3203551912568305	0.12113003095975232	1.3203551912568305
10	0.211687306501548	1.4238387978142077	0.08010835913312693	1.4238387978142077
0	1.0905572755417956	0.6745218579234973	0.10835913312693499	0.6745218579234973
11	0.2627708978328173	1.3203551912568305	0.12113003095975232	1.3203551912568305
11	0.211687306501548	1.4238387978142077	0.08010835913312693	1.4238387978142077
7	0.5278637770897833	1.2937158469945356	0.228328173374613	1.2937158469945356
7	1.519736842105263	0.7503415300546448	0.13351393188854488	0.7503415300546448
13	0.38738390092879255	1.108948087431694	0.1729876160990712	1.108948087431694
10	0.2627708978328173	1.3203551912568305	0.12113003095975232	1.3203551912568305
10	0.211687306501548	1.4238387978142077	0.08010835913312693	1.4238387978142077
0	0.5452786377708978	0.33726092896174864	0.10835913312693499	0.10075136612021858
11	0.13138544891640866	0.6601775956284153	0.12113003095975232	0.1325136612021858
11	0.105843653250774	0.7119193989071039	0.08010835913312693	0.09870218579234973
7	0.26393188854489164	0.6468579234972678	0.228328173374613	0.12295081967213115
7	0.7598684210526315	0.3751707650273224	0.13351393188854488	0.18954918032786885
13	0.19369195046439627	0.554474043715847	0.1729876160990712	0.0351775956284153
10	0.13138544891640866	0.6601775956284153	0.12113003095975232	0.1325136612021858
10	0.105843653250774	0.7119193989071039	0.08010835913312693	0.09870218579234973
0	0.5452786377708978	0.33726092896174864	0.10835913312693499	0.10075136612021858
11	0.13138544891640866	0.6601775956284153	0.12113003095975232	0.1325136612021858
3	0.5301857585139319	0.6077527322404371	0.4434984520123839	0.09733606557377049
7	0.26393188854489164	0.6468579234972678	0.228328173374613	0.12295081967213115
13	0.19369195046439627	0.554474043715847	0.1729876160990712	0.0351775956284153
10	0.13138544891640866	0.6601775956284153	0.12113003095975232	0.1325136612021858
8	0.5886222910216719	0.44279371584699456	0.0936532507739938	0.07889344262295082
