3	0.9949856733524355	1.3006756756756757	0.4706303724928367	1.3006756756756757
0	1.063753581661891	0.7527641277641277	0.14756446991404013	0.7527641277641277
3	0.9949856733524355	1.3006756756756757	0.4706303724928367	1.3006756756756757
0	1.063753581661891	0.7527641277641277	0.14756446991404013	0.7527641277641277
3	0.49749283667621774	0.6503378378378378	0.4706303724928367	0.1335995085995086
0	0.5318767908309455	0.37638206388206386	0.14756446991404013	0.12991400491400493
3	0.49749283667621774	0.6503378378378378	0.4706303724928367	0.1335995085995086
13	0.8889684813753582	0.7048525798525799	0.022922636103151862	0.0171990171990172
0	0.5318767908309455	0.37638206388206386	0.14756446991404013	0.12991400491400493
11	0.5777220630372493	0.22957616707616707	0.08452722063037249	0.040847665847665846
