7	0.5595544130248501	0.6334795815052312	0.14824335904027422	0.6334795815052312
7	0.39331619537275064	1.0894363820452244	0.12082262210796915	1.0894363820452244
6	0.45715509854327335	0.9773877826527169	0.1075407026563839	0.9773877826527169
6	0.5655526992287918	0.6101923725953425	0.13881748071979436	0.6101923725953425
11	0.7570694087403599	0.24839689503881202	0.21808054841473865	0.24839689503881202
7	0.5595544130248501	0.6334795815052312	0.14824335904027422	0.6334795815052312
7	0.39331619537275064	1.0894363820452244	0.12082262210796915	1.0894363820452244
6	0.45715509854327335	0.9773877826527169	0.1075407026563839	0.9773877826527169
6	0.5655526992287918	0.6101923725953425	0.13881748071979436	0.6101923725953425
11	0.7570694087403599	0.24839689503881202	0.21808054841473865	0.24839689503881202
7	0.27977720651242505	0.3167397907526156	0.14824335904027422	0.1130610867364158
7	0.19665809768637532	0.5447181910226122	0.12082262210796915	0.10259871751603104
6	0.22857754927163668	0.48869389132635843	0.1075407026563839	0.19979750253121836
6	0.2827763496143959	0.30509618629767127	0.13881748071979436	0.13094836314546068
11	0.37853470437017994	0.12419844751940601	0.21808054841473865	0.07829902126223422
11	0.37853470437017994	0.12419844751940601	0.21808054841473865	0.07829902126223422
7	0.27977720651242505	0.3167397907526156	0.14824335904027422	0.1130610867364158
6	0.22857754927163668	0.48869389132635843	0.1075407026563839	0.19979750253121836
9	0.2326478149100257	0.6164360445494431	0.0728363324764353	0.05636179547755653
