3	1.1774193548387097	1.3718637992831542	0.4788306451612903	1.3718637992831542
0	1.234375	0.6751792114695341	0.14465725806451613	0.6751792114695341
11	1.3084677419354838	0.367831541218638	0.12399193548387097	0.367831541218638
11	0.22530241935483872	1.4655017921146953	0.041834677419354836	1.4655017921146953
3	1.1774193548387097	1.3718637992831542	0.4788306451612903	1.3718637992831542
0	1.234375	0.6751792114695341	0.14465725806451613	0.6751792114695341
11	1.3084677419354838	0.367831541218638	0.12399193548387097	0.367831541218638
11	0.22530241935483872	1.4655017921146953	0.041834677419354836	1.4655017921146953
3	0.5887096774193549	0.6859318996415771	0.4788306451612903	0.13261648745519714
0	0.6171875	0.33758960573476704	0.14465725806451613	0.16442652329749105
11	0.6542338709677419	0.183915770609319	0.12399193548387097	0.056899641577060935
11	0.11265120967741936	0.7327508960573477	0.041834677419354836	0.07034050179211469
3	0.5887096774193549	0.6859318996415771	0.4788306451612903	0.13261648745519714
0	0.6171875	0.33758960573476704	0.14465725806451613	0.16442652329749105
11	0.6542338709677419	0.183915770609319	0.12399193548387097	0.056899641577060935
10	0.11265120967741936	0.7327508960573477	0.041834677419354836	0.07034050179211469
7	0.4498487903225806	0.3035394265232975	0.08820564516129033	0.26299283154121866
