9	0.5420827389443652	0.9584753641152773	0.3074179743223966	0.9584753641152773
9	0.07881597717546363	1.0715835140997831	0.06098430813124108	1.0715835140997831
10	1.6890156918687589	1.3560582584443757	0.11412268188302425	1.3560582584443757
10	1.6340941512125535	1.4149364735048031	0.17760342368045648	1.4149364735048031
10	1.7321683309557774	1.3960334676169817	0.07453637660485021	1.3960334676169817
12	0.5402995720399429	0.7300898667493028	0.2606990014265335	0.7300898667493028
12	0.27710413694721825	1.4344592500774713	0.1522824536376605	1.4344592500774713
12	1.6915121255349501	1.3541989463898358	0.09165477888730385	1.3541989463898358
12	0.5281740370898717	0.47412457390765417	0.2892296718972896	0.47412457390765417
12	0.47717546362339514	0.9312054539820267	0.3751783166904422	0.9312054539820267
9	0.5420827389443652	0.9584753641152773	0.3074179743223966	0.9584753641152773
9	0.07881597717546363	1.0715835140997831	0.06098430813124108	1.0715835140997831
10	1.6890156918687589	1.3560582584443757	0.11412268188302425	1.3560582584443757
10	1.6340941512125535	1.4149364735048031	0.17760342368045648	1.4149364735048031
10	1.7321683309557774	1.3960334676169817	0.07453637660485021	1.3960334676169817
12	0.5402995720399429	0.7300898667493028	0.2606990014265335	0.7300898667493028
12	0.27710413694721825	1.4344592500774713	0.1522824536376605	1.4344592500774713
12	1.6915121255349501	1.3541989463898358	0.09165477888730385	1.3541989463898358
12	0.5281740370898717	0.47412457390765417	0.2892296718972896	0.47412457390765417
12	0.47717546362339514	0.9312054539820267	0.3751783166904422	0.9312054539820267
12	0.27014978601997147	0.3650449333746514	0.2606990014265335	0.2094824914781531
12	0.13855206847360912	0.7172296250387357	0.1522824536376605	0.22838549736597458
12	0.8457560627674751	0.6770994731949179	0.09165477888730385	0.02850945150294391
12	0.2640870185449358	0.23706228695382708	0.2892296718972896	0.24480942051440968
12	0.23858773181169757	0.46560272699101335	0.3751783166904422	0.6969321351100093
9	0.2710413694721826	0.47923768205763867	0.3074179743223966	0.19801673380849086
9	0.03940798858773181	0.5357917570498916	0.06098430813124108	0.30926557173845676
10	0.8445078459343794	0.6780291292221878	0.11412268188302425	0.0638363805392005
10	0.8170470756062768	0.7074682367524016	0.17760342368045648	0.02850945150294391
10	0.8660841654778887	0.6980167338084908	0.07453637660485021	0.03935543848775953
9	0.2710413694721826	0.47923768205763867	0.3074179743223966	0.19801673380849086
10	0.8445078459343794	0.6780291292221878	0.11412268188302425	0.0638363805392005
8	0.7337731811697575	0.5608924697861791	0.04386590584878745	0.05577936163619461
12	0.27014978601997147	0.3650449333746514	0.2606990014265335	0.2094824914781531
6	0.2710413694721826	0.47923768205763867	0.3074179743223966	0.19801673380849086
13	0.7565977175463623	0.3261543229005268	0.08523537803138374	0.0554694762937713
7	0.7348430813124108	0.5602726991013325	0.05099857346647646	0.04400371862410908
