7	1.5664814023086788	1.2182799845738528	0.08294142796066695	1.2182799845738528
13	1.7015818725951262	1.1241804859236406	0.09662248824283882	1.1241804859236406
13	1.606241983753741	1.200154261473197	0.1911073108165883	1.200154261473197
11	1.4352287302265925	0.6108754338603933	0.2526720820863617	0.6108754338603933
10	1.6455750320649851	1.4300038565368298	0.1996579734929457	1.4300038565368298
0	1.247969217614365	0.8468954878519089	0.11842667806755024	0.8468954878519089
7	1.5664814023086788	1.2182799845738528	0.08294142796066695	1.2182799845738528
13	1.7015818725951262	1.1241804859236406	0.09662248824283882	1.1241804859236406
13	1.606241983753741	1.200154261473197	0.1911073108165883	1.200154261473197
11	1.4352287302265925	0.6108754338603933	0.2526720820863617	0.6108754338603933
10	1.6455750320649851	1.4300038565368298	0.1996579734929457	1.4300038565368298
0	1.247969217614365	0.8468954878519089	0.11842667806755024	0.8468954878519089
7	0.7832407011543394	0.6091399922869264	0.08294142796066695	0.10296953335904357
13	0.8507909362975631	0.5620902429618203	0.09662248824283882	0.028924026224450443
13	0.8031209918768705	0.6000771307365985	0.1911073108165883	0.11569610489780177
11	0.7176143651132962	0.30543771693019667	0.2526720820863617	0.14731970690320093
10	0.8227875160324926	0.7150019282684149	0.1996579734929457	0.21056691091399923
0	0.6239846088071825	0.42344774392595447	0.11842667806755024	0.1434631700732742
11	0.7176143651132962	0.30543771693019667	0.2526720820863617	0.14731970690320093
10	0.8227875160324926	0.7150019282684149	0.1996579734929457	0.21056691091399923
0	0.6239846088071825	0.42344774392595447	0.11842667806755024	0.1434631700732742
4	0.7832407011543394	0.6091399922869264	0.08294142796066695	0.10296953335904357
7	0.7832407011543394	0.6091399922869264	0.08294142796066695	0.10296953335904357
13	0.8507909362975631	0.5620902429618203	0.09662248824283882	0.028924026224450443
