0	1.1788194444444444	0.575	0.15625	0.575
11	0.7122395833333334	0.2517361111111111	0.0837673611111111	0.2517361111111111
3	1.1475694444444444	1.2079861111111112	0.4461805555555556	1.2079861111111112
0	1.1788194444444444	0.575	0.15625	0.575
11	0.7122395833333334	0.2517361111111111	0.0837673611111111	0.2517361111111111
3	1.1475694444444444	1.2079861111111112	0.4461805555555556	1.2079861111111112
3	0.5737847222222222	0.6039930555555556	0.4461805555555556	0.13229166666666667
0	0.5894097222222222	0.2875	0.15625	0.11875
11	0.3561197916666667	0.12586805555555555	0.0837673611111111	0.02673611111111111
0	0.5894097222222222	0.2875	0.15625	0.11875
11	0.3561197916666667	0.12586805555555555	0.0837673611111111	0.02673611111111111
3	0.5737847222222222	0.6039930555555556	0.4461805555555556	0.13229166666666667
