0	1.1711309523809523	0.6052097428958051	0.11979166666666667	0.6052097428958051
7	1.501860119047619	1.0744248985115021	0.17001488095238096	1.0744248985115021
8	1.4572172619047619	1.067320703653586	0.22581845238095238	1.067320703653586
0	1.1711309523809523	0.6052097428958051	0.11979166666666667	0.6052097428958051
7	1.501860119047619	1.0744248985115021	0.17001488095238096	1.0744248985115021
8	1.4572172619047619	1.067320703653586	0.22581845238095238	1.067320703653586
7	0.7509300595238095	0.5372124492557511	0.17001488095238096	0.18876860622462788
8	0.7286086309523809	0.533660351826793	0.22581845238095238	0.18640054127198918
0	0.5855654761904762	0.30260487144790255	0.11979166666666667	0.10250338294993235
0	0.5855654761904762	0.30260487144790255	0.11979166666666667	0.10250338294993235
7	0.7509300595238095	0.5372124492557511	0.17001488095238096	0.18876860622462788
8	0.7286086309523809	0.533660351826793	0.22581845238095238	0.18640054127198918
