3	1.2921006944444444	1.3378472222222222	0.4778645833333333	1.3378472222222222
11	1.7821180555555556	1.4288194444444444	0.03993055555555555	1.4288194444444444
8	0.6480034722222222	0.4909722222222222	0.015190972222222222	0.4909722222222222
0	1.1727430555555556	0.6493055555555556	0.14322916666666666	0.6493055555555556
10	1.7834201388888888	1.4305555555555556	0.039496527777777776	1.4305555555555556
3	1.2921006944444444	1.3378472222222222	0.4778645833333333	1.3378472222222222
11	1.7821180555555556	1.4288194444444444	0.03993055555555555	1.4288194444444444
8	0.6480034722222222	0.4909722222222222	0.015190972222222222	0.4909722222222222
0	1.1727430555555556	0.6493055555555556	0.14322916666666666	0.6493055555555556
10	1.7834201388888888	1.4305555555555556	0.039496527777777776	1.4305555555555556
3	0.6460503472222222	0.6689236111111111	0.4778645833333333	0.12256944444444444
11	0.8910590277777778	0.7144097222222222	0.03993055555555555	0.06631944444444444
8	0.3240017361111111	0.2454861111111111	0.015190972222222222	0.013888888888888888
0	0.5863715277777778	0.3246527777777778	0.14322916666666666	0.14305555555555555
10	0.8917100694444444	0.7152777777777778	0.039496527777777776	0.05555555555555555
3	0.6460503472222222	0.6689236111111111	0.4778645833333333	0.12256944444444444
11	0.8910590277777778	0.7144097222222222	0.03993055555555555	0.06631944444444444
8	0.3240017361111111	0.2454861111111111	0.015190972222222222	0.013888888888888888
0	0.5863715277777778	0.3246527777777778	0.14322916666666666	0.14305555555555555
10	0.8917100694444444	0.7152777777777778	0.039496527777777776	0.05555555555555555
7	0.6532118055555556	0.3314236111111111	0.13020833333333334	0.27118055555555554
