3	1.1831597222222223	1.0409722222222222	0.3975694444444444	1.0409722222222222
13	1.5638020833333333	0.9760416666666667	0.1254340277777778	0.9760416666666667
3	1.1831597222222223	1.0409722222222222	0.3975694444444444	1.0409722222222222
13	1.5638020833333333	0.9760416666666667	0.1254340277777778	0.9760416666666667
3	0.5915798611111112	0.5204861111111111	0.3975694444444444	0.09930555555555555
13	0.7819010416666666	0.48802083333333335	0.1254340277777778	0.046875
9	0.6566840277777778	0.4748263888888889	0.1796875	0.14131944444444444
3	0.5915798611111112	0.5204861111111111	0.3975694444444444	0.09930555555555555
13	0.7819010416666666	0.48802083333333335	0.1254340277777778	0.046875
11	0.6514756944444444	0.1720486111111111	0.1232638888888889	0.017013888888888887
0	0.5713975694444444	0.2942708333333333	0.10980902777777778	0.12048611111111111
