0	1.0902777777777777	0.6902777777777778	0.12239583333333333	0.6902777777777778
4	1.3967013888888888	1.101736111111111	0.10503472222222222	1.101736111111111
4	1.2087673611111112	0.8371527777777777	0.1115451388888889	0.8371527777777777
13	1.3645833333333333	1.4013888888888888	0.059895833333333336	1.4013888888888888
13	1.3528645833333333	0.6763888888888889	0.12369791666666667	0.6763888888888889
11	0.7191840277777778	0.36180555555555555	0.1714409722222222	0.36180555555555555
11	0.11371527777777778	1.6392361111111111	0.04774305555555555	1.6392361111111111
11	1.2651909722222223	0.421875	0.18359375	0.421875
7	0.5160590277777778	0.8885416666666667	0.2365451388888889	0.8885416666666667
7	1.2087673611111112	0.8371527777777777	0.1115451388888889	0.8371527777777777
10	0.1150173611111111	1.6333333333333333	0.030815972222222224	1.6333333333333333
8	0.6067708333333334	0.5694444444444444	0.04079861111111111	0.5694444444444444
8	1.3940972222222223	1.1065972222222222	0.09809027777777778	1.1065972222222222
8	0.6471354166666666	0.7263888888888889	0.0646701388888889	0.7263888888888889
8	0.3233506944444444	0.8263888888888888	0.023871527777777776	0.8263888888888888
8	1.3645833333333333	1.4013888888888888	0.059895833333333336	1.4013888888888888
8	1.5221354166666667	0.8177083333333334	0.02734375	0.8177083333333334
8	1.1714409722222223	0.7465277777777778	0.07161458333333333	0.7465277777777778
8	0.5750868055555556	0.896875	0.05772569444444445	0.896875
0	1.0902777777777777	0.6902777777777778	0.12239583333333333	0.6902777777777778
4	1.3967013888888888	1.101736111111111	0.10503472222222222	1.101736111111111
4	1.2087673611111112	0.8371527777777777	0.1115451388888889	0.8371527777777777
13	1.3645833333333333	1.4013888888888888	0.059895833333333336	1.4013888888888888
13	1.3528645833333333	0.6763888888888889	0.12369791666666667	0.6763888888888889
11	0.7191840277777778	0.36180555555555555	0.1714409722222222	0.36180555555555555
11	0.11371527777777778	1.6392361111111111	0.04774305555555555	1.6392361111111111
11	1.2651909722222223	0.421875	0.18359375	0.421875
7	0.5160590277777778	0.8885416666666667	0.2365451388888889	0.8885416666666667
7	1.2087673611111112	0.8371527777777777	0.1115451388888889	0.8371527777777777
10	0.1150173611111111	1.6333333333333333	0.030815972222222224	1.6333333333333333
8	0.6067708333333334	0.5694444444444444	0.04079861111111111	0.5694444444444444
8	1.3940972222222223	1.1065972222222222	0.09809027777777778	1.1065972222222222
8	0.6471354166666666	0.7263888888888889	0.0646701388888889	0.7263888888888889
8	0.3233506944444444	0.8263888888888888	0.023871527777777776	0.8263888888888888
8	1.3645833333333333	1.4013888888888888	0.059895833333333336	1.4013888888888888
8	1.5221354166666667	0.8177083333333334	0.02734375	0.8177083333333334
8	1.1714409722222223	0.7465277777777778	0.07161458333333333	0.7465277777777778
8	0.5750868055555556	0.896875	0.05772569444444445	0.896875
0	0.5451388888888888	0.3451388888888889	0.12239583333333333	0.12986111111111112
4	0.6983506944444444	0.5508680555555555	0.10503472222222222	0.11076388888888888
4	0.6043836805555556	0.4185763888888889	0.1115451388888889	0.15590277777777778
13	0.6822916666666666	0.7006944444444444	0.059895833333333336	0.05763888888888889
13	0.6764322916666666	0.33819444444444446	0.12369791666666667	0.13819444444444445
11	0.3595920138888889	0.18090277777777777	0.1714409722222222	0.03194444444444444
11	0.05685763888888889	0.8196180555555556	0.04774305555555555	0.043402777777777776
11	0.6325954861111112	0.2109375	0.18359375	0.07881944444444444
7	0.2580295138888889	0.44427083333333334	0.2365451388888889	0.07395833333333333
7	0.6043836805555556	0.4185763888888889	0.1115451388888889	0.15590277777777778
10	0.05750868055555555	0.8166666666666667	0.030815972222222224	0.04583333333333333
8	0.3033854166666667	0.2847222222222222	0.04079861111111111	0.03263888888888889
8	0.6970486111111112	0.5532986111111111	0.09809027777777778	0.10659722222222222
8	0.3235677083333333	0.36319444444444443	0.0646701388888889	0.04375
8	0.1616753472222222	0.4131944444444444	0.023871527777777776	0.021527777777777778
8	0.6822916666666666	0.7006944444444444	0.059895833333333336	0.05763888888888889
8	0.7610677083333334	0.4088541666666667	0.02734375	0.01840277777777778
8	0.5857204861111112	0.3732638888888889	0.07161458333333333	0.09236111111111112
8	0.2875434027777778	0.4484375	0.05772569444444445	0.04756944444444444
11	0.3595920138888889	0.18090277777777777	0.1714409722222222	0.03194444444444444
7	0.2580295138888889	0.44427083333333334	0.2365451388888889	0.07395833333333333
10	0.05750868055555555	0.8166666666666667	0.030815972222222224	0.04583333333333333
8	0.3033854166666667	0.2847222222222222	0.04079861111111111	0.03263888888888889
0	0.5451388888888888	0.3451388888888889	0.12239583333333333	0.12986111111111112
4	0.6983506944444444	0.5508680555555555	0.10503472222222222	0.11076388888888888
13	0.6822916666666666	0.7006944444444444	0.059895833333333336	0.05763888888888889
