0	1.2326771653543307	0.6761067708333334	0.17598425196850392	0.6761067708333334
3	1.2216535433070865	1.1793619791666667	0.38858267716535433	1.1793619791666667
0	1.2326771653543307	0.6761067708333334	0.17598425196850392	0.6761067708333334
3	1.2216535433070865	1.1793619791666667	0.38858267716535433	1.1793619791666667
0	0.6163385826771653	0.3380533854166667	0.17598425196850392	0.14680989583333334
3	0.6108267716535433	0.5896809895833334	0.38858267716535433	0.09342447916666667
0	0.6163385826771653	0.3380533854166667	0.17598425196850392	0.14680989583333334
3	0.6108267716535433	0.5896809895833334	0.38858267716535433	0.09342447916666667
7	0.8161417322834645	0.6569010416666666	0.09763779527559055	0.150390625
11	0.7147637795275591	0.24674479166666666	0.1736220472440945	0.10677083333333333
