6	1.513764880952381	0.6979166666666666	0.19010416666666666	0.6979166666666666
11	0.5695684523809523	1.5620471014492754	0.09933035714285714	1.5620471014492754
11	1.3590029761904763	0.31929347826086957	0.1328125	0.31929347826086957
12	0.7061011904761905	1.0520833333333333	0.4181547619047619	1.0520833333333333
6	1.513764880952381	0.6979166666666666	0.19010416666666666	0.6979166666666666
11	0.5695684523809523	1.5620471014492754	0.09933035714285714	1.5620471014492754
11	1.3590029761904763	0.31929347826086957	0.1328125	0.31929347826086957
12	0.7061011904761905	1.0520833333333333	0.4181547619047619	1.0520833333333333
6	0.7568824404761905	0.3489583333333333	0.19010416666666666	0.2667572463768116
11	0.28478422619047616	0.7810235507246377	0.09933035714285714	0.09375
11	0.6795014880952381	0.15964673913043478	0.1328125	0.07472826086956522
12	0.35305059523809523	0.5260416666666666	0.4181547619047619	0.9334239130434783
0	0.6242559523809523	0.33695652173913043	0.16071428571428573	0.1802536231884058
6	0.7568824404761905	0.3489583333333333	0.19010416666666666	0.2667572463768116
11	0.28478422619047616	0.7810235507246377	0.09933035714285714	0.09375
7	0.7483258928571429	0.32631340579710144	0.16331845238095238	0.31657608695652173
12	0.35305059523809523	0.5260416666666666	0.4181547619047619	0.9334239130434783
