5	0.5366141732283465	0.8785807291666666	0.27755905511811024	0.8785807291666666
5	1.4677165354330708	0.91796875	0.27244094488188975	0.91796875
13	0.452755905511811	0.892578125	0.2204724409448819	0.892578125
13	1.5326771653543307	0.9176432291666666	0.19566929133858268	0.9176432291666666
0	1.138976377952756	0.5621744791666666	0.10748031496062992	0.5621744791666666
5	0.5366141732283465	0.8785807291666666	0.27755905511811024	0.8785807291666666
5	1.4677165354330708	0.91796875	0.27244094488188975	0.91796875
13	0.452755905511811	0.892578125	0.2204724409448819	0.892578125
13	1.5326771653543307	0.9176432291666666	0.19566929133858268	0.9176432291666666
0	1.138976377952756	0.5621744791666666	0.10748031496062992	0.5621744791666666
5	0.26830708661417324	0.4392903645833333	0.27755905511811024	0.3427734375
5	0.7338582677165354	0.458984375	0.27244094488188975	0.3977864583333333
13	0.2263779527559055	0.4462890625	0.2204724409448819	0.3118489583333333
13	0.7663385826771654	0.4588216145833333	0.19566929133858268	0.3395182291666667
0	0.569488188976378	0.2810872395833333	0.10748031496062992	0.09342447916666667
5	0.26830708661417324	0.4392903645833333	0.27755905511811024	0.3427734375
13	0.2263779527559055	0.4462890625	0.2204724409448819	0.3118489583333333
0	0.569488188976378	0.2810872395833333	0.10748031496062992	0.09342447916666667
9	0.7663385826771654	0.4588216145833333	0.19566929133858268	0.3395182291666667
