0	1.3372395833333333	0.7128472222222222	0.10980902777777778	0.7128472222222222
9	1.5321180555555556	0.5902777777777778	0.015625	0.5902777777777778
9	0.625	0.42777777777777776	0.0234375	0.42777777777777776
9	0.8480902777777778	0.31666666666666665	0.022569444444444444	0.31666666666666665
0	1.3372395833333333	0.7128472222222222	0.10980902777777778	0.7128472222222222
9	1.5321180555555556	0.5902777777777778	0.015625	0.5902777777777778
9	0.625	0.42777777777777776	0.0234375	0.42777777777777776
9	0.8480902777777778	0.31666666666666665	0.022569444444444444	0.31666666666666665
0	0.6686197916666666	0.3564236111111111	0.10980902777777778	0.11006944444444444
9	0.7660590277777778	0.2951388888888889	0.015625	0.01597222222222222
9	0.3125	0.21388888888888888	0.0234375	0.015277777777777777
9	0.4240451388888889	0.15833333333333333	0.022569444444444444	0.016666666666666666
13	0.4201388888888889	0.4157986111111111	0.18229166666666666	0.06076388888888889
10	0.19618055555555555	0.6373263888888889	0.03993055555555555	0.05173611111111111
0	0.6686197916666666	0.3564236111111111	0.10980902777777778	0.11006944444444444
9	0.7660590277777778	0.2951388888888889	0.015625	0.01597222222222222
11	0.19618055555555555	0.6373263888888889	0.03993055555555555	0.05173611111111111
