11	0.6596685082872928	0.45446067764998443	0.22578268876611418	0.45446067764998443
11	0.2121546961325967	1.7087348461299348	0.03314917127071823	1.7087348461299348
11	0.22357274401473295	1.744482437053155	0.08066298342541436	1.744482437053155
11	1.3406998158379373	0.33820329499533724	0.16279926335174955	0.33820329499533724
13	0.6283609576427256	0.636307118433323	0.20847145488029467	0.636307118433323
13	1.4692449355432782	0.5760024867889338	0.22209944751381216	0.5760024867889338
6	0.632780847145488	0.6627292508548337	0.2011049723756906	0.6627292508548337
6	1.4692449355432782	0.5760024867889338	0.22209944751381216	0.5760024867889338
11	0.6596685082872928	0.45446067764998443	0.22578268876611418	0.45446067764998443
11	0.2121546961325967	1.7087348461299348	0.03314917127071823	1.7087348461299348
11	0.22357274401473295	1.744482437053155	0.08066298342541436	1.744482437053155
11	1.3406998158379373	0.33820329499533724	0.16279926335174955	0.33820329499533724
13	0.6283609576427256	0.636307118433323	0.20847145488029467	0.636307118433323
13	1.4692449355432782	0.5760024867889338	0.22209944751381216	0.5760024867889338
6	0.632780847145488	0.6627292508548337	0.2011049723756906	0.6627292508548337
6	1.4692449355432782	0.5760024867889338	0.22209944751381216	0.5760024867889338
11	0.3298342541436464	0.22723033882499222	0.22578268876611418	0.13055641902393533
11	0.10607734806629834	0.8543674230649674	0.03314917127071823	0.02393534348772148
11	0.11178637200736648	0.8722412185265775	0.08066298342541436	0.07895554864780852
11	0.6703499079189686	0.16910164749766862	0.16279926335174955	0.06589990674541499
13	0.3141804788213628	0.3181535592166615	0.20847145488029467	0.224743549891203
13	0.7346224677716391	0.2880012433944669	0.22209944751381216	0.19365868821883742
6	0.316390423572744	0.33136462542741685	0.2011049723756906	0.14796394156046005
6	0.7346224677716391	0.2880012433944669	0.22209944751381216	0.19365868821883742
1	0.2965009208103131	0.2270749145166304	0.18047882136279927	0.1196767174386074
11	0.3298342541436464	0.22723033882499222	0.22578268876611418	0.13055641902393533
10	0.11178637200736648	0.8722412185265775	0.08066298342541436	0.07895554864780852
13	0.3141804788213628	0.3181535592166615	0.20847145488029467	0.224743549891203
6	0.316390423572744	0.33136462542741685	0.2011049723756906	0.14796394156046005
