0	1.2004065040650407	0.6430868167202572	0.11747967479674797	0.6430868167202572
11	0.6016260162601627	0.29019292604501606	0.04552845528455285	0.29019292604501606
11	1.5715447154471545	0.3496784565916399	0.028455284552845527	0.3496784565916399
0	1.2004065040650407	0.6430868167202572	0.11747967479674797	0.6430868167202572
11	0.6016260162601627	0.29019292604501606	0.04552845528455285	0.29019292604501606
11	1.5715447154471545	0.3496784565916399	0.028455284552845527	0.3496784565916399
0	0.6002032520325203	0.3215434083601286	0.11747967479674797	0.09887459807073955
11	0.3008130081300813	0.14509646302250803	0.04552845528455285	0.03536977491961415
11	0.7857723577235772	0.17483922829581994	0.028455284552845527	0.022508038585209004
2	0.6434959349593496	0.32636655948553056	0.01951219512195122	0.04823151125401929
0	0.6002032520325203	0.3215434083601286	0.11747967479674797	0.09887459807073955
11	0.3008130081300813	0.14509646302250803	0.04552845528455285	0.03536977491961415
3	0.5766260162601626	0.6778536977491961	0.4304878048780488	0.1659967845659164
