9	0.7089660159074476	0.6450420168067227	0.25632682574114246	0.6450420168067227
9	0.14497469269703542	1.302857142857143	0.13774403470715835	1.302857142857143
9	0.34309472161966736	0.614453781512605	0.07628344179320318	0.614453781512605
9	1.0119305856832972	0.253781512605042	0.5057845263919016	0.253781512605042
9	0.6319595083152567	0.20504201680672268	0.1099060014461316	0.20504201680672268
9	1.3998553868402024	0.2110924369747899	0.0824295010845987	0.2110924369747899
7	0.6590744757772957	0.8709243697478991	0.23608098336948663	0.8709243697478991
3	1.1522053506869125	1.276638655462185	0.45806218365871293	1.276638655462185
0	1.207881417208966	0.7653781512605042	0.12979031091829357	0.7653781512605042
9	0.7089660159074476	0.6450420168067227	0.25632682574114246	0.6450420168067227
9	0.14497469269703542	1.302857142857143	0.13774403470715835	1.302857142857143
9	0.34309472161966736	0.614453781512605	0.07628344179320318	0.614453781512605
9	1.0119305856832972	0.253781512605042	0.5057845263919016	0.253781512605042
9	0.6319595083152567	0.20504201680672268	0.1099060014461316	0.20504201680672268
9	1.3998553868402024	0.2110924369747899	0.0824295010845987	0.2110924369747899
7	0.6590744757772957	0.8709243697478991	0.23608098336948663	0.8709243697478991
3	1.1522053506869125	1.276638655462185	0.45806218365871293	1.276638655462185
0	1.207881417208966	0.7653781512605042	0.12979031091829357	0.7653781512605042
7	0.32953723788864786	0.43546218487394955	0.23608098336948663	0.253781512605042
3	0.5761026753434563	0.6383193277310925	0.45806218365871293	0.15798319327731092
0	0.603940708604483	0.3826890756302521	0.12979031091829357	0.10453781512605043
9	0.3544830079537238	0.32252100840336134	0.25632682574114246	0.2396638655462185
9	0.07248734634851771	0.6514285714285715	0.13774403470715835	0.3704201680672269
9	0.17154736080983368	0.3072268907563025	0.07628344179320318	0.05781512605042017
9	0.5059652928416486	0.126890756302521	0.5057845263919016	0.15361344537815125
9	0.31597975415762836	0.10252100840336134	0.1099060014461316	0.11764705882352941
9	0.6999276934201012	0.10554621848739495	0.0824295010845987	0.133781512605042
9	0.3544830079537238	0.32252100840336134	0.25632682574114246	0.2396638655462185
7	0.32953723788864786	0.43546218487394955	0.23608098336948663	0.253781512605042
3	0.5761026753434563	0.6383193277310925	0.45806218365871293	0.15798319327731092
4	0.3288141720896602	0.4322689075630252	0.22740419378163412	0.2272268907563025
0	0.603940708604483	0.3826890756302521	0.12979031091829357	0.10453781512605043
