6	0.4580078125	0.3932	0.0947265625	0.3932
6	1.26318359375	0.3376	0.19970703125	0.3376
13	0.4521484375	0.4052	0.08984375	0.4052
13	1.25732421875	0.2904	0.19287109375	0.2904
13	0.54541015625	0.4472	0.16552734375	0.4472
6	0.4580078125	0.3932	0.0947265625	0.3932
6	1.26318359375	0.3376	0.19970703125	0.3376
13	0.4521484375	0.4052	0.08984375	0.4052
13	1.25732421875	0.2904	0.19287109375	0.2904
13	0.54541015625	0.4472	0.16552734375	0.4472
6	0.22900390625	0.1966	0.0947265625	0.0476
6	0.631591796875	0.1688	0.19970703125	0.1936
13	0.22607421875	0.2026	0.08984375	0.042
13	0.628662109375	0.1452	0.19287109375	0.1656
13	0.272705078125	0.2236	0.16552734375	0.084
6	0.22900390625	0.1966	0.0947265625	0.0476
13	0.22607421875	0.2026	0.08984375	0.042
