6	0.5044466403162056	0.5344669117647058	0.2564229249011858	0.5344669117647058
6	1.4505928853754941	0.6332720588235294	0.1966403162055336	0.6332720588235294
13	1.4224308300395256	0.6654411764705882	0.1615612648221344	0.6654411764705882
13	0.5153162055335968	0.546875	0.20800395256916995	0.546875
7	1.4476284584980237	0.6668198529411765	0.1590909090909091	0.6668198529411765
7	0.5044466403162056	0.5344669117647058	0.2564229249011858	0.5344669117647058
6	0.5044466403162056	0.5344669117647058	0.2564229249011858	0.5344669117647058
6	1.4505928853754941	0.6332720588235294	0.1966403162055336	0.6332720588235294
13	1.4224308300395256	0.6654411764705882	0.1615612648221344	0.6654411764705882
13	0.5153162055335968	0.546875	0.20800395256916995	0.546875
7	1.4476284584980237	0.6668198529411765	0.1590909090909091	0.6668198529411765
7	0.5044466403162056	0.5344669117647058	0.2564229249011858	0.5344669117647058
6	0.2522233201581028	0.2672334558823529	0.2564229249011858	0.25045955882352944
6	0.7252964426877471	0.3166360294117647	0.1966403162055336	0.19852941176470587
13	0.7112154150197628	0.3327205882352941	0.1615612648221344	0.14430147058823528
13	0.2576581027667984	0.2734375	0.20800395256916995	0.21875
7	0.7238142292490118	0.33340992647058826	0.1590909090909091	0.17876838235294118
7	0.2522233201581028	0.2672334558823529	0.2564229249011858	0.25045955882352944
6	0.2522233201581028	0.2672334558823529	0.2564229249011858	0.25045955882352944
13	0.7112154150197628	0.3327205882352941	0.1615612648221344	0.14430147058823528
7	0.7238142292490118	0.33340992647058826	0.1590909090909091	0.17876838235294118
8	0.25592885375494073	0.26516544117647056	0.2490118577075099	0.22426470588235295
