3	1.1035	1.2448979591836735	0.4815	1.2448979591836735
0	1.1075	0.5714285714285714	0.1565	0.5714285714285714
0	0.924	0.7219387755102041	0.327	0.7219387755102041
3	1.1035	1.2448979591836735	0.4815	1.2448979591836735
0	1.1075	0.5714285714285714	0.1565	0.5714285714285714
0	0.924	0.7219387755102041	0.327	0.7219387755102041
3	0.55175	0.6224489795918368	0.4815	0.15136054421768708
0	0.55375	0.2857142857142857	0.1565	0.14030612244897958
0	0.462	0.36096938775510207	0.327	0.2780612244897959
3	0.55175	0.6224489795918368	0.4815	0.15136054421768708
0	0.55375	0.2857142857142857	0.1565	0.14030612244897958
