3	1.1349826388888888	1.2902777777777779	0.4483506944444444	1.2902777777777779
13	0.63671875	0.6909722222222222	0.17578125	0.6909722222222222
13	1.2760416666666667	0.6277777777777778	0.09809027777777778	0.6277777777777778
13	0.73046875	0.8409722222222222	0.05772569444444445	0.8409722222222222
3	1.1349826388888888	1.2902777777777779	0.4483506944444444	1.2902777777777779
13	0.63671875	0.6909722222222222	0.17578125	0.6909722222222222
13	1.2760416666666667	0.6277777777777778	0.09809027777777778	0.6277777777777778
13	0.73046875	0.8409722222222222	0.05772569444444445	0.8409722222222222
3	0.5674913194444444	0.6451388888888889	0.4483506944444444	0.10694444444444444
13	0.318359375	0.3454861111111111	0.17578125	0.24791666666666667
13	0.6380208333333334	0.3138888888888889	0.09809027777777778	0.08888888888888889
13	0.365234375	0.4204861111111111	0.05772569444444445	0.09097222222222222
3	0.5674913194444444	0.6451388888888889	0.4483506944444444	0.10694444444444444
9	0.5073784722222222	0.49947916666666664	0.1484375	0.41631944444444446
13	0.318359375	0.3454861111111111	0.17578125	0.24791666666666667
0	0.5590277777777778	0.36822916666666666	0.1032986111111111	0.10798611111111112
