5	0.5438368055555556	1.0659722222222223	0.2973090277777778	1.0659722222222223
5	1.5004340277777777	1.1211805555555556	0.1697048611111111	1.1211805555555556
0	1.16796875	0.7399305555555555	0.13411458333333334	0.7399305555555555
3	1.1623263888888888	1.207638888888889	0.4071180555555556	1.207638888888889
5	0.5438368055555556	1.0659722222222223	0.2973090277777778	1.0659722222222223
5	1.5004340277777777	1.1211805555555556	0.1697048611111111	1.1211805555555556
0	1.16796875	0.7399305555555555	0.13411458333333334	0.7399305555555555
3	1.1623263888888888	1.207638888888889	0.4071180555555556	1.207638888888889
5	0.2719184027777778	0.5329861111111112	0.2973090277777778	0.24722222222222223
5	0.7502170138888888	0.5605902777777778	0.1697048611111111	0.17743055555555556
0	0.583984375	0.36996527777777777	0.13411458333333334	0.1232638888888889
3	0.5811631944444444	0.6038194444444445	0.4071180555555556	0.08263888888888889
5	0.2719184027777778	0.5329861111111112	0.2973090277777778	0.24722222222222223
0	0.583984375	0.36996527777777777	0.13411458333333334	0.1232638888888889
3	0.5811631944444444	0.6038194444444445	0.4071180555555556	0.08263888888888889
