3	1.2301899148657498	1.2720419534578826	0.3991486574983628	1.2720419534578826
11	0.7403405370006548	0.39560799737790886	0.10969220694171579	0.39560799737790886
11	1.3018991486574985	0.40412979351032446	0.10609037328094302	0.40412979351032446
0	1.1617550753110675	0.7023926581448705	0.11525867714472822	0.7023926581448705
3	1.2301899148657498	1.2720419534578826	0.3991486574983628	1.2720419534578826
11	0.7403405370006548	0.39560799737790886	0.10969220694171579	0.39560799737790886
11	1.3018991486574985	0.40412979351032446	0.10609037328094302	0.40412979351032446
0	1.1617550753110675	0.7023926581448705	0.11525867714472822	0.7023926581448705
3	0.6150949574328749	0.6360209767289413	0.3991486574983628	0.13864306784660768
11	0.3701702685003274	0.19780399868895443	0.10969220694171579	0.02917076368403802
11	0.6509495743287492	0.20206489675516223	0.10609037328094302	0.024582104228121928
0	0.5808775376555337	0.35119632907243525	0.11525867714472822	0.1504424778761062
3	0.6150949574328749	0.6360209767289413	0.3991486574983628	0.13864306784660768
11	0.3701702685003274	0.19780399868895443	0.10969220694171579	0.02917076368403802
0	0.5808775376555337	0.35119632907243525	0.11525867714472822	0.1504424778761062
