7	1.099	0.33366666666666667	0.045	0.33366666666666667
7	0.8773333333333333	0.4073333333333333	0.056666666666666664	0.4073333333333333
0	1.071	0.6633333333333333	0.265	0.6633333333333333
0	1.188	0.885	0.118	0.885
7	1.099	0.33366666666666667	0.045	0.33366666666666667
7	0.8773333333333333	0.4073333333333333	0.056666666666666664	0.4073333333333333
0	1.071	0.6633333333333333	0.265	0.6633333333333333
0	1.188	0.885	0.118	0.885
7	0.5495	0.16683333333333333	0.045	0.10166666666666667
7	0.43866666666666665	0.20366666666666666	0.056666666666666664	0.19866666666666666
0	0.5355	0.33166666666666667	0.265	0.19266666666666668
0	0.594	0.4425	0.118	0.4156666666666667
7	0.5495	0.16683333333333333	0.045	0.10166666666666667
0	0.5355	0.33166666666666667	0.265	0.19266666666666668
