13	1.4072265625	0.60546875	0.0537109375	0.60546875
13	1.4886067708333333	0.5966796875	0.08430989583333333	0.5966796875
8	1.4072265625	0.60546875	0.0537109375	0.60546875
13	1.4072265625	0.60546875	0.0537109375	0.60546875
13	1.4886067708333333	0.5966796875	0.08430989583333333	0.5966796875
8	1.4072265625	0.60546875	0.0537109375	0.60546875
13	0.70361328125	0.302734375	0.0537109375	0.039713541666666664
13	0.7443033854166666	0.29833984375	0.08430989583333333	0.036783854166666664
8	0.70361328125	0.302734375	0.0537109375	0.039713541666666664
13	0.70361328125	0.302734375	0.0537109375	0.039713541666666664
8	0.70361328125	0.302734375	0.0537109375	0.039713541666666664
