11	0.204858831	0.644953052	0.09455023	0.078638498
11	0.86687459	0.769953052	0.035128037	0.060446009
11	0.193204202	0.659771127	0.03315824	0.079518779
9	0.256565988	0.384096244	0.312869337	0.198943662
9	0.674655286	0.083920188	0.132632961	0.137323944
9	0.074195666	0.619424883	0.143795141	0.728873239
9	0.293007223	0.147153756	0.142810243	0.149941315
9	0.106204859	0.924442488	0.056795798	0.137030516
7	0.419566645	0.442928404	0.097833224	0.145833333
7	0.357846356	0.346537559	0.296126067	0.375
7	0.271175312	0.514231221	0.149047932	0.131748826
10	0.204858831	0.644953052	0.09455023	0.078638498
10	0.193204202	0.659771127	0.03315824	0.079518779
10	0.860472751	0.760710094	0.047275115	0.084213615
