13	0.662044374	0.203250478	0.09429477	0.112810707
13	0.314580032	0.168833652	0.019017433	0.07456979
13	0.735736926	0.195793499	0.020602219	0.020650096
13	0.752179081	0.23957935	0.04318542	0.030975143
13	0.773771791	0.321032505	0.037242472	0.036328872
13	0.316759113	0.200382409	0.040015848	0.136137667
11	0.591917591	0.136711281	0.118066561	0.030975143
11	0.675713154	0.163097514	0.206418384	0.103632887
0	0.549722662	0.308413002	0.108954041	0.128107075
8	0.735736926	0.195793499	0.020602219	0.020650096
8	0.773771791	0.321032505	0.037242472	0.036328872
8	0.752179081	0.23957935	0.04318542	0.030975143
2	0.754952456	0.249521989	0.031299525	0.043977055
2	0.761885895	0.26290631	0.072107765	0.159464627
2	0.769809826	0.317782027	0.04437401	0.039770554
