5	0.371345029	0.289197299	0.217062264	0.333083271
5	0.76745786	0.217741935	0.209838321	0.284696174
13	0.356553148	0.285071268	0.175094599	0.203300825
13	0.764017888	0.2048012	0.180254558	0.255813953
7	0.777261782	0.251312828	0.229446164	0.255813953
7	0.354317165	0.363465866	0.221534228	0.333833458
6	0.354317165	0.363465866	0.221534228	0.333833458
6	0.777261782	0.251312828	0.229446164	0.255813953
11	0.744066047	0.077269317	0.221534228	0.081770443
11	0.363433093	0.161102776	0.196422429	0.157914479
