11	0.845886752	0.5953125	0.090277778	0.170089286
11	0.679754274	0.222321429	0.199252137	0.1
11	0.831997863	0.439955357	0.065705128	0.278125
11	0.744925214	0.367410714	0.248397436	0.380357143
10	0.793536325	0.683705357	0.156517094	0.191517857
4	0.669604701	0.284821429	0.135149573	0.120535714
9	0.525641026	0.475223214	0.227564103	0.580803571
8	0.793269231	0.483035714	0.041666667	0.055357143
8	0.754540598	0.496651786	0.038995726	0.042410714
7	0.831997863	0.439955357	0.065705128	0.278125
7	0.673344017	0.271428571	0.176816239	0.15625
7	0.731303419	0.450446429	0.242521368	0.333035714
7	0.753739316	0.589955357	0.18482906	0.101339286
