7	0.774422269	0.294466403	0.176995798	0.309288538
7	0.318014706	0.195652174	0.148634454	0.200592885
7	0.614758403	0.194416996	0.136029412	0.204051383
13	0.324317227	0.183794466	0.171743697	0.205533597
13	0.750262605	0.337203557	0.223214286	0.386857708
10	0.84427521	0.699604743	0.039390756	0.068181818
10	0.165178571	0.764081028	0.076155462	0.070652174
11	0.839548319	0.713932806	0.065651261	0.083992095
11	0.165441176	0.789031621	0.077731092	0.087944664
11	0.614758403	0.194416996	0.136029412	0.204051383
6	0.337447479	0.195405138	0.180147059	0.183300395
6	0.750262605	0.337203557	0.223214286	0.386857708
