8	0.287441498	0.448322933	0.042121685	0.038611544
8	0.296021841	0.536076443	0.028861154	0.015210608
8	0.306357254	0.363104524	0.025351014	0.022620905
8	0.82800312	0.513650546	0.041341654	0.041341654
8	0.336973479	0.619539782	0.024960998	0.030031201
8	0.782956318	0.56025741	0.038611544	0.040951638
8	0.217628705	0.531396256	0.029641186	0.033931357
8	0.215093604	0.704368175	0.025351014	0.023400936
8	0.890210608	0.742589704	0.019890796	0.024180967
8	0.302067083	0.208268331	0.027691108	0.028861154
8	0.823517941	0.605694228	0.028471139	0.022620905
3	0.597698908	0.670436817	0.460608424	0.168486739
0	0.641965679	0.278666147	0.120904836	0.116614665
