2	0.221137153	0.400520833	0.051649306	0.036458333
2	0.189453125	0.471527778	0.063802083	0.056944444
7	0.194878472	0.4734375	0.0703125	0.062847222
7	0.082465278	0.439930556	0.053819444	0.047222222
7	0.196397569	0.369097222	0.254774306	0.248611111
7	0.258680556	0.4125	0.118055556	0.053472222
3	0.480034722	0.613368056	0.394965278	0.112152778
0	0.466796875	0.377256944	0.109809028	0.107291667
13	0.221137153	0.400520833	0.051649306	0.036458333
13	0.149088542	0.460763889	0.100260417	0.029166667
13	0.147569444	0.466666667	0.153645833	0.069444444
11	0.040581597	0.701388889	0.055989583	0.061111111
11	0.218315972	0.234375	0.0546875	0.020833333
