6	0.342610677	0.263997396	0.135091146	0.135416667
6	0.736653646	0.329264323	0.1171875	0.066731771
6	0.269042969	0.556640625	0.084309896	0.041666667
6	0.712076823	0.322102865	0.178059896	0.230143229
6	0.287434896	0.568033854	0.125651042	0.110026042
13	0.712076823	0.322102865	0.178059896	0.230143229
13	0.37874349	0.252766927	0.208658854	0.146809896
7	0.287434896	0.568033854	0.125651042	0.110026042
7	0.36702474	0.251302083	0.155924479	0.125651042
7	0.653320313	0.203776042	0.057942708	0.037109375
7	0.267578125	0.551920573	0.073567708	0.043945313
7	0.743652344	0.359863281	0.103190104	0.165039063
