8	0.245736434	0.531671159	0.027906977	0.021563342
8	0.770348837	0.5	0.024418605	0.01819407
8	0.27751938	0.684467655	0.025581395	0.022574124
8	0.349224806	0.691543127	0.025581395	0.02190027
8	0.219573643	0.483827493	0.031395349	0.022237197
8	0.170542636	0.744272237	0.031007752	0.03032345
8	0.281782946	0.508591644	0.348837209	0.611522911
8	0.15251938	0.675033693	0.01744186	0.016509434
8	0.35251938	0.665431267	0.031395349	0.023584906
8	0.745155039	0.368429919	0.024418605	0.019878706
8	0.795348837	0.658692722	0.033333333	0.026280323
8	0.770736434	0.42351752	0.180232558	0.190700809
8	0.350775194	0.5625	0.089147287	0.083221024
8	0.850193798	0.740734501	0.020542636	0.014487871
8	0.351162791	0.340296496	0.020155039	0.017520216
8	0.706007752	0.372136119	0.020542636	0.017857143
8	0.726744186	0.36893531	0.06124031	0.035040431
8	0.817248062	0.709568733	0.106589147	0.117924528
11	0.600775194	0.198450135	0.099224806	0.019541779
11	0.119573643	0.826819407	0.042248062	0.055929919
7	0.784689922	0.423685984	0.058527132	0.047506739
7	0.770736434	0.42351752	0.180232558	0.190700809
5	0.710271318	0.647068733	0.146899225	0.199797844
5	0.251744186	0.651785714	0.124418605	0.150606469
