6	0.745866142	0.487304688	0.178346457	0.137369792
6	0.302362205	0.432617188	0.24488189	0.305989583
0	0.548622047	0.250325521	0.09488189	0.102213542
7	0.745866142	0.487304688	0.178346457	0.137369792
7	0.310433071	0.436360677	0.238188976	0.258138021
11	0.198425197	0.585286458	0.044094488	0.052734375
11	0.830314961	0.561197917	0.081102362	0.08203125
11	0.197440945	0.567545573	0.124015748	0.058268229
3	0.562007874	0.495279948	0.452362205	0.103190104
10	0.196259843	0.580078125	0.069685039	0.061848958
10	0.830314961	0.561197917	0.081102362	0.08203125
