9	0.774112654	0.499840153	0.231095679	0.489450128
9	0.28125	0.741048593	0.30632716	0.194373402
9	0.326003086	0.292998721	0.137345679	0.158248082
9	0.203703704	0.301310742	0.046296296	0.034207161
9	0.528742284	0.494725064	0.166280864	0.456841432
5	0.326003086	0.292998721	0.137345679	0.158248082
5	0.750578704	0.487691816	0.356095679	0.594309463
5	0.257716049	0.376598465	0.324074074	0.403452685
13	0.296489198	0.511189258	0.204861111	0.259590793
13	0.202932099	0.302269821	0.050925926	0.032928389
13	0.29070216	0.578484655	0.09066358	0.125
