11	0.156857977	0.825424383	0.066634241	0.050540123
11	0.22811284	0.147762346	0.101167315	0.052469136
11	0.792315175	0.738425926	0.049610895	0.054012346
11	0.621108949	0.141782407	0.107976654	0.045138889
9	0.440661479	0.646026235	0.189688716	0.363040123
9	0.383511673	0.465856481	0.125972763	0.431712963
10	0.156857977	0.825424383	0.066634241	0.050540123
10	0.792315175	0.738425926	0.049610895	0.054012346
0	0.494406615	0.292438272	0.101653696	0.079475309
3	0.51848249	0.683834877	0.395914397	0.163194444
