8	0.769856771	0.583984375	0.012369792	0.009765625
8	0.711263021	0.429036458	0.013671875	0.016927083
8	0.617675781	0.206217448	0.009440104	0.017252604
8	0.735188802	0.529622396	0.021809896	0.018229167
8	0.665690104	0.375976563	0.009765625	0.0078125
8	0.736653646	0.552734375	0.020182292	0.024739583
8	0.618489583	0.544270833	0.010416667	0.024088542
8	0.361490885	0.555826823	0.019205729	0.013997396
8	0.672851563	0.578776042	0.013671875	0.016276042
8	0.29296875	0.476236979	0.018880208	0.022786458
8	0.449707031	0.499186198	0.012044271	0.010091146
8	0.658040365	0.42171224	0.019856771	0.015950521
8	0.431640625	0.140950521	0.00390625	0.005859375
8	0.648111979	0.156738281	0.012369792	0.016601563
8	0.471354167	0.491210938	0.013671875	0.014322917
8	0.620605469	0.249186198	0.017903646	0.015950521
2	0.731282552	0.565917969	0.028971354	0.015299479
2	0.560709635	0.273763021	0.051106771	0.073567708
2	0.786621094	0.506510417	0.021809896	0.0546875
0	0.576171875	0.270019531	0.083333333	0.068033854
13	0.744303385	0.35172526	0.014648438	0.037434896
13	0.44514974	0.282389323	0.019856771	0.095377604
13	0.782063802	0.505208333	0.017903646	0.042317708
11	0.427083333	0.123860677	0.052083333	0.013997396
11	0.599772135	0.128417969	0.030924479	0.027018229
