13	0.269835956	0.517676768	0.024774021	0.054112554
13	0.71827921	0.379148629	0.185805156	0.365800866
13	0.354703716	0.237554113	0.11282223	0.15981241
13	0.280214262	0.230339105	0.020087044	0.022727273
13	0.257448945	0.292748918	0.030130566	0.02994228
8	0.280214262	0.230339105	0.020087044	0.022727273
8	0.257448945	0.292748918	0.030130566	0.02994228
11	0.15651155	0.787878788	0.067961165	0.070707071
11	0.883495146	0.855519481	0.029460998	0.046536797
11	0.317040509	0.158369408	0.145296284	0.063492063
10	0.15651155	0.787878788	0.067961165	0.070707071
7	0.689320388	0.306277056	0.068295949	0.18037518
7	0.754101105	0.486832612	0.061265484	0.082611833
