13	0.305989583	0.293294271	0.080078125	0.0390625
13	0.316731771	0.43359375	0.173828125	0.119140625
13	0.328450521	0.344889323	0.121744792	0.066731771
11	0.56640625	0.096842448	0.073567708	0.028320313
11	0.372721354	0.096516927	0.1171875	0.027669271
0	0.547688802	0.270670573	0.108398438	0.127278646
6	0.316731771	0.43359375	0.173828125	0.119140625
6	0.283365885	0.449707031	0.141601563	0.323893229
6	0.701171875	0.361490885	0.204427083	0.452799479
5	0.661132813	0.35139974	0.246744792	0.439778646
5	0.331380208	0.343098958	0.223307292	0.428385417
7	0.283365885	0.449707031	0.141601563	0.323893229
7	0.701171875	0.361490885	0.204427083	0.452799479
