13	0.345331325	0.350792254	0.213554217	0.257922535
13	0.661144578	0.375440141	0.086746988	0.304284038
13	0.652560241	0.740463615	0.034036145	0.077758216
10	0.776656627	0.876907277	0.049698795	0.047241784
10	0.17123494	0.815434272	0.045481928	0.044600939
2	0.32439759	0.366197183	0.171084337	0.285211268
11	0.776656627	0.876907277	0.049698795	0.047241784
11	0.781325301	0.891725352	0.01686747	0.025234742
11	0.17123494	0.815434272	0.045481928	0.044600939
11	0.178162651	0.841842723	0.068373494	0.080985915
