12	0.175998264	0.623958333	0.157552083	0.075694444
9	0.329861111	0.063194444	0.125868056	0.108333333
9	0.979817708	0.638888889	0.040364583	0.081944444
9	0.115017361	0.276388889	0.190104167	0.320138889
9	0.719835069	0.076909722	0.157552083	0.108680556
9	0.106119792	0.562847222	0.132378472	0.859027778
9	0.230034722	0.293923611	0.418402778	0.557291667
9	0.066623264	0.776736111	0.08984375	0.409027778
9	0.564670139	0.058680556	0.623263889	0.104166667
9	0.049913194	0.061458333	0.094618056	0.038194444
13	0.258463542	0.457291667	0.073350694	0.021527778
13	0.211154514	0.610243056	0.107204861	0.071875
13	0.305338542	0.503298611	0.084635417	0.012152778
10	0.162760417	0.671180556	0.138888889	0.084722222
10	0.107638889	0.662326389	0.039930556	0.055208333
11	0.350477431	0.146354167	0.181857639	0.027430556
11	0.107638889	0.662326389	0.039930556	0.055208333
