13	0.361679225	0.262019231	0.199497668	0.240384615
13	0.275385719	0.663976648	0.237172587	0.295673077
13	0.708826695	0.268372253	0.193397919	0.17342033
10	0.16146394	0.858688187	0.076785074	0.115728022
10	0.797273053	0.79481456	0.112665949	0.194711538
10	0.21600287	0.868131868	0.196627198	0.061126374
0	0.594725511	0.400583791	0.116612845	0.155563187
11	0.16146394	0.858688187	0.076785074	0.115728022
11	0.362038034	0.803056319	0.043774668	0.044986264
11	0.351453175	0.147664835	0.153211338	0.07760989
7	0.724793685	0.713255495	0.203085755	0.347527473
7	0.229817008	0.655906593	0.093649085	0.110576923
7	0.72909939	0.611607143	0.108360244	0.133241758
