8	0.788737088	0.524460895	0.030656448	0.029288703
8	0.194435188	0.564370776	0.037654115	0.036369488
10	0.27574142	0.664467332	0.274908364	0.162536209
10	0.285738087	0.454940457	0.350883039	0.61248793
7	0.195434855	0.444962987	0.130956348	0.338268426
7	0.319226924	0.206952044	0.209930023	0.211779852
7	0.277074309	0.637431606	0.189603466	0.107177341
7	0.285738087	0.454940457	0.350883039	0.61248793
7	0.673108964	0.240102993	0.191936021	0.240746701
1	0.701099633	0.182008368	0.165944685	0.158673962
1	0.303732089	0.185548761	0.179606798	0.191503058
1	0.285738087	0.454940457	0.350883039	0.61248793
2	0.644118627	0.207756678	0.135288237	0.102027679
2	0.783572143	0.523173479	0.034321893	0.04151915
2	0.217427524	0.477792082	0.089636788	0.19085935
13	0.673108964	0.240102993	0.191936021	0.240746701
13	0.277074309	0.637431606	0.189603466	0.107177341
13	0.644118627	0.207756678	0.135288237	0.102027679
13	0.236587804	0.403926617	0.127957348	0.145477953
