0	0.5334201388888888	0.2934027777777778	0.15104166666666666	0.17847222222222223
13	0.7782118055555556	0.2717013888888889	0.12586805555555555	0.08090277777777778
4	0.2183159722222222	0.3157986111111111	0.23177083333333334	0.13923611111111112
12	0.2339409722222222	0.3527777777777778	0.4105902777777778	0.63125
7	0.2183159722222222	0.3157986111111111	0.23177083333333334	0.13923611111111112
11	0.043619791666666664	0.6833333333333333	0.06901041666666667	0.12152777777777778
10	0.043619791666666664	0.6833333333333333	0.06901041666666667	0.12152777777777778
9	0.18294270833333334	0.4126736111111111	0.2530381944444444	0.2934027777777778
8	0.20703125	0.40677083333333336	0.3324652777777778	0.3038194444444444
6	0.2358940972222222	0.2703125	0.2243923611111111	0.0954861111111111
