13	0.233242754	0.295200893	0.087862319	0.127604167
13	0.693161232	0.306733631	0.084692029	0.103794643
13	0.708559783	0.245349702	0.226902174	0.123139881
10	0.723052536	0.654575893	0.379076087	0.35453869
10	0.765625	0.639880952	0.268568841	0.144345238
10	0.112318841	0.871465774	0.041666667	0.037574405
7	0.708559783	0.245349702	0.226902174	0.123139881
7	0.726675725	0.609561012	0.264039855	0.161830357
0	0.591259058	0.335379464	0.117300725	0.106026786
11	0.708559783	0.245349702	0.226902174	0.123139881
11	0.112318841	0.871465774	0.041666667	0.037574405
6	0.233242754	0.295200893	0.087862319	0.127604167
6	0.734601449	0.44140625	0.295289855	0.412574405
6	0.323596014	0.282738095	0.244112319	0.166666667
