7	0.830946181	0.572569444	0.135850694	0.090277778
7	0.292534722	0.552951389	0.122395833	0.028819444
13	0.841145833	0.5609375	0.108506944	0.035069444
13	0.292534722	0.552951389	0.122395833	0.028819444
0	0.559895833	0.3734375	0.145833333	0.086458333
4	0.255208333	0.557291667	0.164930556	0.047222222
4	0.830946181	0.572569444	0.135850694	0.090277778
11	0.169053819	0.579340278	0.103732639	0.098958333
11	0.900824653	0.594444444	0.045572917	0.086111111
3	0.562282986	0.564409722	0.444010417	0.098958333
10	0.160590278	0.582291667	0.065104167	0.089583333
10	0.900824653	0.594444444	0.045572917	0.086111111
10	0.239800347	0.569270833	0.195746528	0.110763889
