13	0.592802264	0.283998702	0.016983421	0.016228497
13	0.655681359	0.333495618	0.038414881	0.106783512
13	0.62980186	0.271665044	0.023048928	0.019474197
13	0.406591185	0.29633236	0.007682976	0.011035378
13	0.349979782	0.270691334	0.023857663	0.021421616
3	0.601293975	0.691983122	0.463404772	0.11814346
11	0.623331985	0.242291464	0.125758188	0.045764362
11	0.379700768	0.246186303	0.065507481	0.030185005
0	0.587545491	0.401817592	0.119692681	0.130477118
8	0.588960776	0.283674132	0.016579054	0.017526777
8	0.627780024	0.270529049	0.025475131	0.017851347
