13	0.685980903	0.318229167	0.236545139	0.180902778
13	0.278645833	0.382986111	0.272569444	0.263194444
11	0.278428819	0.259548611	0.12890625	0.055902778
11	0.775173611	0.312847222	0.057291667	0.061805556
11	0.118489583	0.826909722	0.045138889	0.104513889
11	0.810980903	0.897048611	0.036024306	0.055902778
11	0.110894097	0.855208333	0.031684028	0.044444444
9	0.229383681	0.799305556	0.23046875	0.111111111
9	0.344618056	0.480729167	0.129340278	0.099652778
5	0.686631944	0.511805556	0.277777778	0.529861111
5	0.281684028	0.473263889	0.288194444	0.460416667
