7	0.807913079	0.331426056	0.076670767	0.078931925
7	0.854858549	0.527142019	0.117261173	0.10064554
7	0.4200492	0.322329812	0.068470685	0.097124413
7	0.690446904	0.331132629	0.135301353	0.103579812
10	0.944854449	0.562206573	0.046330463	0.089201878
11	0.933374334	0.570129108	0.05699057	0.036384977
11	0.849938499	0.527142019	0.053300533	0.033744131
4	0.694136941	0.329812207	0.12300123	0.102112676
4	0.854858549	0.527142019	0.117261173	0.10064554
8	0.690446904	0.331132629	0.135301353	0.103579812
8	0.815498155	0.336120892	0.096760968	0.067194836
8	0.4200492	0.322329812	0.068470685	0.097124413
