13	0.311220472	0.575032552	0.238188976	0.107096354
13	0.782874016	0.582845052	0.093307087	0.129882813
0	0.590551181	0.296223958	0.121259843	0.100911458
9	0.782874016	0.582845052	0.093307087	0.129882813
9	0.311220472	0.575032552	0.238188976	0.107096354
7	0.784055118	0.592936198	0.105905512	0.139648438
7	0.292913386	0.571614583	0.203149606	0.10546875
6	0.803346457	0.597330729	0.101181102	0.128255208
6	0.323228346	0.537760417	0.257480315	0.173828125
5	0.782874016	0.582845052	0.093307087	0.129882813
5	0.323228346	0.537760417	0.257480315	0.173828125
