13	0.34015748	0.130208333	0.121259843	0.026041667
13	0.727362205	0.283691406	0.120866142	0.162434896
13	0.217519685	0.328125	0.101968504	0.142578125
11	0.666338583	0.120117188	0.12007874	0.027994792
11	0.34015748	0.130208333	0.121259843	0.026041667
11	0.112401575	0.72639974	0.03503937	0.051106771
11	0.293503937	0.159342448	0.19015748	0.086263021
11	0.207480315	0.19124349	0.040944882	0.035481771
7	0.727362205	0.283691406	0.120866142	0.162434896
7	0.223031496	0.33610026	0.115354331	0.149414063
5	0.227362205	0.424967448	0.131102362	0.259440104
5	0.735629921	0.329427083	0.124015748	0.192057292
0	0.542913386	0.32405599	0.111811024	0.078450521
