11	0.095697329	0.684567901	0.068991098	0.083333333
11	0.113872404	0.622530864	0.048219585	0.07654321
8	0.202151335	0.364351852	0.022997033	0.024382716
8	0.824183976	0.427469136	0.200296736	0.212962963
8	0.234421365	0.384104938	0.022255193	0.016358025
8	0.887982196	0.482098765	0.037091988	0.030246914
8	0.269844214	0.439814815	0.237017804	0.297530864
8	0.3115727	0.478703704	0.020029674	0.017901235
8	0.399295252	0.402160494	0.023367953	0.020987654
8	0.289688427	0.595987654	0.039317507	0.031481481
8	0.229228487	0.525617284	0.037833828	0.035185185
8	0.209755193	0.620833333	0.035979228	0.025
8	0.263538576	0.573919753	0.03078635	0.028703704
8	0.340504451	0.610493827	0.03041543	0.02345679
8	0.339020772	0.456790123	0.022255193	0.018518519
8	0.807307122	0.48904321	0.035237389	0.029320988
8	0.742952522	0.654475309	0.036350148	0.03117284
8	0.272440653	0.522222222	0.037462908	0.028395062
8	0.665986647	0.635185185	0.053041543	0.033333333
8	0.825853116	0.381481481	0.03004451	0.020987654
8	0.170994065	0.473611111	0.048961424	0.052777778
8	0.194176558	0.554166667	0.033753709	0.032407407
8	0.234235905	0.46095679	0.024851632	0.020679012
10	0.129265579	0.642901235	0.102744807	0.121604938
10	0.095697329	0.684567901	0.068991098	0.083333333
10	0.113872404	0.622530864	0.048219585	0.07654321
7	0.164132047	0.631790123	0.134643917	0.094444444
7	0.819547478	0.472530864	0.181379822	0.261111111
7	0.269844214	0.439814815	0.237017804	0.297530864
5	0.269844214	0.439814815	0.237017804	0.297530864
5	0.819547478	0.472530864	0.181379822	0.261111111
