8	0.212835093	0.210848912	0.01056052	0.009193993
8	0.253452478	0.257278578	0.015434606	0.011952191
8	0.206336312	0.219889672	0.028432169	0.021759117
8	0.293663688	0.26402084	0.025995126	0.021146184
13	0.255889521	0.215139442	0.121039805	0.111553785
13	0.147238018	0.626570641	0.04752234	0.02666258
13	0.214053615	0.509806926	0.046303818	0.038921238
0	0.548334687	0.291602819	0.13322502	0.089181735
11	0.243298132	0.165491879	0.046303818	0.046582899
11	0.203086921	0.165032179	0.117790414	0.094698131
