8	0.742270138	0.460848035	0.26729048	0.462395543
8	0.318144833	0.392602909	0.026037429	0.019498607
8	0.72640358	0.387805633	0.031326282	0.02537914
8	0.733930024	0.315072733	0.031733116	0.02723615
8	0.316110659	0.336737852	0.021969081	0.017332095
8	0.268510985	0.303002167	0.018714402	0.012380068
8	0.249389748	0.381460848	0.031733116	0.025688641
8	0.688161107	0.490095946	0.019121237	0.015784587
8	0.197721725	0.501238007	0.032546786	0.021974621
8	0.347436941	0.424791086	0.02278275	0.018879604
8	0.725386493	0.546580006	0.028478438	0.020427112
8	0.266883645	0.433921387	0.311635476	0.445682451
