8	0.843922652	0.376378676	0.017955801	0.01317402
8	0.175069061	0.642003676	0.016574586	0.01317402
8	0.264675414	0.433363971	0.380179558	0.723958333
8	0.726864641	0.263327206	0.034530387	0.034620098
8	0.267610497	0.225183824	0.022099448	0.022058824
8	0.294716851	0.639705882	0.041781768	0.034926471
8	0.829937845	0.625459559	0.139157459	0.250919118
8	0.192161602	0.530637255	0.049378453	0.038602941
8	0.720131215	0.347579657	0.018991713	0.01685049
8	0.847375691	0.686427696	0.020718232	0.020526961
8	0.407458564	0.207720588	0.020027624	0.022671569
8	0.77054558	0.47411152	0.280732044	0.561580882
8	0.13656768	0.652420343	0.037638122	0.029105392
8	0.780041436	0.292585784	0.199585635	0.234068627
8	0.266574586	0.140318627	0.025552486	0.018995098
8	0.284185083	0.338082108	0.018646409	0.015625
8	0.269509669	0.491115196	0.018991713	0.017769608
8	0.872064917	0.685355392	0.029350829	0.021446078
8	0.23480663	0.547487745	0.162983425	0.236519608
8	0.746029006	0.386795343	0.03211326	0.031556373
8	0.190780387	0.361213235	0.020372928	0.014093137
8	0.899861878	0.654258578	0.026243094	0.023590686
8	0.26519337	0.561121324	0.03660221	0.041973039
8	0.654696133	0.272058824	0.033839779	0.023897059
8	0.838570442	0.355392157	0.018991713	0.014093137
8	0.252762431	0.344209559	0.028314917	0.021752451
8	0.19285221	0.467830882	0.034185083	0.026348039
8	0.758114641	0.696691176	0.028660221	0.025122549
8	0.774689227	0.182598039	0.012085635	0.011029412
8	0.305939227	0.249540441	0.128453039	0.245404412
8	0.346167127	0.250612745	0.034875691	0.03125
9	0.829937845	0.625459559	0.139157459	0.250919118
9	0.305939227	0.249540441	0.128453039	0.245404412
9	0.780041436	0.292585784	0.199585635	0.234068627
9	0.23480663	0.547487745	0.162983425	0.236519608
