9	0.288164089	0.446772558	0.222595831	0.084488003
9	0.087592468	0.561507266	0.151647613	0.484961136
9	0.154169469	0.299594458	0.212844654	0.282189929
9	0.44199731	0.297566746	0.072965703	0.190266982
11	0.383490249	0.164075701	0.194014795	0.075363298
11	0.85793544	0.592260899	0.028581036	0.089557283
11	0.618022865	0.188915174	0.095494284	0.13112538
11	0.845494284	0.610341332	0.070948218	0.11422778
10	0.85793544	0.592260899	0.028581036	0.089557283
10	0.845494284	0.610341332	0.070948218	0.11422778
7	0.810020175	0.600709699	0.0800269	0.059141602
7	0.44199731	0.297566746	0.072965703	0.190266982
0	0.578345662	0.329841163	0.134498991	0.144643461
