13	0.284240785	0.528042328	0.118701387	0.228571429
13	0.758200879	0.322751323	0.018261752	0.031040564
13	0.256679067	0.479012346	0.020967196	0.071957672
13	0.680250254	0.333333333	0.02874535	0.041622575
13	0.305377071	0.605467372	0.08048698	0.090652557
0	0.592492391	0.364902998	0.077781535	0.092063492
2	0.788806223	0.446208113	0.106526885	0.289241623
2	0.211531958	0.786243386	0.072708827	0.065608466
2	0.777646263	0.363315697	0.070679743	0.126984127
2	0.305884342	0.588007055	0.086912411	0.112169312
2	0.208488333	0.52345679	0.049036185	0.117107584
2	0.792526209	0.358201058	0.025363544	0.037742504
11	0.177375719	0.505467372	0.030774434	0.138977072
11	0.811126141	0.54303351	0.046330741	0.10617284
11	0.206459249	0.490299824	0.065268854	0.224338624
11	0.835306053	0.572310406	0.026378086	0.120282187
11	0.777646263	0.363315697	0.070679743	0.126984127
8	0.801657085	0.581305115	0.021305377	0.025396825
8	0.736219141	0.296825397	0.008792695	0.010229277
8	0.286269868	0.830511464	0.026039905	0.026455026
8	0.823469733	0.479717813	0.018261752	0.016931217
8	0.336827866	0.402998236	0.014203585	0.013051146
