7	0.270892857	0.431810068	0.1025	0.104605498
7	0.816071429	0.646376294	0.019285714	0.073188147
7	0.752142857	0.460371296	0.035	0.061049625
7	0.287857143	0.612816851	0.205	0.142449125
11	0.294821429	0.72813281	0.246785714	0.056765441
11	0.744642857	0.73812924	0.182857143	0.091038915
11	0.345178571	0.293288111	0.144642857	0.169582292
11	0.287857143	0.612816851	0.205	0.142449125
11	0.703928571	0.581042485	0.256428571	0.253123884
11	0.266964286	0.427525884	0.116071429	0.123170296
11	0.699821429	0.450017851	0.110357143	0.159585862
11	0.815357143	0.623884327	0.036428571	0.115315959
11	0.834285714	0.782399143	0.037857143	0.05605141
2	0.269285714	0.435558729	0.109285714	0.119243127
2	0.815357143	0.623884327	0.036428571	0.115315959
2	0.703928571	0.581042485	0.256428571	0.253123884
2	0.275892857	0.613887897	0.175357143	0.128168511
2	0.756071429	0.742413424	0.191428571	0.09603713
2	0.347678571	0.295073188	0.1425	0.174580507
2	0.283035714	0.726347733	0.2125	0.072474116
2	0.715535714	0.200107105	0.0275	0.068903963
2	0.699821429	0.450017851	0.110357143	0.159585862
0	0.565178571	0.311674402	0.111785714	0.127097465
8	0.651071429	0.210996073	0.05	0.038557658
8	0.712321429	0.206176366	0.025357143	0.061049625
