11	0.378472222	0.195659722	0.153645833	0.022569444
11	0.699869792	0.209027778	0.099392361	0.028472222
8	0.142144097	0.703472222	0.031684028	0.027083333
8	0.450303819	0.326388889	0.05859375	0.052777778
8	0.189670139	0.555381944	0.032118056	0.024652778
9	0.857421875	0.655902778	0.052517361	0.064583333
9	0.790581597	0.469618056	0.071614583	0.042708333
9	0.8359375	0.551909722	0.038194444	0.044791667
9	0.05078125	0.360763889	0.0234375	0.019444444
9	0.166883681	0.460069444	0.044704861	0.046527778
9	0.072482639	0.343402778	0.022569444	0.031944444
9	0.626519097	0.241493056	0.030815972	0.032291667
9	0.1875	0.555381944	0.033854167	0.026736111
9	0.758463542	0.3828125	0.068142361	0.032291667
9	0.068576389	0.26875	0.0390625	0.043055556
9	0.140407986	0.7015625	0.037760417	0.030208333
9	0.834201389	0.413541667	0.037326389	0.027777778
