3	0.575161638	0.713178295	0.473599138	0.15503876
8	0.681303879	0.458091085	0.029633621	0.027616279
8	0.808459052	0.684108527	0.022090517	0.018410853
8	0.783943966	0.546753876	0.150862069	0.255329457
8	0.733028017	0.495397287	0.019935345	0.016957364
8	0.756734914	0.639534884	0.026400862	0.019379845
8	0.282327586	0.499757752	0.113146552	0.165213178
8	0.826239224	0.617732558	0.029633621	0.03003876
8	0.233028017	0.564195736	0.031788793	0.02374031
0	0.578125	0.715843023	0.47737069	0.109011628
0	0.579741379	0.34375	0.118534483	0.096414729
