9	0.271041369	0.479237682	0.307417974	0.198016734
9	0.039407989	0.535791757	0.060984308	0.309265572
10	0.844507846	0.678029129	0.114122682	0.063836381
10	0.817047076	0.707468237	0.177603424	0.028509452
10	0.866084165	0.698016734	0.074536377	0.039355438
12	0.270149786	0.365044933	0.260699001	0.209482491
12	0.138552068	0.717229625	0.152282454	0.228385497
12	0.845756063	0.677099473	0.091654779	0.028509452
12	0.264087019	0.237062287	0.289229672	0.244809421
12	0.238587732	0.465602727	0.375178317	0.696932135
