13	0.783040365	0.440755208	0.211263021	0.278645833
13	0.747070313	0.365885417	0.136067708	0.048177083
7	0.840657552	0.499186198	0.104492188	0.174153646
7	0.750813802	0.368001302	0.114257813	0.093424479
6	0.384440104	0.496744792	0.212239583	0.213541667
6	0.786458333	0.479654948	0.250651042	0.224283854
6	0.750813802	0.368001302	0.114257813	0.093424479
0	0.59000651	0.24202474	0.111653646	0.092122396
11	0.659016927	0.115071615	0.121419271	0.027018229
11	0.808919271	0.320963542	0.064453125	0.112630208
8	0.393391927	0.338378906	0.019856771	0.017252604
8	0.323567708	0.405110677	0.026692708	0.016601563
