10	0.124650838	0.873697917	0.13547486	0.142578125
10	0.790153631	0.907226563	0.083798883	0.120442708
8	0.259427374	0.457519531	0.020251397	0.015950521
8	0.256808659	0.21891276	0.016410615	0.011393229
8	0.257506983	0.253417969	0.010824022	0.012695313
8	0.245635475	0.263997396	0.012918994	0.011067708
8	0.219273743	0.41796875	0.023743017	0.013671875
8	0.253317039	0.402832031	0.017108939	0.014648438
8	0.28125	0.237467448	0.019203911	0.012695313
13	0.258554469	0.244791667	0.046438547	0.054036458
13	0.702688547	0.533854167	0.160265363	0.078125
13	0.23952514	0.429361979	0.057960894	0.075520833
13	0.208449721	0.39078776	0.142458101	0.049804688
11	0.203212291	0.226888021	0.035614525	0.075520833
11	0.124650838	0.873697917	0.13547486	0.142578125
11	0.373952514	0.1328125	0.068435754	0.024088542
11	0.773044693	0.89860026	0.085893855	0.101236979
11	0.619937151	0.13688151	0.083449721	0.020507813
